Time,Commitment,Opinion
0,3,4
5,3,3;3;3;3;3
10,4,3;3;3;3;3
15,3,4;4;4;4;4
20,1,3;3;3;3;3
25,4,1;1;1;1;1
30,4,4;4;4;4;4
35,4,4;4;4;4;4
40,4,4;4;4;4;4
45,4,4;4;4;4;4
50,4,4;4;4;4;4
55,4,4;4;4;4;4
60,4,4;4;4;4;4
65,4,4;4;4;4;4
70,4,4;4;4;4;4
75,4,4;4;4;4;4
80,2,4;4;4;4;4
85,4,2;2;2;2;2
90,4,4;4;4;4;4
95,4,4;4;4;4;4
100,4,4;4;4;4;4
105,4,4;4;4;4;4
110,3,4;4;4;4;4
115,4,3;3;3;3;3
120,4,4;4;4;4;4
125,3,4;4;4;4;4
130,3,3;3;3;3;3
135,4,3;3;3;3;3
140,4,4;4;4;4;4
145,3,4;4;4;4;4
150,4,3;3;3;3;3
155,4,4;4;4;4;4
160,4,4;4;4;4;4
165,4,4;4;4;4;4
170,2,4;4;4;4;4
175,1,2;2;2;2;2
180,3,1;1;1;1;1
185,3,3;3;3;3;3
190,3,3;3;3;3;3
195,4,3;3;3;3;3
200,4,4;4;4;4;4
205,4,4;4;4;4;4
210,3,4;4;4;4;4
215,1,3;3;3;3;3
220,1,1;1;1;1;1
225,2,1;1;1;1;1
230,3,2;2;2;2;2
235,1,3;3;3;3;3
240,1,1;1;1;1;1
245,3,1;1;1;1;1
250,4,3;3;3;3;3
255,2,4;4;4;4;4
260,2,2;2;2;2;2
265,3,2;2;2;2;2
270,3,3;3;3;3;3
275,3,3;3;3;3;3
280,2,3;3;3;3;3
285,3,2;2;2;2;2
290,2,3;3;3;3;3
295,1,2;2;2;2;2
300,1,1;1;1;1;1
305,3,1;1;1;1;1
310,3,3;3;3;3;3
315,2,3;3;3;3;3
320,1,2;2;2;2;2
325,1,1;1;1;1;1
330,3,1;1;1;1;1
335,4,3;3;3;3;3
340,3,4;4;4;4;4
345,2,3;3;3;3;3
350,2,2;2;2;2;2
355,4,2;2;2;2;2
360,1,4;4;4;4;4
365,1,1;1;1;1;1
370,1,1;1;1;1;1
375,4,1;1;1;1;1
380,2,4;4;4;4;4
385,1,2;2;2;2;2
390,1,1;1;1;1;1
395,2,1;1;1;1;1
400,2,2;2;2;2;2
405,1,2;2;2;2;2
410,1,1;1;1;1;1
415,1,1;1;1;1;1
420,1,1;1;1;1;1
425,1,1;1;1;1;1
430,2,1;1;1;1;1
435,2,2;2;2;2;2
440,4,2;2;2;2;2
445,1,4;4;4;4;4
450,4,1;1;1;1;1
455,1,4;4;4;4;4
460,1,1;1;1;1;1
465,1,1;1;1;1;1
470,2,1;1;1;1;1
475,3,2;2;2;2;2
480,2,3;3;3;3;3
485,3,2;2;2;2;2
490,2,3;3;3;3;3
495,3,2;2;2;2;2
500,3,3;3;3;3;3
505,3,3;3;3;3;3
510,3,3;3;3;3;3
515,1,3;3;3;3;3
520,3,1;1;1;1;1
525,2,3;3;3;3;3
530,2,2;2;2;2;2
535,2,2;2;2;2;2
540,3,2;2;2;2;2
545,3,3;3;3;3;3
550,2,3;3;3;3;3
555,2,2;2;2;2;2
560,2,2;2;2;2;2
565,2,2;2;2;2;2
570,1,2;2;2;2;2
575,3,1;1;1;1;1
580,4,3;3;3;3;3
585,3,4;4;4;4;4
590,4,3;3;3;3;3
595,3,4;4;4;4;4
600,3,3;3;3;3;3
605,3,3;3;3;3;3
610,3,3;3;3;3;3
615,3,3;3;3;3;3
620,3,3;3;3;3;3
625,3,3;3;3;3;3
630,3,3;3;3;3;3
635,3,3;3;3;3;3
640,3,3;3;3;3;3
645,3,3;3;3;3;3
650,3,3;3;3;3;3
655,2,3;3;3;3;3
660,3,2;2;2;2;2
665,1,3;3;3;3;3
670,1,1;1;1;1;1
675,1,1;1;1;1;1
680,3,1;1;1;1;1
685,3,3;3;3;3;3
690,3,3;3;3;3;3
695,1,3;3;3;3;3
700,3,1;1;1;1;1
705,3,3;3;3;3;3
710,3,3;3;3;3;3
715,3,3;3;3;3;3
720,1,3;3;3;3;3
725,3,1;1;1;1;1
730,1,3;3;3;3;3
735,2,1;1;1;1;1
740,1,2;2;2;2;2
745,1,1;1;1;1;1
750,1,1;1;1;1;1
755,2,1;1;1;1;1
760,1,2;2;2;2;2
765,2,1;1;1;1;1
770,2,2;2;2;2;2
775,2,2;2;2;2;2
780,1,2;2;2;2;2
785,1,1;1;1;1;1
790,2,1;1;1;1;1
795,1,2;2;2;2;2
800,2,1;1;1;1;1
805,2,2;2;2;2;2
810,3,2;2;2;2;2
815,3,3;3;3;3;3
820,1,3;3;3;3;3
825,1,1;1;1;1;1
830,1,1;1;1;1;1
835,2,1;1;1;1;1
840,2,2;2;2;2;2
845,1,2;2;2;2;2
850,3,1;1;1;1;1
855,4,3;3;3;3;3
860,4,4;4;4;4;4
865,2,4;4;4;4;4
870,3,2;2;2;2;2
875,3,3;3;3;3;3
880,4,3;3;3;3;3
885,2,4;4;4;4;4
890,3,2;2;2;2;2
895,3,3;3;3;3;3
900,3,3;3;3;3;3
905,3,3;3;3;3;3
910,4,3;3;3;3;3
915,2,4;4;4;4;4
920,3,2;2;2;2;2
925,4,3;3;3;3;3
930,2,4;4;4;4;4
935,4,2;2;2;2;2
940,1,4;4;4;4;4
945,3,1;1;1;1;1
950,3,3;3;3;3;3
955,3,3;3;3;3;3
960,3,3;3;3;3;3
965,3,3;3;3;3;3
970,3,3;3;3;3;3
975,4,3;3;3;3;3
980,4,4;4;4;4;4
985,4,4;4;4;4;4
990,4,4;4;4;4;4
995,3,4;4;4;4;4
1000,3,3;3;3;3;3
1005,3,3;3;3;3;3
1010,4,3;3;3;3;3
1015,4,4;4;4;4;4
1020,4,4;4;4;4;4
1025,3,4;4;4;4;4
1030,3,3;3;3;3;3
1035,3,3;3;3;3;3
1040,4,3;3;3;3;3
1045,2,4;4;4;4;4
1050,4,2;2;2;2;2
1055,2,4;4;4;4;4
1060,3,2;2;2;2;2
1065,4,3;3;3;3;3
1070,4,4;4;4;4;4
1075,4,4;4;4;4;4
1080,4,4;4;4;4;4
1085,3,4;4;4;4;4
1090,4,3;3;3;3;3
1095,4,4;4;4;4;4
1100,3,4;4;4;4;4
1105,4,3;3;3;3;3
1110,4,4;4;4;4;4
1115,4,4;4;4;4;4
1120,4,4;4;4;4;4
1125,4,4;4;4;4;4
1130,2,4;4;4;4;4
1135,4,2;2;2;2;2
1140,4,4;4;4;4;4
1145,3,4;4;4;4;4
1150,2,3;3;3;3;3
1155,4,2;2;2;2;2
1160,4,4;4;4;4;4
1165,2,4;4;4;4;4
1170,4,2;2;2;2;2
1175,3,4;4;4;4;4
1180,4,3;3;3;3;3
1185,3,4;4;4;4;4
1190,3,3;3;3;3;3
1195,4,3;3;3;3;3
1200,3,4;4;4;4;4
1205,3,3;3;3;3;3
1210,4,3;3;3;3;3
1215,4,4;4;4;4;4
1220,3,4;4;4;4;4
1225,3,3;3;3;3;3
1230,4,3;3;3;3;3
1235,2,4;4;4;4;4
1240,2,2;2;2;2;2
1245,2,2;2;2;2;2
1250,1,2;2;2;2;2
1255,4,1;1;1;1;1
1260,3,4;4;4;4;4
1265,1,3;3;3;3;3
1270,1,1;1;1;1;1
1275,3,1;1;1;1;1
1280,1,3;3;3;3;3
1285,1,1;1;1;1;1
1290,4,1;1;1;1;1
1295,4,4;4;4;4;4
1300,4,4;4;4;4;4
1305,4,4;4;4;4;4
1310,4,4;4;4;4;4
1315,3,4;4;4;4;4
1320,4,3;3;3;3;3
1325,3,4;4;4;4;4
1330,4,3;3;3;3;3
1335,3,4;4;4;4;4
1340,2,3;3;3;3;3
1345,3,2;2;2;2;2
1350,3,3;3;3;3;3
1355,2,3;3;3;3;3
1360,1,2;2;2;2;2
1365,1,1;1;1;1;1
1370,3,1;1;1;1;1
1375,2,3;3;3;3;3
1380,4,2;2;2;2;2
1385,2,4;4;4;4;4
1390,3,2;2;2;2;2
1395,2,3;3;3;3;3
1400,2,2;2;2;2;2
1405,3,2;2;2;2;2
1410,2,3;3;3;3;3
1415,4,2;2;2;2;2
1420,2,4;4;4;4;4
1425,2,2;2;2;2;2
1430,3,2;2;2;2;2
1435,2,3;3;3;3;3
1440,2,2;2;2;2;2
1445,1,2;2;2;2;2
1450,3,1;1;1;1;1
1455,2,3;3;3;3;3
1460,3,2;2;2;2;2
1465,3,3;3;3;3;3
1470,1,3;3;3;3;3
1475,1,1;1;1;1;1
1480,4,1;1;1;1;1
1485,1,4;4;4;4;4
1490,3,1;1;1;1;1
1495,4,3;3;3;3;3
1500,1,4;4;4;4;4
1505,4,1;1;1;1;1
1510,3,4;4;4;4;4
1515,2,3;3;3;3;3
1520,4,2;2;2;2;2
1525,3,4;4;4;4;4
1530,3,3;3;3;3;3
1535,4,3;3;3;3;3
1540,2,4;4;4;4;4
1545,2,2;2;2;2;2
1550,4,2;2;2;2;2
1555,4,4;4;4;4;4
1560,4,4;4;4;4;4
1565,1,4;4;4;4;4
1570,2,1;1;1;1;1
1575,2,2;2;2;2;2
1580,3,2;2;2;2;2
1585,1,3;3;3;3;3
1590,4,1;1;1;1;1
1595,3,4;4;4;4;4
1600,4,3;3;3;3;3
1605,3,4;4;4;4;4
1610,3,3;3;3;3;3
1615,3,3;3;3;3;3
1620,3,3;3;3;3;3
1625,3,3;3;3;3;3
1630,3,3;3;3;3;3
1635,3,3;3;3;3;3
1640,4,3;3;3;3;3
1645,2,4;4;4;4;4
1650,2,2;2;2;2;2
1655,4,2;2;2;2;2
1660,3,4;4;4;4;4
1665,3,3;3;3;3;3
1670,2,3;3;3;3;3
1675,4,2;2;2;2;2
1680,4,4;4;4;4;4
1685,4,4;4;4;4;4
1690,4,4;4;4;4;4
1695,4,4;4;4;4;4
1700,3,4;4;4;4;4
1705,4,3;3;3;3;3
1710,3,4;4;4;4;4
1715,4,3;3;3;3;3
1720,4,4;4;4;4;4
1725,4,4;4;4;4;4
1730,4,4;4;4;4;4
1735,4,4;4;4;4;4
1740,3,4;4;4;4;4
1745,3,3;3;3;3;3
1750,4,3;3;3;3;3
1755,3,4;4;4;4;4
1760,3,3;3;3;3;3
1765,3,3;3;3;3;3
1770,4,3;3;3;3;3
1775,3,4;4;4;4;4
1780,2,3;3;3;3;3
1785,3,2;2;2;2;2
1790,2,3;3;3;3;3
1795,2,2;2;2;2;2
1800,3,2;2;2;2;2
1805,3,3;3;3;3;3
1810,2,3;3;3;3;3
1815,3,2;2;2;2;2
1820,2,3;3;3;3;3
1825,2,2;2;2;2;2
1830,3,2;2;2;2;2
1835,4,3;3;3;3;3
1840,3,4;4;4;4;4
1845,3,3;3;3;3;3
1850,3,3;3;3;3;3
1855,3,3;3;3;3;3
1860,4,3;3;3;3;3
1865,3,4;4;4;4;4
1870,2,3;3;3;3;3
1875,3,2;2;2;2;2
1880,2,3;3;3;3;3
1885,2,2;2;2;2;2
1890,2,2;2;2;2;2
1895,2,2;2;2;2;2
1900,2,2;2;2;2;2
1905,2,2;2;2;2;2
1910,1,2;2;2;2;2
1915,2,1;1;1;1;1
1920,3,2;2;2;2;2
1925,1,3;3;3;3;3
1930,2,1;1;1;1;1
1935,2,2;2;2;2;2
1940,1,2;2;2;2;2
1945,1,1;1;1;1;1
1950,3,1;1;1;1;1
1955,1,3;3;3;3;3
1960,1,1;1;1;1;1
1965,1,1;1;1;1;1
1970,1,1;1;1;1;1
1975,1,1;1;1;1;1
1980,1,1;1;1;1;1
1985,2,1;1;1;1;1
1990,1,2;2;2;2;2
1995,1,1;1;1;1;1
2000,2,1;1;1;1;1
2005,1,2;2;2;2;2
2010,1,1;1;1;1;1
2015,1,1;1;1;1;1
2020,2,1;1;1;1;1
2025,1,2;2;2;2;2
2030,1,1;1;1;1;1
2035,1,1;1;1;1;1
2040,2,1;1;1;1;1
2045,1,2;2;2;2;2
2050,1,1;1;1;1;1
2055,2,1;1;1;1;1
2060,1,2;2;2;2;2
2065,1,1;1;1;1;1
2070,2,1;1;1;1;1
2075,1,2;2;2;2;2
2080,1,1;1;1;1;1
2085,2,1;1;1;1;1
2090,2,2;2;2;2;2
2095,3,2;2;2;2;2
2100,2,3;3;3;3;3
2105,3,2;2;2;2;2
2110,3,3;3;3;3;3
2115,3,3;3;3;3;3
2120,2,3;3;3;3;3
2125,3,2;2;2;2;2
2130,4,3;3;3;3;3
2135,3,4;4;4;4;4
2140,3,3;3;3;3;3
2145,2,3;3;3;3;3
2150,3,2;2;2;2;2
2155,3,3;3;3;3;3
2160,3,3;3;3;3;3
2165,3,3;3;3;3;3
2170,3,3;3;3;3;3
2175,3,3;3;3;3;3
2180,3,3;3;3;3;3
2185,3,3;3;3;3;3
2190,3,3;3;3;3;3
2195,1,3;3;3;3;3
2200,3,1;1;1;1;1
2205,2,3;3;3;3;3
2210,1,2;2;2;2;2
2215,2,1;1;1;1;1
2220,1,2;2;2;2;2
2225,1,1;1;1;1;1
2230,1,1;1;1;1;1
2235,1,1;1;1;1;1
2240,1,1;1;1;1;1
2245,1,1;1;1;1;1
2250,1,1;1;1;1;1
2255,1,1;1;1;1;1
2260,2,1;1;1;1;1
2265,1,2;2;2;2;2
2270,1,1;1;1;1;1
2275,2,1;1;1;1;1
2280,2,2;2;2;2;2
2285,2,2;2;2;2;2
2290,1,2;2;2;2;2
2295,1,1;1;1;1;1
2300,1,1;1;1;1;1
2305,1,1;1;1;1;1
2310,1,1;1;1;1;1
2315,1,1;1;1;1;1
2320,2,1;1;1;1;1
2325,2,2;2;2;2;2
2330,1,2;2;2;2;2
2335,1,1;1;1;1;1
2340,1,1;1;1;1;1
2345,2,1;1;1;1;1
2350,1,2;2;2;2;2
2355,1,1;1;1;1;1
2360,1,1;1;1;1;1
2365,1,1;1;1;1;1
2370,1,1;1;1;1;1
2375,1,1;1;1;1;1
2380,1,1;1;1;1;1
2385,2,1;1;1;1;1
2390,3,2;2;2;2;2
2395,2,3;3;3;3;3
2400,1,2;2;2;2;2
2405,3,1;1;1;1;1
2410,3,3;3;3;3;3
2415,2,3;3;3;3;3
2420,2,2;2;2;2;2
2425,3,2;2;2;2;2
2430,1,3;3;3;3;3
2435,1,1;1;1;1;1
2440,1,1;1;1;1;1
2445,2,1;1;1;1;1
2450,2,2;2;2;2;2
2455,1,2;2;2;2;2
2460,1,1;1;1;1;1
2465,2,1;1;1;1;1
2470,1,2;2;2;2;2
2475,3,1;1;1;1;1
2480,1,3;3;3;3;3
2485,1,1;1;1;1;1
2490,2,1;1;1;1;1
2495,2,2;2;2;2;2
2500,1,2;2;2;2;2
2505,1,1;1;1;1;1
2510,1,1;1;1;1;1
2515,2,1;1;1;1;1
2520,1,2;2;2;2;2
2525,1,1;1;1;1;1
2530,1,1;1;1;1;1
2535,1,1;1;1;1;1
2540,1,1;1;1;1;1
2545,1,1;1;1;1;1
2550,1,1;1;1;1;1
2555,2,1;1;1;1;1
2560,2,2;2;2;2;2
2565,1,2;2;2;2;2
2570,2,1;1;1;1;1
2575,2,2;2;2;2;2
2580,1,2;2;2;2;2
2585,2,1;1;1;1;1
2590,1,2;2;2;2;2
2595,2,1;1;1;1;1
2600,1,2;2;2;2;2
2605,1,1;1;1;1;1
2610,1,1;1;1;1;1
2615,1,1;1;1;1;1
2620,2,1;1;1;1;1
2625,1,2;2;2;2;2
2630,1,1;1;1;1;1
2635,2,1;1;1;1;1
2640,1,2;2;2;2;2
2645,1,1;1;1;1;1
2650,1,1;1;1;1;1
2655,2,1;1;1;1;1
2660,2,2;2;2;2;2
2665,2,2;2;2;2;2
2670,1,2;2;2;2;2
2675,2,1;1;1;1;1
2680,1,2;2;2;2;2
2685,2,1;1;1;1;1
2690,1,2;2;2;2;2
2695,2,1;1;1;1;1
2700,2,2;2;2;2;2
2705,2,2;2;2;2;2
2710,2,2;2;2;2;2
2715,2,2;2;2;2;2
2720,1,2;2;2;2;2
2725,2,1;1;1;1;1
2730,2,2;2;2;2;2
2735,2,2;2;2;2;2
2740,2,2;2;2;2;2
2745,2,2;2;2;2;2
2750,2,2;2;2;2;2
2755,2,2;2;2;2;2
2760,2,2;2;2;2;2
2765,1,2;2;2;2;2
2770,2,1;1;1;1;1
2775,1,2;2;2;2;2
2780,2,1;1;1;1;1
2785,1,2;2;2;2;2
2790,1,1;1;1;1;1
2795,2,1;1;1;1;1
2800,2,2;2;2;2;2
2805,1,2;2;2;2;2
2810,2,1;1;1;1;1
2815,1,2;2;2;2;2
2820,2,1;1;1;1;1
2825,2,2;2;2;2;2
2830,1,2;2;2;2;2
2835,2,1;1;1;1;1
2840,1,2;2;2;2;2
2845,2,1;1;1;1;1
2850,2,2;2;2;2;2
2855,2,2;2;2;2;2
2860,2,2;2;2;2;2
2865,2,2;2;2;2;2
2870,1,2;2;2;2;2
2875,1,1;1;1;1;1
2880,2,1;1;1;1;1
2885,1,2;2;2;2;2
2890,1,1;1;1;1;1
2895,2,1;1;1;1;1
2900,2,2;2;2;2;2
2905,1,2;2;2;2;2
2910,1,1;1;1;1;1
2915,1,1;1;1;1;1
2920,2,1;1;1;1;1
2925,1,2;2;2;2;2
2930,1,1;1;1;1;1
2935,2,1;1;1;1;1
2940,1,2;2;2;2;2
2945,2,1;1;1;1;1
2950,1,2;2;2;2;2
2955,1,1;1;1;1;1
2960,2,1;1;1;1;1
2965,2,2;2;2;2;2
2970,2,2;2;2;2;2
2975,2,2;2;2;2;2
2980,2,2;2;2;2;2
2985,2,2;2;2;2;2
2990,1,2;2;2;2;2
2995,1,1;1;1;1;1
3000,1,1;1;1;1;1
3005,1,1;1;1;1;1
3010,2,1;1;1;1;1
3015,2,2;2;2;2;2
3020,2,2;2;2;2;2
3025,1,2;2;2;2;2
3030,2,1;1;1;1;1
3035,2,2;2;2;2;2
3040,2,2;2;2;2;2
3045,2,2;2;2;2;2
3050,2,2;2;2;2;2
3055,1,2;2;2;2;2
3060,2,1;1;1;1;1
3065,2,2;2;2;2;2
3070,1,2;2;2;2;2
3075,2,1;1;1;1;1
3080,2,2;2;2;2;2
3085,2,2;2;2;2;2
3090,2,2;2;2;2;2
3095,2,2;2;2;2;2
3100,2,2;2;2;2;2
3105,1,2;2;2;2;2
3110,2,1;1;1;1;1
3115,1,2;2;2;2;2
3120,2,1;1;1;1;1
3125,1,2;2;2;2;2
3130,2,1;1;1;1;1
3135,2,2;2;2;2;2
3140,2,2;2;2;2;2
3145,2,2;2;2;2;2
3150,2,2;2;2;2;2
3155,2,2;2;2;2;2
3160,2,2;2;2;2;2
3165,2,2;2;2;2;2
3170,2,2;2;2;2;2
3175,2,2;2;2;2;2
3180,2,2;2;2;2;2
3185,2,2;2;2;2;2
3190,2,2;2;2;2;2
3195,1,2;2;2;2;2
3200,1,1;1;1;1;1
3205,1,1;1;1;1;1
3210,1,1;1;1;1;1
3215,1,1;1;1;1;1
3220,2,1;1;1;1;1
3225,1,2;2;2;2;2
3230,1,1;1;1;1;1
3235,1,1;1;1;1;1
3240,2,1;1;1;1;1
3245,1,2;2;2;2;2
3250,1,1;1;1;1;1
3255,2,1;1;1;1;1
3260,2,2;2;2;2;2
3265,1,2;2;2;2;2
3270,1,1;1;1;1;1
3275,2,1;1;1;1;1
3280,1,2;2;2;2;2
3285,2,1;1;1;1;1
3290,1,2;2;2;2;2
3295,1,1;1;1;1;1
3300,2,1;1;1;1;1
3305,1,2;2;2;2;2
3310,2,1;1;1;1;1
3315,1,2;2;2;2;2
3320,2,1;1;1;1;1
3325,2,2;2;2;2;2
3330,2,2;2;2;2;2
3335,2,2;2;2;2;2
3340,1,2;2;2;2;2
3345,2,1;1;1;1;1
3350,2,2;2;2;2;2
3355,2,2;2;2;2;2
3360,2,2;2;2;2;2
3365,2,2;2;2;2;2
3370,1,2;2;2;2;2
3375,2,1;1;1;1;1
3380,2,2;2;2;2;2
3385,2,2;2;2;2;2
3390,2,2;2;2;2;2
3395,2,2;2;2;2;2
3400,1,2;2;2;2;2
3405,2,1;1;1;1;1
3410,1,2;2;2;2;2
3415,1,1;1;1;1;1
3420,2,1;1;1;1;1
3425,2,2;2;2;2;2
3430,2,2;2;2;2;2
3435,2,2;2;2;2;2
3440,2,2;2;2;2;2
3445,1,2;2;2;2;2
3450,1,1;1;1;1;1
3455,2,1;1;1;1;1
3460,2,2;2;2;2;2
3465,2,2;2;2;2;2
3470,2,2;2;2;2;2
3475,1,2;2;2;2;2
3480,1,1;1;1;1;1
3485,1,1;1;1;1;1
3490,2,1;1;1;1;1
3495,1,2;2;2;2;2
3500,2,1;1;1;1;1
3505,1,2;2;2;2;2
3510,2,1;1;1;1;1
3515,2,2;2;2;2;2
3520,1,2;2;2;2;2
3525,2,1;1;1;1;1
3530,1,2;2;2;2;2
3535,2,1;1;1;1;1
3540,2,2;2;2;2;2
3545,2,2;2;2;2;2
3550,2,2;2;2;2;2
3555,2,2;2;2;2;2
3560,2,2;2;2;2;2
3565,2,2;2;2;2;2
3570,2,2;2;2;2;2
3575,2,2;2;2;2;2
3580,2,2;2;2;2;2
3585,1,2;2;2;2;2
3590,2,1;1;1;1;1
3595,1,2;2;2;2;2
3600,1,1;1;1;1;1
3605,2,1;1;1;1;1
3610,2,2;2;2;2;2
3615,2,2;2;2;2;2
3620,2,2;2;2;2;2
3625,2,2;2;2;2;2
3630,1,2;2;2;2;2
3635,2,1;1;1;1;1
3640,2,2;2;2;2;2
3645,1,2;2;2;2;2
3650,1,1;1;1;1;1
3655,2,1;1;1;1;1
3660,1,2;2;2;2;2
3665,1,1;1;1;1;1
3670,1,1;1;1;1;1
3675,1,1;1;1;1;1
3680,1,1;1;1;1;1
3685,1,1;1;1;1;1
3690,2,1;1;1;1;1
3695,2,2;2;2;2;2
3700,2,2;2;2;2;2
3705,2,2;2;2;2;2
3710,2,2;2;2;2;2
3715,1,2;2;2;2;2
3720,1,1;1;1;1;1
3725,1,1;1;1;1;1
3730,1,1;1;1;1;1
3735,2,1;1;1;1;1
3740,1,2;2;2;2;2
3745,1,1;1;1;1;1
3750,1,1;1;1;1;1
3755,2,1;1;1;1;1
3760,2,2;2;2;2;2
3765,1,2;2;2;2;2
3770,2,1;1;1;1;1
3775,2,2;2;2;2;2
3780,2,2;2;2;2;2
3785,1,2;2;2;2;2
3790,2,1;1;1;1;1
3795,1,2;2;2;2;2
3800,2,1;1;1;1;1
3805,2,2;2;2;2;2
3810,2,2;2;2;2;2
3815,2,2;2;2;2;2
3820,1,2;2;2;2;2
3825,2,1;1;1;1;1
3830,2,2;2;2;2;2
3835,2,2;2;2;2;2
3840,2,2;2;2;2;2
3845,2,2;2;2;2;2
3850,2,2;2;2;2;2
3855,2,2;2;2;2;2
3860,2,2;2;2;2;2
3865,2,2;2;2;2;2
3870,2,2;2;2;2;2
3875,2,2;2;2;2;2
3880,2,2;2;2;2;2
3885,2,2;2;2;2;2
3890,2,2;2;2;2;2
3895,2,2;2;2;2;2
3900,2,2;2;2;2;2
3905,2,2;2;2;2;2
3910,2,2;2;2;2;2
3915,2,2;2;2;2;2
3920,2,2;2;2;2;2
3925,2,2;2;2;2;2
3930,2,2;2;2;2;2
3935,2,2;2;2;2;2
3940,2,2;2;2;2;2
3945,2,2;2;2;2;2
3950,2,2;2;2;2;2
3955,2,2;2;2;2;2
3960,2,2;2;2;2;2
3965,2,2;2;2;2;2
3970,2,2;2;2;2;2
3975,2,2;2;2;2;2
3980,2,2;2;2;2;2
3985,2,2;2;2;2;2
3990,2,2;2;2;2;2
3995,2,2;2;2;2;2
4000,2,2;2;2;2;2
4005,2,2;2;2;2;2
4010,2,2;2;2;2;2
4015,2,2;2;2;2;2
4020,2,2;2;2;2;2
4025,2,2;2;2;2;2
4030,2,2;2;2;2;2
4035,2,2;2;2;2;2
4040,2,2;2;2;2;2
4045,2,2;2;2;2;2
4050,2,2;2;2;2;2
4055,2,2;2;2;2;2
4060,2,2;2;2;2;2
4065,2,2;2;2;2;2
4070,2,2;2;2;2;2
4075,2,2;2;2;2;2
4080,2,2;2;2;2;2
4085,2,2;2;2;2;2
4090,2,2;2;2;2;2
4095,2,2;2;2;2;2
4100,2,2;2;2;2;2
4105,2,2;2;2;2;2
4110,2,2;2;2;2;2
4115,2,2;2;2;2;2
4120,2,2;2;2;2;2
4125,2,2;2;2;2;2
4130,2,2;2;2;2;2
4135,2,2;2;2;2;2
4140,2,2;2;2;2;2
4145,2,2;2;2;2;2
4150,2,2;2;2;2;2
4155,2,2;2;2;2;2
4160,2,2;2;2;2;2
4165,2,2;2;2;2;2
4170,2,2;2;2;2;2
4175,2,2;2;2;2;2
4180,2,2;2;2;2;2
4185,2,2;2;2;2;2
4190,2,2;2;2;2;2
4195,2,2;2;2;2;2
4200,2,2;2;2;2;2
4205,2,2;2;2;2;2
4210,2,2;2;2;2;2
4215,2,2;2;2;2;2
4220,2,2;2;2;2;2
4225,2,2;2;2;2;2
4230,2,2;2;2;2;2
4235,2,2;2;2;2;2
4240,2,2;2;2;2;2
4245,2,2;2;2;2;2
4250,2,2;2;2;2;2
4255,2,2;2;2;2;2
4260,2,2;2;2;2;2
4265,2,2;2;2;2;2
4270,2,2;2;2;2;2
4275,2,2;2;2;2;2
4280,2,2;2;2;2;2
4285,2,2;2;2;2;2
4290,2,2;2;2;2;2
4295,2,2;2;2;2;2
4300,2,2;2;2;2;2
4305,2,2;2;2;2;2
4310,2,2;2;2;2;2
4315,2,2;2;2;2;2
4320,2,2;2;2;2;2
4325,2,2;2;2;2;2
4330,2,2;2;2;2;2
4335,2,2;2;2;2;2
4340,2,2;2;2;2;2
4345,2,2;2;2;2;2
4350,2,2;2;2;2;2
4355,2,2;2;2;2;2
4360,2,2;2;2;2;2
4365,2,2;2;2;2;2
4370,2,2;2;2;2;2
4375,2,2;2;2;2;2
4380,2,2;2;2;2;2
4385,2,2;2;2;2;2
4390,2,2;2;2;2;2
4395,2,2;2;2;2;2
4400,2,2;2;2;2;2
4405,2,2;2;2;2;2
4410,2,2;2;2;2;2
4415,2,2;2;2;2;2
4420,2,2;2;2;2;2
4425,2,2;2;2;2;2
4430,2,2;2;2;2;2
4435,2,2;2;2;2;2
4440,2,2;2;2;2;2
4445,2,2;2;2;2;2
4450,2,2;2;2;2;2
4455,2,2;2;2;2;2
4460,2,2;2;2;2;2
4465,2,2;2;2;2;2
4470,2,2;2;2;2;2
4475,2,2;2;2;2;2
4480,2,2;2;2;2;2
4485,2,2;2;2;2;2
4490,2,2;2;2;2;2
4495,2,2;2;2;2;2
4500,2,2;2;2;2;2
4505,2,2;2;2;2;2
4510,2,2;2;2;2;2
4515,2,2;2;2;2;2
4520,2,2;2;2;2;2
4525,2,2;2;2;2;2
4530,2,2;2;2;2;2
4535,2,2;2;2;2;2
4540,2,2;2;2;2;2
4545,2,2;2;2;2;2
4550,2,2;2;2;2;2
4555,2,2;2;2;2;2
4560,2,2;2;2;2;2
4565,2,2;2;2;2;2
4570,2,2;2;2;2;2
4575,2,2;2;2;2;2
4580,2,2;2;2;2;2
4585,2,2;2;2;2;2
4590,2,2;2;2;2;2
4595,2,2;2;2;2;2
4600,2,2;2;2;2;2
4605,2,2;2;2;2;2
4610,2,2;2;2;2;2
4615,2,2;2;2;2;2
4620,2,2;2;2;2;2
4625,2,2;2;2;2;2
4630,2,2;2;2;2;2
4635,2,2;2;2;2;2
4640,2,2;2;2;2;2
4645,2,2;2;2;2;2
4650,2,2;2;2;2;2
4655,2,2;2;2;2;2
4660,2,2;2;2;2;2
4665,2,2;2;2;2;2
4670,2,2;2;2;2;2
4675,2,2;2;2;2;2
4680,2,2;2;2;2;2
4685,2,2;2;2;2;2
4690,2,2;2;2;2;2
4695,2,2;2;2;2;2
4700,2,2;2;2;2;2
4705,2,2;2;2;2;2
4710,2,2;2;2;2;2
4715,2,2;2;2;2;2
4720,2,2;2;2;2;2
4725,2,2;2;2;2;2
4730,2,2;2;2;2;2
4735,2,2;2;2;2;2
4740,2,2;2;2;2;2
4745,2,2;2;2;2;2
4750,2,2;2;2;2;2
4755,2,2;2;2;2;2
4760,2,2;2;2;2;2
4765,2,2;2;2;2;2
4770,2,2;2;2;2;2
4775,2,2;2;2;2;2
4780,2,2;2;2;2;2
4785,2,2;2;2;2;2
4790,2,2;2;2;2;2
4795,2,2;2;2;2;2
4800,2,2;2;2;2;2
4805,2,2;2;2;2;2
4810,2,2;2;2;2;2
4815,2,2;2;2;2;2
4820,2,2;2;2;2;2
4825,2,2;2;2;2;2
4830,2,2;2;2;2;2
4835,2,2;2;2;2;2
4840,2,2;2;2;2;2
4845,2,2;2;2;2;2
4850,2,2;2;2;2;2
4855,2,2;2;2;2;2
4860,2,2;2;2;2;2
4865,2,2;2;2;2;2
4870,2,2;2;2;2;2
4875,2,2;2;2;2;2
4880,2,2;2;2;2;2
4885,2,2;2;2;2;2
4890,2,2;2;2;2;2
4895,2,2;2;2;2;2
4900,2,2;2;2;2;2
4905,2,2;2;2;2;2
4910,2,2;2;2;2;2
4915,2,2;2;2;2;2
4920,2,2;2;2;2;2
4925,2,2;2;2;2;2
4930,2,2;2;2;2;2
4935,2,2;2;2;2;2
4940,2,2;2;2;2;2
4945,2,2;2;2;2;2
4950,2,2;2;2;2;2
4955,2,2;2;2;2;2
4960,2,2;2;2;2;2
4965,2,2;2;2;2;2
4970,2,2;2;2;2;2
4975,2,2;2;2;2;2
4980,2,2;2;2;2;2
4985,2,2;2;2;2;2
4990,2,2;2;2;2;2
4995,2,2;2;2;2;2
5000,2,2;2;2;2;2
5005,2,2;2;2;2;2
5010,2,2;2;2;2;2
5015,2,2;2;2;2;2
5020,2,2;2;2;2;2
5025,2,2;2;2;2;2
5030,2,2;2;2;2;2
5035,2,2;2;2;2;2
5040,2,2;2;2;2;2
5045,2,2;2;2;2;2
5050,2,2;2;2;2;2
5055,2,2;2;2;2;2
5060,2,2;2;2;2;2
5065,2,2;2;2;2;2
5070,2,2;2;2;2;2
5075,2,2;2;2;2;2
5080,2,2;2;2;2;2
5085,2,2;2;2;2;2
5090,2,2;2;2;2;2
5095,2,2;2;2;2;2
5100,2,2;2;2;2;2
5105,2,2;2;2;2;2
5110,2,2;2;2;2;2
5115,2,2;2;2;2;2
5120,2,2;2;2;2;2
5125,2,2;2;2;2;2
5130,2,2;2;2;2;2
5135,2,2;2;2;2;2
5140,2,2;2;2;2;2
5145,2,2;2;2;2;2
5150,2,2;2;2;2;2
5155,2,2;2;2;2;2
5160,2,2;2;2;2;2
5165,2,2;2;2;2;2
5170,2,2;2;2;2;2
5175,2,2;2;2;2;2
5180,2,2;2;2;2;2
5185,2,2;2;2;2;2
5190,2,2;2;2;2;2
5195,2,2;2;2;2;2
5200,2,2;2;2;2;2
5205,2,2;2;2;2;2
5210,2,2;2;2;2;2
5215,2,2;2;2;2;2
5220,2,2;2;2;2;2
5225,2,2;2;2;2;2
5230,2,2;2;2;2;2
5235,2,2;2;2;2;2
5240,2,2;2;2;2;2
5245,2,2;2;2;2;2
5250,2,2;2;2;2;2
5255,2,2;2;2;2;2
5260,2,2;2;2;2;2
5265,2,2;2;2;2;2
5270,2,2;2;2;2;2
5275,2,2;2;2;2;2
5280,2,2;2;2;2;2
5285,2,2;2;2;2;2
