Time,Commitment,Opinion
0,2,3
5,1,2;2;2;2;2
10,1,1;1;1;1;1
15,1,1;1;1;1;1
20,1,1;1;1;1;1
25,1,1;1;1;1;1
30,1,1;1;1;1;1
35,2,1;1;1;1;1
40,3,2;2;2;2;2
45,3,3;3;3;3;3
50,1,3;3;3;3;3
55,1,1;1;1;1;1
60,2,1;1;1;1;1
65,3,2;2;2;2;2
70,1,3;3;3;3;3
75,1,1;1;1;1;1
80,3,1;1;1;1;1
85,1,3;3;3;3;3
90,1,1;1;1;1;1
95,3,1;1;1;1;1
100,3,3;3;3;3;3
105,1,3;3;3;3;3
110,1,1;1;1;1;1
115,1,1;1;1;1;1
120,3,1;1;1;1;1
125,1,3;3;3;3;3
130,1,1;1;1;1;1
135,1,1;1;1;1;1
140,3,1;1;1;1;1
145,1,3;3;3;3;3
150,3,1;1;1;1;1
155,2,3;3;3;3;3
160,2,2;2;2;2;2
165,1,2;2;2;2;2
170,1,1;1;1;1;1
175,2,1;1;1;1;1
180,1,2;2;2;2;2
185,3,1;1;1;1;1
190,2,3;3;3;3;3
195,2,2;2;2;2;2
200,2,2;2;2;2;2
205,3,2;2;2;2;2
210,2,3;3;3;3;3
215,2,2;2;2;2;2
220,2,2;2;2;2;2
225,2,2;2;2;2;2
230,2,2;2;2;2;2
235,3,2;2;2;2;2
240,2,3;3;3;3;3
245,2,2;2;2;2;2
250,2,2;2;2;2;2
255,1,2;2;2;2;2
260,2,1;1;1;1;1
265,1,2;2;2;2;2
270,1,1;1;1;1;1
275,2,1;1;1;1;1
280,3,2;2;2;2;2
285,1,3;3;3;3;3
290,3,1;1;1;1;1
295,3,3;3;3;3;3
300,1,3;3;3;3;3
305,3,1;1;1;1;1
310,3,3;3;3;3;3
315,2,3;3;3;3;3
320,3,2;2;2;2;2
325,2,3;3;3;3;3
330,3,2;2;2;2;2
335,3,3;3;3;3;3
340,2,3;3;3;3;3
345,3,2;2;2;2;2
350,3,3;3;3;3;3
355,3,3;3;3;3;3
360,2,3;3;3;3;3
365,1,2;2;2;2;2
370,3,1;1;1;1;1
375,3,3;3;3;3;3
380,2,3;3;3;3;3
385,2,2;2;2;2;2
390,2,2;2;2;2;2
395,1,2;2;2;2;2
400,1,1;1;1;1;1
405,1,1;1;1;1;1
410,3,1;1;1;1;1
415,2,3;3;3;3;3
420,2,2;2;2;2;2
425,1,2;2;2;2;2
430,1,1;1;1;1;1
435,1,1;1;1;1;1
440,2,1;1;1;1;1
445,1,2;2;2;2;2
450,2,1;1;1;1;1
455,1,2;2;2;2;2
460,3,1;1;1;1;1
465,1,3;3;3;3;3
470,1,1;1;1;1;1
475,3,1;1;1;1;1
480,3,3;3;3;3;3
485,3,3;3;3;3;3
490,3,3;3;3;3;3
495,2,3;3;3;3;3
500,3,2;2;2;2;2
505,3,3;3;3;3;3
510,1,3;3;3;3;3
515,3,1;1;1;1;1
520,1,3;3;3;3;3
525,2,1;1;1;1;1
530,1,2;2;2;2;2
535,3,1;1;1;1;1
540,3,3;3;3;3;3
545,2,3;3;3;3;3
550,2,2;2;2;2;2
555,2,2;2;2;2;2
560,3,2;2;2;2;2
565,2,3;3;3;3;3
570,2,2;2;2;2;2
575,2,2;2;2;2;2
580,1,2;2;2;2;2
585,1,1;1;1;1;1
590,3,1;1;1;1;1
595,3,3;3;3;3;3
600,2,3;3;3;3;3
605,2,2;2;2;2;2
610,3,2;2;2;2;2
615,2,3;3;3;3;3
620,2,2;2;2;2;2
625,1,2;2;2;2;2
630,2,1;1;1;1;1
635,1,2;2;2;2;2
640,2,1;1;1;1;1
645,2,2;2;2;2;2
650,1,2;2;2;2;2
655,1,1;1;1;1;1
660,1,1;1;1;1;1
665,2,1;1;1;1;1
670,1,2;2;2;2;2
675,1,1;1;1;1;1
680,1,1;1;1;1;1
685,3,1;1;1;1;1
690,2,3;3;3;3;3
695,3,2;2;2;2;2
700,1,3;3;3;3;3
705,3,1;1;1;1;1
710,1,3;3;3;3;3
715,1,1;1;1;1;1
720,2,1;1;1;1;1
725,3,2;2;2;2;2
730,2,3;3;3;3;3
735,1,2;2;2;2;2
740,1,1;1;1;1;1
745,2,1;1;1;1;1
750,1,2;2;2;2;2
755,1,1;1;1;1;1
760,2,1;1;1;1;1
765,3,2;2;2;2;2
770,3,3;3;3;3;3
775,1,3;3;3;3;3
780,2,1;1;1;1;1
785,1,2;2;2;2;2
790,1,1;1;1;1;1
795,3,1;1;1;1;1
800,2,3;3;3;3;3
805,2,2;2;2;2;2
810,1,2;2;2;2;2
815,2,1;1;1;1;1
820,3,2;2;2;2;2
825,1,3;3;3;3;3
830,2,1;1;1;1;1
835,1,2;2;2;2;2
840,2,1;1;1;1;1
845,3,2;2;2;2;2
850,3,3;3;3;3;3
855,1,3;3;3;3;3
860,1,1;1;1;1;1
865,1,1;1;1;1;1
870,1,1;1;1;1;1
875,1,1;1;1;1;1
880,2,1;1;1;1;1
885,3,2;2;2;2;2
890,1,3;3;3;3;3
895,3,1;1;1;1;1
900,1,3;3;3;3;3
905,2,1;1;1;1;1
910,2,2;2;2;2;2
915,2,2;2;2;2;2
920,2,2;2;2;2;2
925,1,2;2;2;2;2
930,1,1;1;1;1;1
935,2,1;1;1;1;1
940,1,2;2;2;2;2
945,1,1;1;1;1;1
950,2,1;1;1;1;1
955,3,2;2;2;2;2
960,1,3;3;3;3;3
965,3,1;1;1;1;1
970,1,3;3;3;3;3
975,1,1;1;1;1;1
980,1,1;1;1;1;1
985,3,1;1;1;1;1
990,3,3;3;3;3;3
995,2,3;3;3;3;3
1000,3,2;2;2;2;2
1005,3,3;3;3;3;3
1010,3,3;3;3;3;3
1015,3,3;3;3;3;3
1020,1,3;3;3;3;3
1025,1,1;1;1;1;1
1030,1,1;1;1;1;1
1035,1,1;1;1;1;1
1040,1,1;1;1;1;1
1045,1,1;1;1;1;1
1050,1,1;1;1;1;1
1055,2,1;1;1;1;1
1060,1,2;2;2;2;2
1065,3,1;1;1;1;1
1070,2,3;3;3;3;3
1075,3,2;2;2;2;2
1080,3,3;3;3;3;3
1085,1,3;3;3;3;3
1090,3,1;1;1;1;1
1095,3,3;3;3;3;3
1100,3,3;3;3;3;3
1105,2,3;3;3;3;3
1110,3,2;2;2;2;2
1115,3,3;3;3;3;3
1120,3,3;3;3;3;3
1125,3,3;3;3;3;3
1130,3,3;3;3;3;3
1135,3,3;3;3;3;3
1140,3,3;3;3;3;3
1145,2,3;3;3;3;3
1150,3,2;2;2;2;2
1155,3,3;3;3;3;3
1160,1,3;3;3;3;3
1165,3,1;1;1;1;1
1170,1,3;3;3;3;3
1175,3,1;1;1;1;1
1180,1,3;3;3;3;3
1185,2,1;1;1;1;1
1190,2,2;2;2;2;2
1195,2,2;2;2;2;2
1200,1,2;2;2;2;2
1205,3,1;1;1;1;1
1210,3,3;3;3;3;3
1215,1,3;3;3;3;3
1220,3,1;1;1;1;1
1225,2,3;3;3;3;3
1230,1,2;2;2;2;2
1235,2,1;1;1;1;1
1240,1,2;2;2;2;2
1245,2,1;1;1;1;1
1250,1,2;2;2;2;2
1255,1,1;1;1;1;1
1260,2,1;1;1;1;1
1265,1,2;2;2;2;2
1270,2,1;1;1;1;1
1275,1,2;2;2;2;2
1280,2,1;1;1;1;1
1285,1,2;2;2;2;2
1290,3,1;1;1;1;1
1295,2,3;3;3;3;3
1300,3,2;2;2;2;2
1305,2,3;3;3;3;3
1310,1,2;2;2;2;2
1315,2,1;1;1;1;1
1320,1,2;2;2;2;2
1325,2,1;1;1;1;1
1330,1,2;2;2;2;2
1335,3,1;1;1;1;1
1340,3,3;3;3;3;3
1345,2,3;3;3;3;3
1350,3,2;2;2;2;2
1355,2,3;3;3;3;3
1360,3,2;2;2;2;2
1365,3,3;3;3;3;3
1370,1,3;3;3;3;3
1375,1,1;1;1;1;1
1380,1,1;1;1;1;1
1385,3,1;1;1;1;1
1390,2,3;3;3;3;3
1395,1,2;2;2;2;2
1400,2,1;1;1;1;1
1405,2,2;2;2;2;2
1410,2,2;2;2;2;2
1415,2,2;2;2;2;2
1420,2,2;2;2;2;2
1425,2,2;2;2;2;2
1430,2,2;2;2;2;2
1435,2,2;2;2;2;2
1440,2,2;2;2;2;2
1445,1,2;2;2;2;2
1450,3,1;1;1;1;1
1455,1,3;3;3;3;3
1460,2,1;1;1;1;1
1465,2,2;2;2;2;2
1470,1,2;2;2;2;2
1475,2,1;1;1;1;1
1480,3,2;2;2;2;2
1485,2,3;3;3;3;3
1490,2,2;2;2;2;2
1495,3,2;2;2;2;2
1500,1,3;3;3;3;3
1505,3,1;1;1;1;1
1510,1,3;3;3;3;3
1515,1,1;1;1;1;1
1520,1,1;1;1;1;1
1525,3,1;1;1;1;1
1530,1,3;3;3;3;3
1535,1,1;1;1;1;1
1540,2,1;1;1;1;1
1545,1,2;2;2;2;2
1550,3,1;1;1;1;1
1555,3,3;3;3;3;3
1560,1,3;3;3;3;3
1565,3,1;1;1;1;1
1570,1,3;3;3;3;3
1575,1,1;1;1;1;1
1580,2,1;1;1;1;1
1585,1,2;2;2;2;2
1590,1,1;1;1;1;1
1595,1,1;1;1;1;1
1600,1,1;1;1;1;1
1605,1,1;1;1;1;1
1610,1,1;1;1;1;1
1615,1,1;1;1;1;1
1620,1,1;1;1;1;1
1625,1,1;1;1;1;1
1630,2,1;1;1;1;1
1635,2,2;2;2;2;2
1640,2,2;2;2;2;2
1645,2,2;2;2;2;2
1650,3,2;2;2;2;2
1655,1,3;3;3;3;3
1660,3,1;1;1;1;1
1665,3,3;3;3;3;3
1670,2,3;3;3;3;3
1675,3,2;2;2;2;2
1680,3,3;3;3;3;3
1685,1,3;3;3;3;3
1690,3,1;1;1;1;1
1695,3,3;3;3;3;3
1700,3,3;3;3;3;3
1705,3,3;3;3;3;3
1710,3,3;3;3;3;3
1715,3,3;3;3;3;3
1720,3,3;3;3;3;3
1725,3,3;3;3;3;3
1730,3,3;3;3;3;3
1735,3,3;3;3;3;3
1740,3,3;3;3;3;3
1745,3,3;3;3;3;3
1750,3,3;3;3;3;3
1755,2,3;3;3;3;3
1760,3,2;2;2;2;2
1765,3,3;3;3;3;3
1770,3,3;3;3;3;3
1775,3,3;3;3;3;3
1780,3,3;3;3;3;3
1785,2,3;3;3;3;3
1790,2,2;2;2;2;2
1795,2,2;2;2;2;2
1800,2,2;2;2;2;2
1805,2,2;2;2;2;2
1810,2,2;2;2;2;2
1815,3,2;2;2;2;2
1820,2,3;3;3;3;3
1825,3,2;2;2;2;2
1830,3,3;3;3;3;3
1835,2,3;3;3;3;3
1840,3,2;2;2;2;2
1845,3,3;3;3;3;3
1850,3,3;3;3;3;3
1855,2,3;3;3;3;3
1860,3,2;2;2;2;2
1865,3,3;3;3;3;3
1870,3,3;3;3;3;3
1875,2,3;3;3;3;3
1880,3,2;2;2;2;2
1885,3,3;3;3;3;3
1890,3,3;3;3;3;3
1895,3,3;3;3;3;3
1900,3,3;3;3;3;3
1905,3,3;3;3;3;3
1910,3,3;3;3;3;3
1915,3,3;3;3;3;3
1920,3,3;3;3;3;3
1925,3,3;3;3;3;3
1930,3,3;3;3;3;3
1935,3,3;3;3;3;3
1940,2,3;3;3;3;3
1945,2,2;2;2;2;2
1950,3,2;2;2;2;2
1955,2,3;3;3;3;3
1960,2,2;2;2;2;2
1965,3,2;2;2;2;2
1970,3,3;3;3;3;3
1975,2,3;3;3;3;3
1980,2,2;2;2;2;2
1985,2,2;2;2;2;2
1990,3,2;2;2;2;2
1995,2,3;3;3;3;3
2000,2,2;2;2;2;2
2005,3,2;2;2;2;2
2010,2,3;3;3;3;3
2015,2,2;2;2;2;2
2020,3,2;2;2;2;2
2025,3,3;3;3;3;3
2030,3,3;3;3;3;3
2035,3,3;3;3;3;3
2040,2,3;3;3;3;3
2045,3,2;2;2;2;2
2050,2,3;3;3;3;3
2055,3,2;2;2;2;2
2060,2,3;3;3;3;3
2065,2,2;2;2;2;2
2070,2,2;2;2;2;2
2075,2,2;2;2;2;2
2080,2,2;2;2;2;2
2085,2,2;2;2;2;2
2090,2,2;2;2;2;2
2095,2,2;2;2;2;2
2100,2,2;2;2;2;2
2105,2,2;2;2;2;2
2110,1,2;2;2;2;2
2115,2,1;1;1;1;1
2120,2,2;2;2;2;2
2125,1,2;2;2;2;2
2130,2,1;1;1;1;1
2135,2,2;2;2;2;2
2140,3,2;2;2;2;2
2145,2,3;3;3;3;3
2150,1,2;2;2;2;2
2155,1,1;1;1;1;1
2160,1,1;1;1;1;1
2165,3,1;1;1;1;1
2170,1,3;3;3;3;3
2175,1,1;1;1;1;1
2180,1,1;1;1;1;1
2185,1,1;1;1;1;1
2190,3,1;1;1;1;1
2195,1,3;3;3;3;3
2200,2,1;1;1;1;1
2205,2,2;2;2;2;2
2210,1,2;2;2;2;2
2215,1,1;1;1;1;1
2220,1,1;1;1;1;1
2225,1,1;1;1;1;1
2230,1,1;1;1;1;1
2235,1,1;1;1;1;1
2240,1,1;1;1;1;1
2245,1,1;1;1;1;1
2250,1,1;1;1;1;1
2255,1,1;1;1;1;1
2260,2,1;1;1;1;1
2265,2,2;2;2;2;2
2270,2,2;2;2;2;2
2275,2,2;2;2;2;2
2280,1,2;2;2;2;2
2285,2,1;1;1;1;1
2290,1,2;2;2;2;2
2295,2,1;1;1;1;1
2300,1,2;2;2;2;2
2305,1,1;1;1;1;1
2310,2,1;1;1;1;1
2315,1,2;2;2;2;2
2320,2,1;1;1;1;1
2325,1,2;2;2;2;2
2330,1,1;1;1;1;1
2335,1,1;1;1;1;1
2340,1,1;1;1;1;1
2345,2,1;1;1;1;1
2350,2,2;2;2;2;2
2355,1,2;2;2;2;2
2360,1,1;1;1;1;1
2365,2,1;1;1;1;1
2370,1,2;2;2;2;2
2375,2,1;1;1;1;1
2380,2,2;2;2;2;2
2385,2,2;2;2;2;2
2390,2,2;2;2;2;2
2395,2,2;2;2;2;2
2400,1,2;2;2;2;2
2405,2,1;1;1;1;1
2410,2,2;2;2;2;2
2415,2,2;2;2;2;2
2420,2,2;2;2;2;2
2425,2,2;2;2;2;2
2430,1,2;2;2;2;2
2435,2,1;1;1;1;1
2440,1,2;2;2;2;2
2445,1,1;1;1;1;1
2450,2,1;1;1;1;1
2455,2,2;2;2;2;2
2460,2,2;2;2;2;2
2465,2,2;2;2;2;2
2470,2,2;2;2;2;2
2475,2,2;2;2;2;2
2480,1,2;2;2;2;2
2485,2,1;1;1;1;1
2490,2,2;2;2;2;2
2495,1,2;2;2;2;2
2500,1,1;1;1;1;1
2505,1,1;1;1;1;1
2510,1,1;1;1;1;1
2515,1,1;1;1;1;1
2520,1,1;1;1;1;1
2525,1,1;1;1;1;1
2530,1,1;1;1;1;1
2535,2,1;1;1;1;1
2540,1,2;2;2;2;2
2545,1,1;1;1;1;1
2550,1,1;1;1;1;1
2555,2,1;1;1;1;1
2560,2,2;2;2;2;2
2565,1,2;2;2;2;2
2570,1,1;1;1;1;1
2575,2,1;1;1;1;1
2580,2,2;2;2;2;2
2585,1,2;2;2;2;2
2590,1,1;1;1;1;1
2595,1,1;1;1;1;1
2600,1,1;1;1;1;1
2605,1,1;1;1;1;1
2610,1,1;1;1;1;1
2615,1,1;1;1;1;1
2620,1,1;1;1;1;1
2625,2,1;1;1;1;1
2630,1,2;2;2;2;2
2635,2,1;1;1;1;1
2640,2,2;2;2;2;2
2645,2,2;2;2;2;2
2650,1,2;2;2;2;2
2655,2,1;1;1;1;1
2660,2,2;2;2;2;2
2665,2,2;2;2;2;2
2670,1,2;2;2;2;2
2675,2,1;1;1;1;1
2680,1,2;2;2;2;2
2685,1,1;1;1;1;1
2690,2,1;1;1;1;1
2695,1,2;2;2;2;2
2700,1,1;1;1;1;1
2705,1,1;1;1;1;1
2710,2,1;1;1;1;1
2715,2,2;2;2;2;2
2720,2,2;2;2;2;2
2725,2,2;2;2;2;2
2730,1,2;2;2;2;2
2735,2,1;1;1;1;1
2740,1,2;2;2;2;2
2745,2,1;1;1;1;1
2750,2,2;2;2;2;2
2755,1,2;2;2;2;2
2760,2,1;1;1;1;1
2765,1,2;2;2;2;2
2770,2,1;1;1;1;1
2775,1,2;2;2;2;2
2780,2,1;1;1;1;1
2785,1,2;2;2;2;2
2790,2,1;1;1;1;1
2795,2,2;2;2;2;2
2800,1,2;2;2;2;2
2805,2,1;1;1;1;1
2810,1,2;2;2;2;2
2815,2,1;1;1;1;1
2820,2,2;2;2;2;2
2825,2,2;2;2;2;2
2830,2,2;2;2;2;2
2835,2,2;2;2;2;2
2840,2,2;2;2;2;2
2845,2,2;2;2;2;2
2850,2,2;2;2;2;2
2855,2,2;2;2;2;2
2860,1,2;2;2;2;2
2865,2,1;1;1;1;1
2870,1,2;2;2;2;2
2875,2,1;1;1;1;1
2880,1,2;2;2;2;2
2885,1,1;1;1;1;1
2890,1,1;1;1;1;1
2895,2,1;1;1;1;1
2900,1,2;2;2;2;2
2905,2,1;1;1;1;1
2910,1,2;2;2;2;2
2915,2,1;1;1;1;1
2920,1,2;2;2;2;2
2925,1,1;1;1;1;1
2930,1,1;1;1;1;1
2935,1,1;1;1;1;1
2940,2,1;1;1;1;1
2945,1,2;2;2;2;2
2950,1,1;1;1;1;1
2955,1,1;1;1;1;1
2960,2,1;1;1;1;1
2965,1,2;2;2;2;2
2970,2,1;1;1;1;1
2975,1,2;2;2;2;2
2980,2,1;1;1;1;1
2985,1,2;2;2;2;2
2990,2,1;1;1;1;1
2995,1,2;2;2;2;2
3000,2,1;1;1;1;1
3005,1,2;2;2;2;2
3010,1,1;1;1;1;1
3015,1,1;1;1;1;1
3020,2,1;1;1;1;1
3025,2,2;2;2;2;2
3030,2,2;2;2;2;2
3035,1,2;2;2;2;2
3040,2,1;1;1;1;1
3045,2,2;2;2;2;2
3050,2,2;2;2;2;2
3055,2,2;2;2;2;2
3060,1,2;2;2;2;2
3065,2,1;1;1;1;1
3070,1,2;2;2;2;2
3075,2,1;1;1;1;1
3080,1,2;2;2;2;2
3085,2,1;1;1;1;1
3090,1,2;2;2;2;2
3095,2,1;1;1;1;1
3100,1,2;2;2;2;2
3105,2,1;1;1;1;1
3110,2,2;2;2;2;2
3115,2,2;2;2;2;2
3120,1,2;2;2;2;2
3125,1,1;1;1;1;1
3130,2,1;1;1;1;1
3135,1,2;2;2;2;2
3140,1,1;1;1;1;1
3145,2,1;1;1;1;1
3150,2,2;2;2;2;2
3155,2,2;2;2;2;2
3160,1,2;2;2;2;2
3165,2,1;1;1;1;1
3170,2,2;2;2;2;2
3175,2,2;2;2;2;2
3180,2,2;2;2;2;2
3185,2,2;2;2;2;2
3190,2,2;2;2;2;2
3195,2,2;2;2;2;2
3200,2,2;2;2;2;2
3205,1,2;2;2;2;2
3210,2,1;1;1;1;1
3215,2,2;2;2;2;2
3220,2,2;2;2;2;2
3225,2,2;2;2;2;2
3230,2,2;2;2;2;2
3235,1,2;2;2;2;2
3240,1,1;1;1;1;1
3245,2,1;1;1;1;1
3250,1,2;2;2;2;2
3255,2,1;1;1;1;1
3260,2,2;2;2;2;2
3265,2,2;2;2;2;2
3270,2,2;2;2;2;2
3275,2,2;2;2;2;2
3280,2,2;2;2;2;2
3285,2,2;2;2;2;2
3290,1,2;2;2;2;2
3295,2,1;1;1;1;1
3300,1,2;2;2;2;2
3305,2,1;1;1;1;1
3310,1,2;2;2;2;2
3315,1,1;1;1;1;1
3320,1,1;1;1;1;1
3325,2,1;1;1;1;1
3330,2,2;2;2;2;2
3335,1,2;2;2;2;2
3340,2,1;1;1;1;1
3345,2,2;2;2;2;2
3350,1,2;2;2;2;2
3355,2,1;1;1;1;1
3360,2,2;2;2;2;2
3365,1,2;2;2;2;2
3370,2,1;1;1;1;1
3375,2,2;2;2;2;2
3380,2,2;2;2;2;2
3385,2,2;2;2;2;2
3390,1,2;2;2;2;2
3395,2,1;1;1;1;1
3400,2,2;2;2;2;2
3405,1,2;2;2;2;2
3410,1,1;1;1;1;1
3415,2,1;1;1;1;1
3420,2,2;2;2;2;2
3425,1,2;2;2;2;2
3430,1,1;1;1;1;1
3435,1,1;1;1;1;1
3440,2,1;1;1;1;1
3445,1,2;2;2;2;2
3450,1,1;1;1;1;1
3455,1,1;1;1;1;1
3460,1,1;1;1;1;1
3465,2,1;1;1;1;1
3470,2,2;2;2;2;2
3475,2,2;2;2;2;2
3480,2,2;2;2;2;2
3485,2,2;2;2;2;2
3490,2,2;2;2;2;2
3495,1,2;2;2;2;2
3500,2,1;1;1;1;1
3505,1,2;2;2;2;2
3510,1,1;1;1;1;1
3515,1,1;1;1;1;1
3520,1,1;1;1;1;1
3525,1,1;1;1;1;1
3530,2,1;1;1;1;1
3535,2,2;2;2;2;2
3540,1,2;2;2;2;2
3545,1,1;1;1;1;1
3550,1,1;1;1;1;1
3555,2,1;1;1;1;1
3560,1,2;2;2;2;2
3565,2,1;1;1;1;1
3570,2,2;2;2;2;2
3575,1,2;2;2;2;2
3580,2,1;1;1;1;1
3585,1,2;2;2;2;2
3590,1,1;1;1;1;1
3595,1,1;1;1;1;1
3600,1,1;1;1;1;1
3605,1,1;1;1;1;1
3610,1,1;1;1;1;1
3615,1,1;1;1;1;1
3620,1,1;1;1;1;1
3625,1,1;1;1;1;1
3630,1,1;1;1;1;1
3635,1,1;1;1;1;1
3640,1,1;1;1;1;1
3645,1,1;1;1;1;1
3650,1,1;1;1;1;1
3655,1,1;1;1;1;1
3660,1,1;1;1;1;1
3665,1,1;1;1;1;1
3670,1,1;1;1;1;1
3675,1,1;1;1;1;1
3680,1,1;1;1;1;1
3685,1,1;1;1;1;1
3690,1,1;1;1;1;1
3695,1,1;1;1;1;1
3700,1,1;1;1;1;1
3705,1,1;1;1;1;1
3710,1,1;1;1;1;1
3715,1,1;1;1;1;1
3720,1,1;1;1;1;1
3725,1,1;1;1;1;1
3730,1,1;1;1;1;1
3735,1,1;1;1;1;1
3740,1,1;1;1;1;1
3745,1,1;1;1;1;1
3750,1,1;1;1;1;1
3755,1,1;1;1;1;1
3760,1,1;1;1;1;1
3765,1,1;1;1;1;1
3770,1,1;1;1;1;1
3775,1,1;1;1;1;1
3780,1,1;1;1;1;1
3785,1,1;1;1;1;1
3790,1,1;1;1;1;1
3795,1,1;1;1;1;1
3800,1,1;1;1;1;1
3805,1,1;1;1;1;1
3810,1,1;1;1;1;1
3815,1,1;1;1;1;1
3820,1,1;1;1;1;1
3825,1,1;1;1;1;1
3830,1,1;1;1;1;1
3835,1,1;1;1;1;1
3840,1,1;1;1;1;1
3845,1,1;1;1;1;1
3850,1,1;1;1;1;1
3855,1,1;1;1;1;1
3860,1,1;1;1;1;1
3865,1,1;1;1;1;1
3870,1,1;1;1;1;1
3875,1,1;1;1;1;1
3880,1,1;1;1;1;1
3885,1,1;1;1;1;1
3890,1,1;1;1;1;1
3895,1,1;1;1;1;1
3900,1,1;1;1;1;1
3905,1,1;1;1;1;1
3910,1,1;1;1;1;1
3915,1,1;1;1;1;1
3920,1,1;1;1;1;1
3925,1,1;1;1;1;1
3930,1,1;1;1;1;1
3935,1,1;1;1;1;1
3940,1,1;1;1;1;1
3945,1,1;1;1;1;1
3950,1,1;1;1;1;1
3955,1,1;1;1;1;1
3960,1,1;1;1;1;1
3965,1,1;1;1;1;1
3970,1,1;1;1;1;1
3975,1,1;1;1;1;1
3980,1,1;1;1;1;1
3985,1,1;1;1;1;1
3990,1,1;1;1;1;1
3995,1,1;1;1;1;1
4000,1,1;1;1;1;1
4005,1,1;1;1;1;1
4010,1,1;1;1;1;1
4015,1,1;1;1;1;1
4020,1,1;1;1;1;1
4025,1,1;1;1;1;1
4030,1,1;1;1;1;1
4035,1,1;1;1;1;1
4040,1,1;1;1;1;1
4045,1,1;1;1;1;1
4050,1,1;1;1;1;1
4055,1,1;1;1;1;1
4060,1,1;1;1;1;1
4065,1,1;1;1;1;1
4070,1,1;1;1;1;1
4075,1,1;1;1;1;1
4080,1,1;1;1;1;1
4085,1,1;1;1;1;1
4090,1,1;1;1;1;1
4095,1,1;1;1;1;1
4100,1,1;1;1;1;1
4105,1,1;1;1;1;1
4110,1,1;1;1;1;1
4115,1,1;1;1;1;1
4120,1,1;1;1;1;1
4125,1,1;1;1;1;1
4130,1,1;1;1;1;1
4135,1,1;1;1;1;1
4140,1,1;1;1;1;1
4145,1,1;1;1;1;1
4150,1,1;1;1;1;1
4155,1,1;1;1;1;1
4160,1,1;1;1;1;1
4165,1,1;1;1;1;1
4170,1,1;1;1;1;1
4175,1,1;1;1;1;1
4180,1,1;1;1;1;1
4185,1,1;1;1;1;1
4190,1,1;1;1;1;1
4195,1,1;1;1;1;1
4200,1,1;1;1;1;1
4205,1,1;1;1;1;1
4210,1,1;1;1;1;1
4215,1,1;1;1;1;1
4220,1,1;1;1;1;1
4225,1,1;1;1;1;1
4230,1,1;1;1;1;1
4235,1,1;1;1;1;1
4240,1,1;1;1;1;1
4245,1,1;1;1;1;1
4250,1,1;1;1;1;1
4255,1,1;1;1;1;1
4260,1,1;1;1;1;1
4265,1,1;1;1;1;1
4270,1,1;1;1;1;1
4275,1,1;1;1;1;1
4280,1,1;1;1;1;1
4285,1,1;1;1;1;1
4290,1,1;1;1;1;1
4295,1,1;1;1;1;1
4300,1,1;1;1;1;1
4305,1,1;1;1;1;1
4310,1,1;1;1;1;1
4315,1,1;1;1;1;1
4320,1,1;1;1;1;1
4325,1,1;1;1;1;1
4330,1,1;1;1;1;1
4335,1,1;1;1;1;1
4340,1,1;1;1;1;1
4345,1,1;1;1;1;1
4350,1,1;1;1;1;1
4355,1,1;1;1;1;1
4360,1,1;1;1;1;1
4365,1,1;1;1;1;1
4370,1,1;1;1;1;1
4375,1,1;1;1;1;1
4380,1,1;1;1;1;1
4385,1,1;1;1;1;1
4390,1,1;1;1;1;1
4395,1,1;1;1;1;1
4400,1,1;1;1;1;1
4405,1,1;1;1;1;1
4410,1,1;1;1;1;1
4415,1,1;1;1;1;1
4420,1,1;1;1;1;1
4425,1,1;1;1;1;1
4430,1,1;1;1;1;1
4435,1,1;1;1;1;1
4440,1,1;1;1;1;1
4445,1,1;1;1;1;1
4450,1,1;1;1;1;1
4455,1,1;1;1;1;1
4460,1,1;1;1;1;1
4465,1,1;1;1;1;1
4470,1,1;1;1;1;1
4475,1,1;1;1;1;1
4480,1,1;1;1;1;1
4485,1,1;1;1;1;1
4490,1,1;1;1;1;1
4495,1,1;1;1;1;1
4500,1,1;1;1;1;1
4505,1,1;1;1;1;1
4510,1,1;1;1;1;1
4515,1,1;1;1;1;1
4520,1,1;1;1;1;1
4525,1,1;1;1;1;1
4530,1,1;1;1;1;1
4535,1,1;1;1;1;1
4540,1,1;1;1;1;1
4545,1,1;1;1;1;1
4550,1,1;1;1;1;1
4555,1,1;1;1;1;1
4560,1,1;1;1;1;1
4565,1,1;1;1;1;1
4570,1,1;1;1;1;1
4575,1,1;1;1;1;1
4580,1,1;1;1;1;1
4585,1,1;1;1;1;1
4590,1,1;1;1;1;1
4595,1,1;1;1;1;1
4600,1,1;1;1;1;1
4605,1,1;1;1;1;1
4610,1,1;1;1;1;1
4615,1,1;1;1;1;1
4620,1,1;1;1;1;1
4625,1,1;1;1;1;1
4630,1,1;1;1;1;1
4635,1,1;1;1;1;1
4640,1,1;1;1;1;1
4645,1,1;1;1;1;1
4650,1,1;1;1;1;1
4655,1,1;1;1;1;1
4660,1,1;1;1;1;1
4665,1,1;1;1;1;1
4670,1,1;1;1;1;1
4675,1,1;1;1;1;1
4680,1,1;1;1;1;1
4685,1,1;1;1;1;1
4690,1,1;1;1;1;1
4695,1,1;1;1;1;1
4700,1,1;1;1;1;1
4705,1,1;1;1;1;1
4710,1,1;1;1;1;1
4715,1,1;1;1;1;1
4720,1,1;1;1;1;1
4725,1,1;1;1;1;1
4730,1,1;1;1;1;1
4735,1,1;1;1;1;1
4740,1,1;1;1;1;1
4745,1,1;1;1;1;1
4750,1,1;1;1;1;1
4755,1,1;1;1;1;1
4760,1,1;1;1;1;1
4765,1,1;1;1;1;1
4770,1,1;1;1;1;1
4775,1,1;1;1;1;1
4780,1,1;1;1;1;1
4785,1,1;1;1;1;1
4790,1,1;1;1;1;1
4795,1,1;1;1;1;1
4800,1,1;1;1;1;1
4805,1,1;1;1;1;1
4810,1,1;1;1;1;1
4815,1,1;1;1;1;1
4820,1,1;1;1;1;1
4825,1,1;1;1;1;1
4830,1,1;1;1;1;1
4835,1,1;1;1;1;1
4840,1,1;1;1;1;1
4845,1,1;1;1;1;1
4850,1,1;1;1;1;1
4855,1,1;1;1;1;1
4860,1,1;1;1;1;1
4865,1,1;1;1;1;1
4870,1,1;1;1;1;1
4875,1,1;1;1;1;1
4880,1,1;1;1;1;1
4885,1,1;1;1;1;1
4890,1,1;1;1;1;1
4895,1,1;1;1;1;1
4900,1,1;1;1;1;1
4905,1,1;1;1;1;1
4910,1,1;1;1;1;1
4915,1,1;1;1;1;1
4920,1,1;1;1;1;1
4925,1,1;1;1;1;1
4930,1,1;1;1;1;1
4935,1,1;1;1;1;1
4940,1,1;1;1;1;1
4945,1,1;1;1;1;1
4950,1,1;1;1;1;1
4955,1,1;1;1;1;1
4960,1,1;1;1;1;1
4965,1,1;1;1;1;1
4970,1,1;1;1;1;1
4975,1,1;1;1;1;1
4980,1,1;1;1;1;1
4985,1,1;1;1;1;1
4990,1,1;1;1;1;1
4995,1,1;1;1;1;1
5000,1,1;1;1;1;1
5005,1,1;1;1;1;1
5010,1,1;1;1;1;1
5015,1,1;1;1;1;1
5020,1,1;1;1;1;1
5025,1,1;1;1;1;1
5030,1,1;1;1;1;1
5035,1,1;1;1;1;1
5040,1,1;1;1;1;1
5045,1,1;1;1;1;1
5050,1,1;1;1;1;1
5055,1,1;1;1;1;1
5060,1,1;1;1;1;1
5065,1,1;1;1;1;1
5070,1,1;1;1;1;1
5075,1,1;1;1;1;1
5080,1,1;1;1;1;1
5085,1,1;1;1;1;1
5090,1,1;1;1;1;1
5095,1,1;1;1;1;1
5100,1,1;1;1;1;1
5105,1,1;1;1;1;1
5110,1,1;1;1;1;1
5115,1,1;1;1;1;1
5120,1,1;1;1;1;1
5125,1,1;1;1;1;1
5130,1,1;1;1;1;1
5135,1,1;1;1;1;1
5140,1,1;1;1;1;1
5145,1,1;1;1;1;1
5150,1,1;1;1;1;1
5155,1,1;1;1;1;1
5160,1,1;1;1;1;1
5165,1,1;1;1;1;1
5170,1,1;1;1;1;1
5175,1,1;1;1;1;1
5180,1,1;1;1;1;1
5185,1,1;1;1;1;1
5190,1,1;1;1;1;1
5195,1,1;1;1;1;1
5200,1,1;1;1;1;1
5205,1,1;1;1;1;1
5210,1,1;1;1;1;1
5215,1,1;1;1;1;1
5220,1,1;1;1;1;1
5225,1,1;1;1;1;1
5230,1,1;1;1;1;1
5235,1,1;1;1;1;1
5240,1,1;1;1;1;1
5245,1,1;1;1;1;1
5250,1,1;1;1;1;1
5255,1,1;1;1;1;1
5260,1,1;1;1;1;1
5265,1,1;1;1;1;1
5270,1,1;1;1;1;1
5275,1,1;1;1;1;1
5280,1,1;1;1;1;1
5285,1,1;1;1;1;1
5290,1,1;1;1;1;1
5295,1,1;1;1;1;1
5300,1,1;1;1;1;1
5305,1,1;1;1;1;1
5310,1,1;1;1;1;1
5315,1,1;1;1;1;1
5320,1,1;1;1;1;1
5325,1,1;1;1;1;1
5330,1,1;1;1;1;1
5335,1,1;1;1;1;1
5340,1,1;1;1;1;1
