Time,ID,x,y
0,0,0.005005850449928971,0.011899426142311764
0,1,0.005230324511592532,-0.4338361400333278
0,2,0.005125994177744994,0.2435226097620523
0,3,0.005027141856191123,0.0540664130497327
0,4,0.005120719924987179,-0.23365552880400386
0,5,0.0051200658441070915,0.23243009937895043
0,6,0.005157192557323932,-0.3013809225661124
0,7,0.0051493498111277545,-0.2869164819494381
0,8,0.0048812470422212005,0.2466308142709478
0,9,0.004827837981373669,-0.3647905080779109
0,10,0.004864609252731242,0.28290208115238746
0,11,0.005060016565213903,-0.11818021538608003
0,12,0.005038651400178354,0.07664664486989214
0,13,0.005070690469355742,-0.13875005182665023
0,14,0.005134334165177775,0.2590736343402925
0,15,0.004863568428116218,0.2851867223242366
0,16,0.00505460814040222,0.10771230257871478
0,17,0.005001764869985013,0.0037475540909063243
0,18,0.005096260683386186,-0.18755892084765968
0,19,0.005018519905931842,-0.03705381224642912
1,0,0.009990832821911863,0.011684554994194732
1,1,0.010449528054823886,-0.4335697913578833
1,2,0.010241908645536441,0.24327997704629706
1,3,0.010045124530936665,0.05384619647019576
1,4,0.010231410860342476,-0.23341409247562706
1,5,0.010230108975877474,0.23218881140929032
1,6,0.01030400163277441,-0.3011312092839934
1,7,0.01028839310886932,-0.2866685492816872
1,8,0.009754580114666497,0.2468177626044284
1,9,0.009648185069985965,-0.3649651154970031
1,10,0.010004044264677901,0.28309585395634523
1,11,0.010110574827887648,-0.11795254295496474
1,12,0.010068039683771596,0.07642381737550089
1,13,0.010131824021552889,-0.13851995937723768
1,14,0.010258508044832498,0.25882910949841975
1,15,0.009719364837634827,0.2853695999772875
1,16,0.010099807665438075,0.10748585645230514
1,17,0.00999459673897924,0.003533097856561065
1,18,0.010182725209336479,-0.18732303118355392
1,19,0.010027957935619228,-0.03683555213529437
2,0,0.014976207103661737,0.011699924744488197
2,1,0.0156461953879692,-0.4330608742437383
2,2,0.01533803714916062,0.24281589809306314
2,3,0.015045762933392224,0.053424585169112714
2,4,0.015322450106045393,-0.23295227794210233
2,5,0.015320517038258475,0.23172727769325738
2,6,0.015430221165435118,-0.30065373376325705
2,7,0.015407050372827441,-0.2861944419263399
2,8,0.014613888944688676,0.24717618746046324
2,9,0.014455640870533864,-0.36530005204113075
2,10,0.015142437593162559,0.2830258425882476
2,11,0.01514299428482202,-0.11751679695974898
2,12,0.015079807494482093,0.0759972552580696
2,13,0.015174557065123377,-0.13807962758739536
2,14,0.015362682709036696,0.2583614497823538
2,15,0.014561516839900424,0.2857202801196095
2,16,0.015127000288958515,0.10705243461465426
2,17,0.014970685864387656,0.003122413461605766
2,18,0.015250154816438974,-0.18687171805658942
2,19,0.015020257213993877,-0.03641765145578373
3,0,0.019952127308348288,0.011926388239052427
3,1,0.020811898661685733,-0.43233148783633546
3,2,0.020407160206816207,0.24215006152839552
3,3,0.02002292654480624,0.05281906921941255
3,4,0.02038667765829532,-0.23228965451050596
3,5,0.020384137392744563,0.2310650527571378
3,6,0.020528276677945375,-0.29996889531205967
3,7,0.02049783687566717,-0.28551437974411054
3,8,0.01945455048963073,0.24769171459374867
3,9,0.019246104460709765,-0.3657820536745603
3,10,0.02026751871275228,0.2827147603772511
3,11,0.02015078831957471,-0.11689119000036381
3,12,0.01999207722382685,0.07539398775490745
3,13,0.020192286066774527,-0.13744750545483017
3,14,0.020439544309169742,0.25769053297640865
3,15,0.019385575980074055,0.28622475746490855
3,16,0.02012975839307536,0.1064301302259836
3,17,0.01992417248233741,0.0025324387804403674
3,18,0.020291663301729462,-0.18622400048808602
3,19,0.019989379616001845,-0.035817412139233555
4,0,0.024911050039738262,0.012346040841259068
4,1,0.025940617890126538,-0.43140202071852346
4,2,0.025444071524551845,0.24130064891840936
4,3,0.02497215500102859,0.052045812947534575
4,4,0.025418927650228323,-0.23144429437249342
4,5,0.02541580918114377,0.2302201952428462
4,6,0.025592721327786335,-0.2990955266971412
4,7,0.02555536647098131,-0.2846470311139415
4,8,0.024273157927930333,0.24835104534562358
4,9,0.02401653989864544,-0.36639884466250694
4,10,0.025370010622398992,0.2821838443670634
4,11,0.025129251289441233,-0.11609254979013665
4,12,0.024924866320110844,0.07504402441312695
4,13,0.02504410125304962,-0.13666265755950882
4,14,0.02548382248372392,0.25683471401503993
4,15,0.02418825909868984,0.28687007320095786
4,16,0.024997967286955275,0.10565250538936415
4,17,0.024850783622936322,0.0017788308482719667
4,18,0.025302271364332808,-0.18539744609109865
4,19,0.024930928636858342,-0.03505082569922593
5,0,0.02984731877732875,0.012942248890412147
5,1,0.031028257513552936,-0.4302911795804923
5,2,0.03020787169099218,0.24033259288998302
5,3,0.029890335932974604,0.05111969259993273
5,4,0.03041563649468542,-0.23043280692056126
5,5,0.030185503498053115,0.22925512449871718
5,6,0.0306198148037687,-0.2980509267871288
5,7,0.030575936880073946,-0.28360954595339616
5,8,0.029067292834366,0.24914191648078476
5,9,0.028764778879787185,-0.3671390973401042
5,10,0.030443072144463134,0.2814527950645821
5,11,0.030075112735694316,-0.1151363558000705
5,12,0.02986455009847089,0.07492737296662927
5,13,0.029926957803663064,-0.1361375665288663
5,14,0.030491887724321202,0.2558108586986895
5,15,0.028967230826801874,0.28764427475280535
5,16,0.02989703913697254,0.10513768752353188
5,17,0.029747528576480445,0.000876004201737447
5,18,0.030095985239169846,-0.1844444955133258
5,19,0.029841833280438032,-0.03413261113837795
6,0,0.03475681280763653,0.013699637631781503
6,1,0.036072246367943275,-0.4290160557133287
6,2,0.03501353959867183,0.23962558150498184
6,3,0.03477543669526527,0.05005435446054179
6,4,0.03537451750805789,-0.2292704007491988
6,5,0.034997000047699074,0.22855213947278233
6,6,0.035607174063989486,-0.2968509240474477
6,7,0.03555718564527347,-0.2824176188926849
6,8,0.03383533464618885,0.25005304849340426
6,9,0.033489355443941146,-0.3679923829587263
6,10,0.035203745639491565,0.2805901657408682
6,11,0.03498624972185136,-0.11403679875346377
6,12,0.03480039816658601,0.07502507650991498
6,13,0.03482564574407986,-0.13585238196579394
6,14,0.03521140777701147,0.254693591773683
6,15,0.034004706815253305,0.28858962080047207
6,16,0.034811524850380686,0.10486550901142933
6,17,0.03461158396285709,-0.00016262819840184828
6,18,0.03493122287893262,-0.18375787422212067
6,19,0.03472008475575353,-0.0330762727015017
7,0,0.03963665282169034,0.014604051788168992
7,1,0.040657155927390144,-0.42771014821943887
7,2,0.03984467337298046,0.2391604496295402
7,3,0.03962628221658954,0.048862285256104455
7,4,0.040294292413364366,-0.22797096247194532
7,5,0.03983381396103474,0.22809196850405933
7,6,0.04055348552783515,-0.29550995882141656
7,7,0.04049780653476991,-0.2810855708012262
7,8,0.03857630205326442,0.2510740872593067
7,9,0.03818936811957503,-0.3689491175336144
7,10,0.03999897220638453,0.2799762789019157
7,11,0.03986144891710283,-0.11280685391448315
7,12,0.0397240816899227,0.07531932735726889
7,13,0.039728052222698054,-0.13578813703045312
7,14,0.03998300663483988,0.2538459749624519
7,15,0.03908853082993698,0.28921134503196644
7,16,0.039729139225402034,0.10481670198770733
7,17,0.0395255208498991,-0.0009072080008635435
7,18,0.03979116038731282,-0.183317873312954
7,19,0.03956451837185781,-0.03189416953646798
8,0,0.04448495551726643,0.015642498533201432
8,1,0.04530525487078203,-0.42666706458126363
8,2,0.044688060716083285,0.2389187323488653
8,3,0.04444237197562953,0.04755488898093854
8,4,0.04517447101768174,-0.22654714456934877
8,5,0.04468267280752463,0.22785604501174744
8,6,0.04545826928219458,-0.29404117576958116
8,7,0.0453973171206134,-0.27962644022479743
8,8,0.04328972152756827,0.252195542552909
8,9,0.04286436540888093,-0.37000050552506436
8,10,0.04481409862226354,0.27959264921092114
8,11,0.0447002108563051,-0.11145836166790637
8,12,0.044629251147595445,0.07579351762607771
8,13,0.04462465050814689,-0.13592690428102147
8,14,0.04478850468903392,0.2532487797190922
8,15,0.044196083777080564,0.2895346468346757
8,16,0.04464023682686129,0.10497305875548481
8,17,0.0444691623557301,-0.001379560391663036
8,18,0.04466228032332575,-0.18310550916207288
8,19,0.04437463378036256,-0.030597591554003507
9,0,0.04930063013777586,0.016803079999951426
9,1,0.04999785830003216,-0.42586907236587557
9,2,0.04953317163641031,0.2388828563733391
9,3,0.04917777027157978,0.04615614161833492
9,4,0.05001517136350968,-0.2250104567977832
9,5,0.04953300492539201,0.22782670062029275
9,6,0.050321686943021714,-0.2924565204157225
9,7,0.050255869315708884,-0.27805207880985267
9,8,0.047975518792698,0.2534087259193392
9,9,0.047514251025618806,-0.3711384833574929
9,10,0.04963735033849286,0.2794215647443684
9,11,0.04939511408605751,-0.11003470120833693
9,12,0.0495111777120001,0.07643224491065521
9,13,0.049508058638661215,-0.13625187892428042
9,14,0.04961316751772747,0.2528833249410392
9,15,0.04930951653103697,0.2895838832538044
9,16,0.0496428734507794,0.10532493905572694
9,17,0.04942634979100417,-0.0016008452693795881
9,18,0.04953384184855616,-0.18310272361840105
9,19,0.04915044752392491,-0.029196837458251818
10,0,0.05408321060133045,0.01807492045703028
10,1,0.054719636940679446,-0.42529877077316186
10,2,0.05437171650553492,0.2390362530988301
10,3,0.05399094209467948,0.04506978732751928
10,4,0.054816973661915014,-0.2233713574078605
10,5,0.05437649372387186,0.22798727912862232
10,6,0.05514438590719382,-0.290766835657362
10,7,0.05507409573062215,-0.27637324665882074
10,8,0.05287986194566441,0.25477416046833046
10,9,0.05213920577625411,-0.3723556641582723
10,10,0.05445936903679217,0.27944623604331087
10,11,0.05416868242823606,-0.10891731246609483
10,12,0.05436645091358687,0.07722128696225619
10,13,0.05437266198860274,-0.13674740963744167
10,14,0.05444517123824339,0.25273171744803197
10,15,0.05441494721853867,0.28938222326251445
10,16,0.0546528148677013,0.10542323538260134
10,17,0.05438429552381733,-0.0015912705946677414
10,18,0.054397419524068145,-0.1832925016852203
10,19,0.053892372643079146,-0.027701292173789485
11,0,0.05883271763080908,0.01944809177455003
11,1,0.05945812040400758,-0.42493935201866817
11,2,0.05919726517200842,0.23936341414619824
11,3,0.05885698707660919,0.04427446220769896
11,4,0.0595808022680696,-0.22163934168327193
11,5,0.05920669364495191,0.22832219239145415
11,6,0.0596526810360938,-0.2890844633066296
11,7,0.05985298572983617,-0.27459970492906965
11,8,0.05786463796731441,0.2557912865001068
11,9,0.0567396234118092,-0.37364528463464114
11,10,0.05927281144986432,0.2796508792491047
11,11,0.058996531025799756,-0.1080855145375364
11,12,0.059192725356618715,0.07814755578876378
11,13,0.05921429310323209,-0.13739899239447156
11,14,0.05953001421895805,0.2527793920059137
11,15,0.059211038724241515,0.28897606471302784
11,16,0.05965768914244833,0.10528885799289006
11,17,0.059333017730082094,-0.0013699177932379092
11,18,0.05924650626801455,-0.18365892877019574
11,19,0.05860112083573445,-0.02611950182062556
12,0,0.06354954603294732,0.020913539674737528
12,1,0.06463118587167807,-0.4247599312128354
12,2,0.06400492155933005,0.23984990549715998
12,3,0.06375566896967132,0.04374894697062692
12,4,0.06409893664719801,-0.21990329181478865
12,5,0.0640187021507812,0.22881693441212225
12,6,0.06425862016966799,-0.28770267517786885
12,7,0.06459378599517465,-0.27274030397977456
12,8,0.0629009461226221,0.2564849192062714
12,9,0.06131605816843614,-0.3750011546652901
12,10,0.06407200468600993,0.2800207511447319
12,11,0.06385878308030753,-0.10751874254088362
12,12,0.06398850969033446,0.07919903886669011
12,13,0.06402996195142464,-0.13819323896822575
12,14,0.06460696397931022,0.2525811764379852
12,15,0.06401633344087537,0.2887826535436052
12,16,0.06464794742807661,0.104941473870915
12,17,0.06426485308988578,-0.0009546492983078796
12,18,0.06407617458498101,-0.18418720456046103
12,19,0.06327762333513604,-0.02445924506473057
13,0,0.06823437296035706,0.022463012428334827
13,1,0.06978535272606044,-0.42433313405615236
13,2,0.06879104767358145,0.24048235255221048
13,3,0.06867071179892545,0.043472606756119886
13,4,0.06872142047275498,-0.21847872305075658
13,5,0.06880888159427075,0.22945806610700453
13,6,0.06893637377105821,-0.28660293420032334
13,7,0.06929792122724245,-0.27080306607951465
13,8,0.06796557554038356,0.25687972587561503
13,9,0.06586918205853581,-0.37641760993437845
13,10,0.06885265243766776,0.28054214984162373
13,11,0.0687393969595043,-0.10719697303924314
13,12,0.06883077648203706,0.08038376416629296
13,13,0.06881762997809425,-0.13911782882777923
13,14,0.06966576308107612,0.2521582904810334
13,15,0.06882134039762604,0.2887852883484629
13,16,0.06961636122744308,0.10439942910068173
13,17,0.06917404104056657,-0.0003620751119636481
13,18,0.06888278964060354,-0.1848636265403137
13,19,0.06792296726642864,-0.02272760015900411
14,0,0.07288808360969837,0.024088993048394496
14,1,0.07491137200841577,-0.4236811528933053
14,2,0.0735530309500995,0.24124840542811216
14,3,0.07358917216087978,0.043425683370458545
14,4,0.07342059183640816,-0.2173466351723073
14,5,0.07357462483447574,0.23023318015641073
14,6,0.07366459043213981,-0.2857664194045592
14,7,0.06929792122724245,-0.27080306607951465
14,8,0.0730401138418579,0.2569996603789604
14,9,0.0703997502733859,-0.3778894677571675
14,10,0.07361158621614243,0.28120239158398785
14,11,0.07362556509720924,-0.10710100855135993
14,12,0.073735389194034,0.08125595546821458
14,13,0.07357602181443242,-0.14016145086118723
14,14,0.07469872504560326,0.2515305031525932
14,15,0.07361859362126431,0.28896825167365975
14,16,0.07445304303149568,0.10369495768808888
14,17,0.07405637208657777,0.0003924392459885123
14,18,0.07366376776038255,-0.18567555296945093
14,19,0.07253834475960878,-0.02093100733562837
15,0,0.07751171135680737,0.02578463559303062
15,1,0.08000252981841827,-0.4228245299485406
15,2,0.07828908917401554,0.24213669145524103
15,3,0.07850088899017132,0.043589476829803436
15,4,0.07817359496475541,-0.2164876032148792
15,5,0.07854310376309799,0.231174215399224
15,6,0.07842577329228155,-0.28517450789050475
15,7,0.06929792122724245,-0.27080306607951465
15,8,0.0778502135380394,0.25687436509295825
15,9,0.07490857331617691,-0.37941198612070987
15,10,0.0783465559021815,0.2819897715611254
15,11,0.07850718611448709,-0.10721265601904814
15,12,0.07867903804657378,0.08183819834504644
15,13,0.07830446909963909,-0.14131373959718022
15,14,0.07970025187186049,0.2507161086188216
15,15,0.0784023080809904,0.2893168489147292
15,16,0.07931620139603923,0.10324590481799059
15,17,0.07890889240783139,0.001294736676759597
15,18,0.07841737425967911,-0.18661135263703182
15,19,0.07253834475960878,-0.02093100733562837
16,0,0.07751171135680737,0.02578463559303062
16,1,0.08505414912147062,-0.4217821652587858
16,2,0.08299810767893054,0.24313676000773007
16,3,0.08339800762017502,0.04394644527789001
16,4,0.08296171469088641,-0.21588232135238739
16,5,0.08355714455582394,0.23180158551670016
16,6,0.08349361289617564,-0.2847871034586624
16,7,0.06929792122724245,-0.27080306607951465
16,8,0.08265726313448558,0.2569426629537759
16,9,0.07939649470520847,-0.3809808258766823
16,10,0.08305605427228095,0.2828935146021492
16,11,0.08337640733025618,-0.10751482678523806
16,12,0.08364298307721459,0.08215263138522284
16,13,0.08300278150253677,-0.14256520926411942
16,14,0.08441729511526105,0.24978132040063847
16,15,0.08316808600606487,0.2898174122946285
16,16,0.08419137005307036,0.10303265962112251
16,17,0.0837309405708118,0.002332090270609482
16,18,0.08314255501439818,-0.18766034677070337
16,19,0.07253834475960878,-0.02093100733562837
17,0,0.07751171135680737,0.02578463559303062
17,1,0.0896482068373298,-0.42067167511975617
17,2,0.08767950407096713,0.24423902339641443
17,3,0.08827457244536006,0.04448024585030945
17,4,0.0879879925764132,-0.2154951759045514
17,5,0.08859509381367138,0.2321393488991721
17,6,0.08853635382981849,-0.28418825491064204
17,7,0.06929792122724245,-0.27080306607951465
17,8,0.08745419780509914,0.2571889236033869
17,9,0.08386437327504698,-0.3825920159662448
17,10,0.08773917064504629,0.2839037200688161
17,11,0.08822723242023547,-0.10799157953908341
17,12,0.08861233367832451,0.08222056319064175
17,13,0.08767114065617372,-0.1439071880192237
17,14,0.08917403091089557,0.24910167256494442
17,15,0.08791266787645241,0.2904572804465968
17,16,0.08906705753554404,0.1030365230683122
17,17,0.08860296740177032,0.003077624557872024
17,18,0.08783879676172852,-0.1888127469965615
17,19,0.07253834475960878,-0.02093100733562837
18,0,0.07751171135680737,0.02578463559303062
18,1,0.09429156397012248,-0.4198094546434449
18,2,0.092333116284459,0.2454346964872659
18,3,0.09312618129237485,0.045175733780722885
18,4,0.0929899980591391,-0.21490481917149348
18,5,0.09363979390345845,0.2322107772137747
18,6,0.09354787785414338,-0.2833968352658391
18,7,0.06929792122724245,-0.27080306607951465
18,8,0.0922355780533179,0.2575985567686364
18,9,0.08831306926285086,-0.38424192152096315
18,10,0.09239546932001756,0.2850113040681881
18,11,0.09305518781306688,-0.10862812271921136
18,12,0.09349196407477518,0.08206489066538927
18,13,0.09231001330495052,-0.14533175393132447
18,14,0.09395470180998079,0.2486585767116687
18,15,0.0926337224955862,0.2912247615512828
18,16,0.09393425439000563,0.10323984771547509
18,17,0.09350491424426598,0.003552770362906773
18,18,0.09250601171605757,-0.19005959212038118
18,19,0.07253834475960878,-0.02093100733562837
19,0,0.07751171135680737,0.02578463559303062
19,1,0.09896810475465931,-0.41917827721149004
19,2,0.09695911031576725,0.2467157369032729
19,3,0.09799492229095755,0.04602683915621776
19,4,0.09796206140353786,-0.21412922389495181
19,5,0.098677837446571,0.2320380323596595
19,6,0.09852387118171779,-0.28243023559185976
19,7,0.06929792122724245,-0.27080306607951465
19,8,0.09699730297760052,0.2581580094243536
19,9,0.09274343350170508,-0.3859272146634512
19,10,0.097024889008885,0.28620794120026766
19,11,0.09785704104423641,-0.10941078889535154
19,12,0.09836956054981791,0.08212373926828555
19,13,0.09692008049742495,-0.14683167374693146
19,14,0.09874659499047536,0.24843412689709668
19,15,0.09732967089399328,0.2921090859619002
19,16,0.09889060486747073,0.10363443693275758
19,17,0.09842068341532412,0.003778337520309198
19,18,0.09714444265975133,-0.19139268565396453
19,19,0.07253834475960878,-0.02093100733562837
20,0,0.07751171135680737,0.02578463559303062
20,1,0.10366466473273903,-0.418761414748666
20,2,0.10179831528506382,0.24814583402522866
20,3,0.1029009734399435,0.04659497801863824
20,4,0.1029001785396674,-0.2131849560793486
20,5,0.10369891872176452,0.23164197443273907
20,6,0.10346146484594934,-0.28130441275871276
20,7,0.06929792122724245,-0.27080306607951465
20,8,0.10199587223182303,0.25889289230528906
20,9,0.0971562991561864,-0.3876448478220542
20,10,0.10162765995980748,0.28748600737352287
20,11,0.10263056441651401,-0.11032699051923588
20,12,0.10323652838818703,0.082379563130683
20,13,0.10150218013306404,-0.14840034506548508
20,14,0.10353956194438141,0.24841127876608016
20,15,0.10199953927307705,0.29310035268948664
20,16,0.10385665733691014,0.10377415760243666
20,17,0.10333750683957371,0.003774227686531442
20,18,0.10175458520119555,-0.19280453537993555
20,19,0.07253834475960878,-0.02093100733562837
21,0,0.07751171135680737,0.02578463559303062
21,1,0.10837058507726798,-0.41854283266839365
21,2,0.10672388260912358,0.2492269360314479
21,3,0.10782636410447329,0.04690163574995712
21,4,0.10780168128375198,-0.21208722370931635
21,5,0.10869527710817707,0.23104206478902486
21,6,0.1083589367431028,-0.2800339595946153
21,7,0.06929792122724245,-0.27080306607951465
21,8,0.10702567020093379,0.2593272208509394
21,9,0.10155247553062867,-0.3893920293722949
21,10,0.1064845098111914,0.2889213541638256
21,11,0.1073743377312547,-0.11136516399968147
21,12,0.10808626829929245,0.08281595838312204
21,13,0.1060572605875763,-0.15003174225888344
21,14,0.10832559953993687,0.24857395555596348
21,15,0.1069329324378537,0.2942575170502566
21,16,0.10881962137980461,0.10367973660122139
21,17,0.10824155404360233,0.0035594255494140084
21,18,0.10633712437337388,-0.19428829578349865
21,19,0.07253834475960878,-0.02093100733562837
22,0,0.07751171135680737,0.02578463559303062
22,1,0.11307732037958303,-0.4185073129510775
22,2,0.11170608542899506,0.24998321968933673
22,3,0.11275679236246572,0.04696747909910266
22,4,0.11245566606526763,-0.21090319281111095
22,5,0.1136612247121863,0.2302563366443139
22,6,0.11321546623865583,-0.2786321880931574
22,7,0.06929792122724245,-0.27080306607951465
22,8,0.11206775077161617,0.2594847721778715
22,9,0.10594427146263828,-0.39113746999415866
22,10,0.11142900042082841,0.29000217701091346
22,11,0.11208758441883691,-0.1125147071808626
22,12,0.1129138212200641,0.08341767845601264
22,13,0.1105863435020142,-0.15172036626450827
22,14,0.11309848845371535,0.24890710026000543
22,15,0.11192974186027593,0.29507853235140036
22,16,0.11376957303355986,0.10337072109170523
22,17,0.1131461738753215,0.0035722405435410763
22,18,0.1108928831721681,-0.19583771384106624
22,19,0.07253834475960878,-0.02093100733562837
23,0,0.07751171135680737,0.02578463559303062
23,1,0.11777809729972977,-0.41864052345798647
23,2,0.11672094073673935,0.2504388922698906
23,3,0.11768102329581552,0.04681213005020192
23,4,0.11716756513818223,-0.20999453912127422
23,5,0.11859274901399737,0.2293014123580855
23,6,0.11803093316467378,-0.27711121901875
23,7,0.06929792122724245,-0.27080306607951465
23,8,0.11710723540562669,0.25938831861114553
23,9,0.11033169134840727,-0.3928811714348333
23,10,0.11643065688299081,0.29075310048286324
23,11,0.11677003601860143,-0.11376591387234249
23,12,0.11771556770560526,0.0841706171285809
23,13,0.1150904941302246,-0.15346119823837895
23,14,0.11785348377964822,0.24939668891561115
23,15,0.11696410379430593,0.295588219139344
23,16,0.11869895188115594,0.10286538724009069
23,17,0.11804156021228802,0.003794052087263607
23,18,0.11542278100551633,-0.19744707841245815
23,19,0.07253834475960878,-0.02093100733562837
24,0,0.07751171135680737,0.02578463559303062
24,1,0.12246762013207411,-0.41892904769111117
24,2,0.12174933028807641,0.250617590482924
24,3,0.12254271101687288,0.04645751139630572
24,4,0.12191798552069583,-0.2093421678125262
24,5,0.12348718111460023,0.22819255184127302
24,6,0.12280575402923398,-0.2754820732750739
24,7,0.06929792122724245,-0.27080306607951465
24,8,0.12213262019603299,0.2590593854154777
24,9,0.11471473957974726,-0.3946231354397656
24,10,0.1214649210857846,0.29119880600625186
24,11,0.12153334467769544,-0.11514212955315406
24,12,0.1224889751531414,0.08506176980096714
24,13,0.11957079790281709,-0.15524965695921591
24,14,0.12258705216123868,0.25002971649382427
24,15,0.1220153788186137,0.2958109422466161
24,16,0.1236021325990033,0.10218070951290123
24,17,0.12292016375127576,0.004207410941372475
24,18,0.1199278003459433,-0.19911117331178257
24,19,0.07253834475960878,-0.02093100733562837
25,0,0.07751171135680737,0.02578463559303062
25,1,0.12714181870241295,-0.4193603860284095
25,2,0.12677621342313164,0.2505419811270062
25,3,0.127411780705119,0.04633615261828108
25,4,0.12669114253487918,-0.2089273911705871
25,5,0.12834292053497823,0.22694372063700374
25,6,0.12754074923053296,-0.27375476189432163
25,7,0.07381580583450817,-0.27244976576363755
25,8,0.12713517817035042,0.2585181181138044
25,9,0.11909342054409382,-0.39636336375266334
25,10,0.12651224370446518,0.29136340451188775
25,11,0.12637580190124223,-0.11619130445985126
25,12,0.12723238643317716,0.08607918078395989
25,13,0.12402834208913326,-0.1570815598125631
25,14,0.12729664979381525,0.2507941640914601
25,15,0.12706731205590419,0.29577015054593253
25,16,0.12847506307052714,0.10133237226655928
25,17,0.12777629155200626,0.004796073985178554
25,18,0.12440896015437444,-0.20082523401385238
25,19,0.07253834475960878,-0.02093100733562837
26,0,0.07751171135680737,0.02578463559303062
26,1,0.1317976338413752,-0.41992293690356486
26,2,0.1317899364349457,0.25023351240769437
26,3,0.1322773249091402,0.04642939217865997
26,4,0.13147431328844525,-0.2087322076866464
26,5,0.1331592082327889,0.22556766937311215
26,6,0.13197626366737877,-0.2720392318610379
26,7,0.07831180675400581,-0.27414182358551803
26,8,0.13210844992432433,0.2577832283399876
26,9,0.1234677386245109,-0.3981018581154967
26,10,0.13155727078921023,0.29127001989022205
26,11,0.13127074641238948,-0.11693590608029146
26,12,0.13194484402406684,0.08721188232856773
26,13,0.12846420162703606,-0.15895308714725967
26,14,0.13198053592117626,0.251678953946756
26,15,0.132107293544853,0.2954880858279583
26,16,0.13331496092253414,0.1003348098931809
26,17,0.13260576752278405,0.005544998931967009
26,18,0.12886729487761395,-0.2025849078741271
26,19,0.07253834475960878,-0.02093100733562837
27,0,0.07751171135680737,0.02578463559303062
27,1,0.13643283579850116,-0.4206059643644297
27,2,0.13678163599005805,0.24971227574160096
27,3,0.1371308422994633,0.0467196564140871
27,4,0.13625735344220047,-0.2087394826872917
27,5,0.13793594037264195,0.22407601867141685
27,6,0.1365132229753857,-0.27062388288899325
27,7,0.0827868917355375,-0.275875291647574
27,8,0.1370478137366377,0.25687199459921695
27,9,0.12783769819969518,-0.39983862026850026
27,10,0.1365881301527978,0.2909405297716992
27,11,0.13619658176945262,-0.11739832030646889
27,12,0.1366259443557852,0.0884498295317144
27,13,0.1328794283486,-0.16086074977738443
27,14,0.1366376168803752,0.2526738971041158
27,15,0.13712571769181275,0.29498561603371526
27,16,0.13812006062840942,0.09920126533853997
27,17,0.13740564660656732,0.006440311657357498
27,18,0.1333038380204631,-0.20438621769012622
27,19,0.07253834475960878,-0.02093100733562837
28,0,0.07751171135680737,0.02578463559303062
28,1,0.14104587125168241,-0.4213995568441058
28,2,0.141744730042136,0.24899694695155908
28,3,0.141965821515013,0.04719051966708491
28,4,0.1410322756210839,-0.20893305523018157
28,5,0.14267351629901873,0.22247934538694839
28,6,0.1411253331364954,-0.2694907945948105
28,7,0.08724201855545574,-0.27764656094493184
28,8,0.14195012567762208,0.2558003002098605
28,9,0.1322033036439805,-0.40157365195017464
28,10,0.14159581516438108,0.2903954215478921
28,11,0.1411360092686204,-0.1176003526265821
28,12,0.14136278130604982,0.08980881231201758
28,13,0.1372750429623763,-0.16280135939605264
28,14,0.1412673162470803,0.2537696372479685
28,15,0.14211543574905314,0.29428215811007946
28,16,0.142889403908229,0.09794385954760237
28,17,0.14217397563203296,0.0074692555996283
28,18,0.1377196094609712,-0.20622552840305589
28,19,0.07253834475960878,-0.02093100733562837
29,0,0.07751171135680737,0.02578463559303062
29,1,0.1456357349462859,-0.42229458073205867
29,2,0.14667448766000823,0.24810478314949722
29,3,0.146777386299081,0.04782671850053729
29,4,0.14579288549531566,-0.20929779070511126
29,5,0.1473727150469401,0.22078726737612966
29,6,0.1457907799387752,-0.2686216292335672
29,7,0.09167812531269237,-0.27945233139977677
29,8,0.1468134203789488,0.25458269530986377
29,9,0.13656455932734218,-0.40330695489728824
29,10,0.1465736592248766,0.28965373109120995
29,11,0.14595483425605396,-0.1175638101425786
29,12,0.14617689072748521,0.09084618491267946
29,13,0.1372750429623763,-0.16280135939605264
29,14,0.1458694671490912,0.2549575932293119
29,15,0.14707129269110847,0.29339566396316946
29,16,0.14762266688467715,0.09657366648199073
29,17,0.14690959428005723,0.008620130198635308
29,18,0.14211560581813726,-0.20809951672405225
29,19,0.07253834475960878,-0.02093100733562837
30,0,0.07751171135680737,0.02578463559303062
30,1,0.15020186241371902,-0.4232826313699648
30,2,0.15156766848471198,0.2470516574883744
30,3,0.15156199519701002,0.048614133849725315
30,4,0.15053447034335135,-0.20981959422907265
30,5,0.15203459554671173,0.21900852496504283
30,6,0.15049162139362637,-0.26799813436821357
30,7,0.09609612317696245,-0.2812895845487151
30,8,0.15138538485417788,0.25330281653850817
30,9,0.14092146961540145,-0.405038530844879
30,10,0.15151689204169447,0.28873303939100986
30,11,0.15076687613265521,-0.11772656494454585
30,12,0.15104233614528756,0.09158395225401778
30,13,0.1372750429623763,-0.16280135939605264
30,14,0.15044422331495164,0.2562299020546589
30,15,0.1519897388412655,0.29234264954072187
30,16,0.1523200182261575,0.09510078993023316
30,17,0.15161197024096965,0.009882223428278363
30,18,0.14211560581813726,-0.20809951672405225
30,19,0.07253834475960878,-0.02093100733562837
31,0,0.07751171135680737,0.02578463559303062
31,1,0.15474404063638159,-0.4243559833596258
31,2,0.15642222262936664,0.24585211857088224
31,3,0.15631718906239186,0.04953975155017099
31,4,0.1552535344307557,-0.2104853964095554
31,5,0.15666041641740236,0.21715105799308235
31,6,0.15548710843759947,-0.2675795496668642
31,7,0.10049689112288239,-0.2831555586728585
31,8,0.15602202472813043,0.2522978095657178
31,9,0.14527403886942977,-0.40676838152625616
31,10,0.15642226805730428,0.2876495084989888
31,11,0.15556496403023198,-0.11807235209024149
31,12,0.15593808229945522,0.09204402195724008
31,13,0.1372750429623763,-0.16280135939605264
31,14,0.15524392040834867,0.2576541202875985
31,15,0.1568685065447764,0.2911382522184189
31,16,0.1569820032646562,0.09353443950940622
31,17,0.15628106331163327,0.011245742025846063
31,18,0.14211560581813726,-0.20809951672405225
31,19,0.07253834475960878,-0.02093100733562837
32,0,0.07751171135680737,0.02578463559303062
32,1,0.15968364588897746,-0.42561491949467795
32,2,0.161237042397718,0.24451946485775367
32,3,0.16104137994812048,0.05059160900759931
32,4,0.15994757552992855,-0.21128312025344695
32,5,0.16125157189352674,0.21522207781021277
32,6,0.16045678937111874,-0.26695639168964663
32,7,0.10489327297918866,-0.2850196730466525
32,8,0.16070325848394246,0.2515492724601688
32,9,0.14962227144635326,-0.40849650867300197
32,10,0.16128775747811747,0.2864179430063099
32,11,0.1603436302626958,-0.11858600199836855
32,12,0.1608472562650892,0.09224772782289911
32,13,0.1372750429623763,-0.16280135939605264
32,14,0.16012986952881586,0.25873149940538037
32,15,0.16170634269209683,0.28979630564111236
32,16,0.1616094497818519,0.09188300412753633
32,17,0.16091721384827123,0.012701741929928193
32,18,0.14211560581813726,-0.20809951672405225
32,19,0.07253834475960878,-0.02093100733562837
33,0,0.07751171135680737,0.02578463559303062
33,1,0.1646975777523142,-0.42651561279450445
33,2,0.1660117579958283,0.24306582712887412
33,3,0.16573367548121687,0.05175873371029927
33,4,0.16461489717823236,-0.2122016358002616
33,5,0.16580954099251013,0.21322813395910245
33,6,0.16539496516568858,-0.2661467262768135
33,7,0.10928527314666382,-0.28688192953607733
33,8,0.1654126373832926,0.2510390603715756
33,9,0.15396617169875695,-0.4102229140149734
33,10,0.16611229093272212,0.28505186699837337
33,11,0.16509880608782174,-0.1192534371965015
33,12,0.16575648686126898,0.09221551235258545
33,13,0.1372750429623763,-0.16280135939605264
33,14,0.16507248483692244,0.2594858006097264
33,15,0.1665027886982524,0.28832942420399615
33,16,0.16620339179580848,0.09015412181267574
33,17,0.16552105161885067,0.014242060625708758
33,18,0.14211560581813726,-0.20809951672405225
33,19,0.07253834475960878,-0.02093100733562837
34,0,0.07751171135680737,0.02578463559303062
34,1,0.16975634040558313,-0.4270840829508046
34,2,0.17074657030206547,0.24150225409373435
34,3,0.17044513172534076,0.05304511107184369
34,4,0.1692544516998199,-0.21323070734843555
34,5,0.17033584751283246,0.21117517551581044
34,6,0.17029762287681638,-0.26516721100129287
34,7,0.10928527314666382,-0.28688192953607733
34,8,0.17013681134595826,0.250749589165213
34,9,0.15830574397488928,-0.4119475992803039
34,10,0.17089554962156317,0.2835636092682677
34,11,0.16994853229028775,-0.12008231974815245
34,12,0.17065532468025132,0.0919667286664085
34,13,0.1372750429623763,-0.16280135939605264
34,14,0.17004785432321662,0.2599408627650216
34,15,0.1712580004724425,0.2867490916475375
34,16,0.16620339179580848,0.09015412181267574
34,17,0.17009342167107333,0.015859252497506752
34,18,0.14211560581813726,-0.20809951672405225
34,19,0.07253834475960878,-0.02093100733562837
35,0,0.07751171135680737,0.02578463559303062
35,1,0.17483637749388095,-0.4273461358412258
35,2,0.1754421146546181,0.2398387977718352
35,3,0.1752271752184066,0.05402081393223815
35,4,0.17386570951555205,-0.21436093682618027
35,5,0.17483202886220395,0.2090686072241607
35,6,0.17516210241813848,-0.2640331420602229
35,7,0.10928527314666382,-0.28688192953607733
35,8,0.1748650531025802,0.25066403771930845
35,9,0.15830574397488928,-0.4119475992803039
35,10,0.17563779375057517,0.28196439170431603
35,11,0.1748349735297873,-0.12062412376176695
35,12,0.17553573997592334,0.09151953050854664
35,13,0.1372750429623763,-0.16280135939605264
35,14,0.17503688072710938,0.2601200022680402
35,15,0.17597260185962055,0.2850657499476882
35,16,0.16620339179580848,0.09015412181267574
35,17,0.17463532434185644,0.017546527852319853
35,18,0.14211560581813726,-0.20809951672405225
35,19,0.07253834475960878,-0.02093100733562837
36,0,0.07751171135680737,0.02578463559303062
36,1,0.17991912924082903,-0.4273267758898094
36,2,0.1800993504620486,0.23808459638817134
36,3,0.18005563516251213,0.05470720602988445
36,4,0.17844855078218627,-0.2155837058528084
36,5,0.17929961206031833,0.2069133406617738
36,6,0.17998681992035717,-0.26275852125803334
36,7,0.10928527314666382,-0.28688192953607733
36,8,0.17958884031094377,0.25076647359309356
36,9,0.15830574397488928,-0.4119475992803039
36,10,0.18006661536889765,0.28036315893752023
36,11,0.17973973047615394,-0.12090057717974448
36,12,0.1803916927564314,0.0908908260006095
36,13,0.1372750429623763,-0.16280135939605264
36,14,0.1797566079971531,0.26004960750145034
36,15,0.18064756594136114,0.2832888859431938
36,16,0.16620339179580848,0.09015412181267574
36,17,0.17463532434185644,0.017546527852319853
36,18,0.14211560581813726,-0.20809951672405225
36,19,0.07253834475960878,-0.02093100733562837
37,0,0.08204096086513893,0.023797390373707226
37,1,0.1845510998962308,-0.4270738067705843
37,2,0.1847194722142367,0.23624795334909923
37,3,0.18491090392122247,0.05512545526237474
37,4,0.18300317590367213,-0.2168911182755724
37,5,0.1837400955501561,0.20471384073661503
37,6,0.18477103939276684,-0.26135613469169905
37,7,0.10928527314666382,-0.28688192953607733
37,8,0.18430149270820695,0.2510419216523605
37,9,0.15830574397488928,-0.4119475992803039
37,10,0.18458647834124914,0.2790518338389106
37,11,0.1846481674920288,-0.12093261155875679
37,12,0.18521876800282233,0.09009627647951023
37,13,0.1372750429623763,-0.16280135939605264
37,14,0.18447133083250497,0.26016487484083695
37,15,0.18528411941394657,0.2814271140612224
37,16,0.16620339179580848,0.09015412181267574
37,17,0.17463532434185644,0.017546527852319853
37,18,0.14211560581813726,-0.20809951672405225
37,19,0.07253834475960878,-0.02093100733562837
38,0,0.08654580243249925,0.02176733822688751
38,1,0.1891854045325952,-0.42700316596566357
38,2,0.1893038381574067,0.23433641145435818
38,3,0.18977724810808552,0.05529611270154795
38,4,0.18753003192517714,-0.21827594439658465
38,5,0.18815493569342404,0.20247416784422412
38,6,0.1895146852532185,-0.2598376371483766
38,7,0.10928527314666382,-0.28688192953607733
38,8,0.18899785991649007,0.2514763909798043
38,9,0.15830574397488928,-0.4119475992803039
38,10,0.1891731353466669,0.2780127758342845
38,11,0.18954879778173603,-0.12074012173249667
38,12,0.18992257232907284,0.08916833667645134
38,13,0.14179628758246166,-0.16441374493814745
38,14,0.18917456259327295,0.26045102224915956
38,15,0.1898836660028029,0.2794882541646447
38,16,0.16620339179580848,0.09015412181267574
38,17,0.17463532434185644,0.017546527852319853
38,18,0.14211560581813726,-0.20809951672405225
38,19,0.07253834475960878,-0.02093100733562837
39,0,0.09102749337922107,0.019698362564132425
39,1,0.19381510424310824,-0.42710084901653605
39,2,0.19385391349628578,0.2323568219195739
39,3,0.19458503525959092,0.0552395067153351
39,4,0.19202975224499066,-0.21973156768087848
39,5,0.19254553702670496,0.20019801602662105
39,6,0.1942181891894717,-0.2582136380268544
39,7,0.10928527314666382,-0.28688192953607733
39,8,0.19367405484592812,0.2520568719238457
39,9,0.15830574397488928,-0.4119475992803039
39,10,0.19380648801558287,0.2772280992175565
39,11,0.19430837241887355,-0.12035196841252957
39,12,0.19466778757313044,0.08850857709633377
39,13,0.14629168128988168,-0.1660833104225866
39,14,0.19386130661825643,0.260894243831555
39,15,0.19444772552103404,0.27747940401390836
39,16,0.16620339179580848,0.09015412181267574
39,17,0.17463532434185644,0.017546527852319853
39,18,0.14663636733306046,-0.20963375883319338
39,19,0.07253834475960878,-0.02093100733562837
40,0,0.09548725013962904,0.017594001048567516
40,1,0.19843473589040536,-0.4273537122707395
40,2,0.19837122550284936,0.23031540807457657
40,3,0.19938671664014462,0.05538906178802798
40,4,0.19650310745733304,-0.2212519344257614
40,5,0.19254553702670496,0.20019801602662105
40,6,0.1988823656903257,-0.25649378593190264
40,7,0.10928527314666382,-0.28688192953607733
40,8,0.19858470987212704,0.25281084577254687
40,9,0.15830574397488928,-0.4119475992803039
40,10,0.19847001883419554,0.27668011017082306
40,11,0.19907701918380571,-0.12018863432550339
40,12,0.19943720553239275,0.08809758352005853
40,13,0.15076226257099445,-0.16780507853092652
40,14,0.19852779647840715,0.2614817046926399
40,15,0.1989778857393251,0.27540700616328156
40,16,0.16620339179580848,0.09015412181267574
40,17,0.17463532434185644,0.017546527852319853
40,18,0.15113147075646147,-0.2112276076386719
40,19,0.07253834475960878,-0.02093100733562837
41,0,0.09992624161476399,0.015457477595261884
41,1,0.2030400655270244,-0.4277494812737112
41,2,0.20285732835154538,0.2282178238000494
41,3,0.20417453495732688,0.05572800794532807
41,4,0.2009509654706797,-0.2228315066463725
41,5,0.19254553702670496,0.20019801602662105
41,6,0.2032611756440509,-0.2547833835142759
41,7,0.10928527314666382,-0.28688192953607733
41,8,0.20352814894864496,0.25326797808256324
41,9,0.15830574397488928,-0.4119475992803039
41,10,0.20343570302106992,0.2763315804364875
41,11,0.2038442086124786,-0.12023258612612975
41,12,0.2042169604963777,0.08791657316145114
41,13,0.15520909279355305,-0.16957450278457975
41,14,0.20343853536274759,0.2622429453797097
41,15,0.20347576471195564,0.2732769093331025
41,16,0.16620339179580848,0.09015412181267574
41,17,0.17463532434185644,0.017546527852319853
41,18,0.1556018739455449,-0.212875914823565
41,19,0.07253834475960878,-0.02093100733562837
42,0,0.10434558472086684,0.013291731342001699
42,1,0.2076278776772998,-0.4282767385040001
42,2,0.20731377587358366,0.22606920689386048
42,3,0.20894256070229467,0.05624067921862293
42,4,0.20537425933402306,-0.22446521827183732
42,5,0.19254553702670496,0.20019801602662105
42,6,0.20774170320537827,-0.2533706401718473
42,7,0.10928527314666382,-0.28688192953607733
42,8,0.20848543387253501,0.25345122840323525
42,9,0.15830574397488928,-0.4119475992803039
42,10,0.20837780180932372,0.27577282332577624
42,11,0.20860166359215315,-0.12046727032948899
42,12,0.20899600523981965,0.0879476132527004
42,13,0.1596332377991904,-0.17138742944775717
42,14,0.20838264748470609,0.2627058178634805
42,15,0.20794298160773264,0.27109442444510345
42,16,0.16620339179580848,0.09015412181267574
42,17,0.17463532434185644,0.017546527852319853
42,18,0.1600485726539768,-0.21457397456698726
42,19,0.07253834475960878,-0.02093100733562837
43,0,0.10876052292354561,0.011128143758674495
43,1,0.21219579623825352,-0.42892489682387375
43,2,0.2117421007363061,0.22387422763801978
43,3,0.21368636760087775,0.05691252008136678
43,4,0.20977396145122382,-0.2261484346344355
43,5,0.19254553702670496,0.20019801602662105
43,6,0.2122977790825518,-0.2522381519611486
43,7,0.10928527314666382,-0.28688192953607733
43,8,0.21344160933973935,0.25338266657509473
43,9,0.15830574397488928,-0.4119475992803039
43,10,0.21328995595201905,0.2750222062531399
43,11,0.213342979759864,-0.12087717428985348
43,12,0.2137656520578103,0.08817375452021757
43,13,0.16403575361681483,-0.17324006268468506
43,14,0.21334098333432117,0.2628933775580683
43,15,0.21238113443438777,0.2688643755982571
43,16,0.16620339179580848,0.09015412181267574
43,17,0.17463532434185644,0.017546527852319853
43,18,0.16447257975073462,-0.21631748488585206
43,19,0.07253834475960878,-0.02093100733562837
44,0,0.11317106064215779,0.008966712679526971
44,1,0.2167421329725748,-0.4296841634711557
44,2,0.21614379881595608,0.22163713288176914
44,3,0.21846097331193065,0.057740155181882025
44,4,0.21415106307542195,-0.22787691515833297
44,5,0.19254553702670496,0.20019801602662105
44,6,0.2169076388908582,-0.25136803848957795
44,7,0.10928527314666382,-0.28688192953607733
44,8,0.21838503951498103,0.25308322176411663
44,9,0.15830574397488928,-0.4119475992803039
44,10,0.218167609000407,0.27409670607944175
44,11,0.21806330024197706,-0.12144784493764552
44,12,0.21851917545615226,0.0885791017133492
44,13,0.16403575361681483,-0.17324006268468506
44,14,0.2182984182290813,0.2628277990595823
44,15,0.2167917833291605,0.2665911463138339
44,16,0.17075298042178355,0.08832454702501767
44,17,0.17463532434185644,0.017546527852319853
44,18,0.1688749089125372,-0.2181025121881164
44,19,0.07253834475960878,-0.02093100733562837
45,0,0.11757720229165598,0.0068074359409644875
45,1,0.2212657598824112,-0.43054549820530325
45,2,0.2205203177508188,0.2193617859763744
45,3,0.22327177116544103,0.058290620332521866
45,4,0.2185065581556426,-0.22964677910520212
45,5,0.19254553702670496,0.20019801602662105
45,6,0.22155333668698848,-0.25074244560569026
45,7,0.10928527314666382,-0.28688192953607733
45,8,0.22330683269042054,0.2525725391352359
45,9,0.16269099594928513,-0.4135390014654732
45,10,0.22300765740251488,0.2730119436116143
45,11,0.2227590390354327,-0.12216587763941082
45,12,0.22325147144959576,0.08914883845055693
45,13,0.16403575361681483,-0.17324006268468506
45,14,0.223243182533995,0.26253011917506663
45,15,0.2211764383250166,0.26427872140221736
45,16,0.17527209531680688,0.08643342029838595
45,17,0.17463532434185644,0.017546527852319853
45,18,0.1688749089125372,-0.2181025121881164
45,19,0.07253834475960878,-0.02093100733562837
46,0,0.12197895228259231,0.004650311381548902
46,1,0.2257660021145502,-0.4315005682775941
46,2,0.2248730488433928,0.21705170290046846
46,3,0.22810123089907708,0.05858453583870697
46,4,0.22284143076032295,-0.23145447420425738
46,5,0.19254553702670496,0.20019801602662105
46,6,0.22622020480585184,-0.2503439038984319
46,7,0.10928527314666382,-0.28688192953607733
46,8,0.22820034846552495,0.2518689144395117
46,9,0.16705764270041065,-0.4151675529643619
46,10,0.22780815892418685,0.2717822418258174
46,11,0.2274276472427012,-0.1230188845748531
46,12,0.2279587676695934,0.0898692196670605
46,13,0.16403575361681483,-0.17324006268468506
46,14,0.2281662805331316,0.2620200894621576
46,15,0.2211764383250166,0.26427872140221736
46,16,0.1797620849410185,0.08448626982293178
46,17,0.17463532434185644,0.017546527852319853
46,18,0.1688749089125372,-0.2181025121881164
46,19,0.07253834475960878,-0.02093100733562837
47,0,0.12637631502112287,0.002495336841996406
47,1,0.23024254842069725,-0.4325417021678099
47,2,0.22920332163082974,0.21471008490691576
47,3,0.2329353441502018,0.05864178454423792
47,4,0.22715664543128064,-0.23329674797843925
47,5,0.19254553702670496,0.20019801602662105
47,6,0.23089636706710695,-0.2501555752904508
47,7,0.10928527314666382,-0.28688192953607733
47,8,0.23306077979445816,0.25098928372136264
47,9,0.17140649467468141,-0.41683011180791996
47,10,0.2325680911303377,0.2704206985507292
47,11,0.2320674166033773,-0.12399544968401263
47,12,0.23263837831857304,0.09072754176511182
47,13,0.16403575361681483,-0.17324006268468506
47,14,0.23306099248138726,0.26131610808431355
47,15,0.2211764383250166,0.26427872140221736
47,16,0.1842243125994247,0.08248812859793016
47,17,0.17912287688479123,0.015684548184866844
47,18,0.1688749089125372,-0.2181025121881164
47,19,0.07253834475960878,-0.02093100733562837
48,0,0.13076929490901207,0.00034251016517536457
48,1,0.23469537655921086,-0.4336618434731445
48,2,0.23351240056739897,0.2123398480071873
48,3,0.23776305869302541,0.05848128884697838
48,4,0.23145313993004688,-0.23517062157260865
48,5,0.19254553702670496,0.20019801602662105
48,6,0.2355723072333271,-0.25016141402743514
48,7,0.10928527314666382,-0.28688192953607733
48,8,0.23788480143190702,0.2499492509071527
48,9,0.17573834532188046,-0.4185237961633904
48,10,0.23728715242007842,0.26893926693285
48,11,0.2366773151761304,-0.12508507541338712
48,12,0.23738094763439285,0.09173167210482498
48,13,0.16403575361681483,-0.17324006268468506
48,14,0.23792245220053362,0.26043520781798896
48,15,0.2211764383250166,0.26427872140221736
48,16,0.18866013516097765,0.08044357994675826
48,17,0.18358326819100423,0.013770557841987127
48,18,0.1688749089125372,-0.2181025121881164
48,19,0.07253834475960878,-0.02093100733562837
49,0,0.13515789634363712,-0.0018081708038958462
49,1,0.23912469136417008,-0.43485450591258973
49,2,0.2378171848745007,0.20997197339633408
49,3,0.242514982787437,0.05812543185089943
49,4,0.23573181992951192,-0.237073365890628
49,5,0.19254553702670496,0.20019801602662105
49,6,0.2402404913125815,-0.2503462631454245
49,7,0.10928527314666382,-0.28688192953607733
49,8,0.24267027628536875,0.2487631404115401
49,9,0.18005396550341418,-0.4202459621052804
49,10,0.2419655989546445,0.26734883895902817
49,11,0.2413830027733691,-0.12631098996687176
49,12,0.24217269202440633,0.0924428608763558
49,13,0.16403575361681483,-0.17324006268468506
49,14,0.24274729172164827,0.25939308268670386
49,15,0.2211764383250166,0.26427872140221736
49,16,0.19307088680894507,0.07835679896990752
49,17,0.18801777230142203,0.011809183980127407
49,18,0.1688749089125372,-0.2181025121881164
49,19,0.07253834475960878,-0.02093100733562837
50,0,0.13954212371799235,-0.003956708218050994
50,1,0.24353087351746006,-0.43611373009222765
50,2,0.2421176788612283,0.20760645870411132
50,3,0.24727458563760446,0.057997112401133456
50,4,0.24000623722187026,-0.23897421456753193
50,5,0.19254553702670496,0.20019801602662105
50,6,0.2448950403443489,-0.25069590308238276
50,7,0.10928527314666382,-0.28688192953607733
50,8,0.2474160116245675,0.2474440652951323
50,9,0.18436528558544157,-0.42196641207481767
50,10,0.24660411166750554,0.26565932877165294
50,11,0.24615576618178947,-0.12722478852961677
50,12,0.24699327829801607,0.0928822241263269
50,13,0.16403575361681483,-0.17324006268468506
50,14,0.24753334442796243,0.25820414014036663
50,15,0.2211764383250166,0.26427872140221736
50,16,0.19745786686700809,0.07623159021768587
50,17,0.19242765069303952,0.009804645449082694
50,18,0.1688749089125372,-0.2181025121881164
50,19,0.07253834475960878,-0.02093100733562837
51,0,0.13954212371799235,-0.003956708218050994
51,1,0.24791443733710214,-0.437434042440096
51,2,0.2464138868323805,0.20524330156263645
51,3,0.25203120120510347,0.05807855719929676
51,4,0.24427639608581775,-0.24087316950607182
51,5,0.19254553702670496,0.20019801602662105
51,6,0.249791395480331,-0.25122516376010134
51,7,0.10928527314666382,-0.28688192953607733
51,8,0.25212155778884526,0.24600400411243356
51,9,0.18867230988359826,-0.4236851477941742
51,10,0.251203688352732,0.2638797535918997
51,11,0.25097153838286496,-0.12784803159849387
51,12,0.251826351049053,0.0930703461634146
51,13,0.16403575361681483,-0.17324006268468506
51,14,0.2522793985834937,0.2568815691497164
51,15,0.2211764383250166,0.26427872140221736
51,16,0.20182233091328095,0.0740714218730084
51,17,0.19242765069303952,0.009804645449082694
51,18,0.1688749089125372,-0.2181025121881164
51,19,0.07253834475960878,-0.02093100733562837
52,0,0.13954212371799235,-0.003956708218050994
52,1,0.24791443733710214,-0.437434042440096
52,2,0.2507058130884656,0.20288249960638688
52,3,0.25677646203243104,0.05835298303150815
52,4,0.24427639608581775,-0.24087316950607182
52,5,0.19254553702670496,0.20019801602662105
52,6,0.2547060544036411,-0.2514770959446898
52,7,0.10928527314666382,-0.28688192953607733
52,8,0.25678704282993486,0.24445388156520673
52,9,0.1929750427092198,-0.4254021709838063
52,10,0.255765556564899,0.26201831085599764
52,11,0.25581082763048574,-0.12820206273514764
52,12,0.2566589107400214,0.0930269760772145
52,13,0.16403575361681483,-0.17324006268468506
52,14,0.2569849938203402,0.2554374172337111
52,15,0.2211764383250166,0.26427872140221736
52,16,0.20616548453408876,0.0718794567322013
52,17,0.19242765069303952,0.009804645449082694
52,18,0.1688749089125372,-0.2181025121881164
52,19,0.07253834475960878,-0.02093100733562837
53,0,0.13954212371799235,-0.003956708218050994
53,1,0.24791443733710214,-0.437434042440096
53,2,0.25499346192570616,0.2005240504721975
53,3,0.2615039113642729,0.0588046609705219
53,4,0.24427639608581775,-0.24087316950607182
53,5,0.19254553702670496,0.20019801602662105
53,6,0.2596232319508984,-0.2514736432253375
53,7,0.10928527314666382,-0.28688192953607733
53,8,0.26141303734243576,0.24280364955945474
53,9,0.19727348836934597,-0.4271174833624557
53,10,0.2602911037206017,0.26008245073938596
53,11,0.2606580255594784,-0.1283075887129324
53,12,0.2614807660846128,0.09277083634200481
53,13,0.16403575361681483,-0.17324006268468506
53,14,0.2616502539565161,0.25388267144656
53,15,0.2211764383250166,0.26427872140221736
53,16,0.21048847918531968,0.06965858026190003
53,17,0.19242765069303952,0.009804645449082694
53,18,0.1688749089125372,-0.2181025121881164
53,19,0.07253834475960878,-0.02093100733562837
54,0,0.13954212371799235,-0.003956708218050994
54,1,0.24791443733710214,-0.437434042440096
54,2,0.25927683763604276,0.19816795179925845
54,3,0.2662697219232086,0.05942690805375014
54,4,0.24427639608581775,-0.24087316950607182
54,5,0.19254553702670496,0.20019801602662105
54,6,0.2645305692041095,-0.2512357034714407
54,7,0.10928527314666382,-0.28688192953607733
54,8,0.2660004445155079,0.2410623663656032
54,9,0.2015676511667251,-0.42883108664715186
54,10,0.2647818213662554,0.25807894364871975
54,11,0.26550079025651196,-0.12818440196447622
54,12,0.2662840584998462,0.09231951457177173
54,13,0.16403575361681483,-0.17324006268468506
54,14,0.266275750336329,0.25222733985906365
54,15,0.2211764383250166,0.26427872140221736
54,16,0.2148071657606817,0.06743991700375872
54,17,0.19242765069303952,0.009804645449082694
54,18,0.1688749089125372,-0.2181025121881164
54,19,0.07253834475960878,-0.02093100733562837
55,0,0.13954212371799235,-0.003956708218050994
55,1,0.24791443733710214,-0.437434042440096
55,2,0.26355594450713876,0.19581420122911258
55,3,0.27105861985364904,0.05978888385743122
55,4,0.24427639608581775,-0.24087316950607182
55,5,0.19254553702670496,0.20019801602662105
55,6,0.2694185507065395,-0.25078296025426994
55,7,0.10928527314666382,-0.28688192953607733
55,8,0.2705504111585392,0.23923827239034123
55,9,0.20585753539981835,-0.4305429825532134
55,10,0.2692392610728123,0.25601394254419163
55,11,0.2703295054139041,-0.12785120981945167
55,12,0.27106285367053706,0.09168941582124629
55,13,0.16403575361681483,-0.17324006268468506
55,14,0.270862390672972,0.25048053118898794
55,15,0.2256508792309865,0.262156683115674
55,16,0.21912154858318436,0.06522346473689326
55,17,0.19242765069303952,0.009804645449082694
55,18,0.1688749089125372,-0.2181025121881164
55,19,0.07711368991408601,-0.019047582368450174
56,0,0.13954212371799235,-0.003956708218050994
56,1,0.24791443733710214,-0.437434042440096
56,2,0.2678307868223843,0.19346279640565328
56,3,0.275855781582204,0.05991038944360771
56,4,0.24427639608581775,-0.24087316950607182
56,5,0.19254553702670496,0.20019801602662105
56,6,0.2740196180209539,-0.2501685674105162
56,7,0.10928527314666382,-0.28688192953607733
56,8,0.2750642560979554,0.23733886165535525
56,9,0.21014314536280407,-0.4322531727942497
56,10,0.2736649998417406,0.2538930401467401
56,11,0.27513681239111504,-0.1273255424984002
56,12,0.2758127938876598,0.09089575801104513
56,13,0.16403575361681483,-0.17324006268468506
56,14,0.270862390672972,0.25048053118898794
56,15,0.2256508792309865,0.262156683115674
56,16,0.22343163197152904,0.06300922124263275
56,17,0.19242765069303952,0.009804645449082694
56,18,0.1688749089125372,-0.2181025121881164
56,19,0.08166223539883742,-0.017112801589679597
57,0,0.13954212371799235,-0.003956708218050994
57,1,0.24791443733710214,-0.437434042440096
57,2,0.2721013688609008,0.19111373497512202
57,3,0.28064944603072456,0.0598103509475088
57,4,0.24427639608581775,-0.24087316950607182
57,5,0.19254553702670496,0.20019801602662105
57,6,0.27864135835232473,-0.24977839482889766
57,7,0.10928527314666382,-0.28688192953607733
57,8,0.2795434129086546,0.23537094849775148
57,9,0.214424485345582,-0.43396165908216294
57,10,0.2780606132657486,0.2517213212107914
57,11,0.27991720959579064,-0.12662371806022488
57,12,0.28053080432132105,0.08995259721937277
57,13,0.16403575361681483,-0.17324006268468506
57,14,0.270862390672972,0.25048053118898794
57,15,0.2256508792309865,0.262156683115674
57,16,0.2277374202401135,0.060797184304517284
57,17,0.19242765069303952,0.009804645449082694
57,18,0.17333337227117163,-0.2159058902884361
57,19,0.08618527681050718,-0.015131305436167431
58,0,0.13954212371799235,-0.003956708218050994
58,1,0.24791443733710214,-0.437434042440096
58,2,0.2763676948975451,0.18876701458610598
58,3,0.28543041280862314,0.05950666424977658
58,4,0.24427639608581775,-0.24087316950607182
58,5,0.19254553702670496,0.20019801602662105
58,6,0.2832720954315308,-0.2495959716426032
58,7,0.10928527314666382,-0.28688192953607733
58,8,0.2839893844341695,0.23334072930167735
58,9,0.2187015596337777,-0.43566844312714953
58,10,0.2824276549902543,0.24950341012154528
58,11,0.2846667124424136,-0.12576084757438993
58,12,0.2852148464397241,0.08887287287695023
58,13,0.16403575361681483,-0.17324006268468506
58,14,0.270862390672972,0.25048053118898794
58,15,0.2256508792309865,0.262156683115674
58,16,0.232038917699036,0.0585873517082957
58,17,0.19242765069303952,0.009804645449082694
58,18,0.17776561698302978,-0.213667759578852
58,19,0.0906840908984775,-0.013107319099695584
59,0,0.13954212371799235,-0.003956708218050994
59,1,0.24791443733710214,-0.437434042440096
59,2,0.28062976920291366,0.18642263288953576
59,3,0.29012936579546705,0.059022524089383445
59,4,0.24427639608581775,-0.24087316950607182
59,5,0.19254553702670496,0.20019801602662105
59,6,0.2879024553037101,-0.24960558822057752
59,7,0.10928527314666382,-0.28688192953607733
59,8,0.2884037069701502,0.2312538392729352
59,9,0.2229743725087467,-0.437373526637702
59,10,0.2867676412751625,0.24724351412014028
59,11,0.2893825668062111,-0.1247508678441338
59,12,0.2898637121614185,0.08766846547410242
59,13,0.16403575361681483,-0.17324006268468506
59,14,0.270862390672972,0.25048053118898794
59,15,0.2256508792309865,0.262156683115674
59,16,0.23633612865409975,0.05637972124192341
59,17,0.19242765069303952,0.009804645449082694
59,18,0.18217307787442164,-0.21139194509350012
59,19,0.09515992298695802,-0.011044690948476432
60,0,0.14406132223341528,-0.005791650752721442
60,1,0.24791443733710214,-0.437434042440096
60,2,0.2848875960433471,0.18408058753868295
60,3,0.2948428570694001,0.058773675160174954
60,4,0.24427639608581775,-0.24087316950607182
60,5,0.19254553702670496,0.20019801602662105
60,6,0.2925250013633764,-0.24979239158155217
60,7,0.10928527314666382,-0.28688192953607733
60,8,0.2884037069701502,0.2312538392729352
60,9,0.2229743725087467,-0.437373526637702
60,10,0.2910820396682077,0.2449454624804673
60,11,0.2940630090514514,-0.12360659220048474
60,12,0.2944768528772822,0.08635026137489786
60,13,0.16403575361681483,-0.17324006268468506
60,14,0.270862390672972,0.25048053118898794
60,15,0.2256508792309865,0.262156683115674
60,16,0.24062905740681712,0.054174290695560144
60,17,0.19242765069303952,0.009804645449082694
60,18,0.18217307787442164,-0.21139194509350012
60,19,0.09515992298695802,-0.011044690948476432
61,0,0.14406132223341528,-0.005791650752721442
61,1,0.24791443733710214,-0.437434042440096
61,2,0.28914117968093433,0.18174087618915788
61,3,0.2995589029259996,0.058742201112370517
61,4,0.24868740407630235,-0.24240280995785124
61,5,0.19254553702670496,0.20019801602662105
61,6,0.29713391757251717,-0.25014243446852363
61,7,0.10928527314666382,-0.28688192953607733
61,8,0.2884037069701502,0.2312538392729352
61,9,0.2229743725087467,-0.437373526637702
61,10,0.2953722609772871,0.24261274196540253
61,11,0.29870706616384635,-0.12233977237021738
61,12,0.29905423810177745,0.08492822085084448
61,13,0.16403575361681483,-0.17324006268468506
61,14,0.270862390672972,0.25048053118898794
61,15,0.2256508792309865,0.262156683115674
61,16,0.244917708254414,0.051971057861567756
61,17,0.19242765069303952,0.009804645449082694
61,18,0.18217307787442164,-0.21139194509350012
61,19,0.09515992298695802,-0.011044690948476432
62,0,0.14406132223341528,-0.005791650752721442
62,1,0.24791443733710214,-0.437434042440096
62,2,0.2933905243735167,0.1794034964989072
62,3,0.3042680084560575,0.05891108031295855
62,4,0.24868740407630235,-0.24240280995785124
62,5,0.19254553702670496,0.20019801602662105
62,6,0.3017247357739586,-0.25064269054823446
62,7,0.10928527314666382,-0.28688192953607733
62,8,0.2884037069701502,0.2312538392729352
62,9,0.2229743725087467,-0.437373526637702
62,10,0.29963965387542607,0.24024852888325549
62,11,0.3033143901146842,-0.12096116633070214
62,12,0.30359623914749684,0.08341144659506332
62,13,0.16403575361681483,-0.17324006268468506
62,14,0.270862390672972,0.25048053118898794
62,15,0.2256508792309865,0.262156683115674
62,16,0.24920208548983414,0.04977002053450801
62,17,0.19242765069303952,0.009804645449082694
62,18,0.18217307787442164,-0.21139194509350012
62,19,0.09515992298695802,-0.011044690948476432
63,0,0.14406132223341528,-0.005791650752721442
63,1,0.24791443733710214,-0.437434042440096
63,2,0.2976356343746924,0.1770684461282115
63,3,0.30896275895146624,0.059264281342711875
63,4,0.24868740407630235,-0.24240280995785124
63,5,0.19694507502796166,0.20194492300014988
63,6,0.30629410257960143,-0.2512810453911305
63,7,0.10928527314666382,-0.28688192953607733
63,8,0.2884037069701502,0.2312538392729352
63,9,0.2229743725087467,-0.437373526637702
63,10,0.3038855015931084,0.23785571805121886
63,11,0.30788512123789896,-0.11948060851840735
63,12,0.30359623914749684,0.08341144659506332
63,13,0.16403575361681483,-0.17324006268468506
63,14,0.270862390672972,0.25048053118898794
63,15,0.2256508792309865,0.262156683115674
63,16,0.2534821934017433,0.04757117651114039
63,17,0.19242765069303952,0.009804645449082694
63,18,0.18217307787442164,-0.21139194509350012
63,19,0.09515992298695802,-0.011044690948476432
64,0,0.14406132223341528,-0.005791650752721442
64,1,0.24791443733710214,-0.437434042440096
64,2,0.30187651393382076,0.17473572273968307
64,3,0.31369965956786694,0.05979375910994931
64,4,0.24868740407630235,-0.24240280995785124
64,5,0.20132253724325028,0.2037340637725546
64,6,0.31083958125826955,-0.252046270630865
64,7,0.11378065369599714,-0.28846429425887865
64,8,0.2884037069701502,0.2312538392729352
64,9,0.2229743725087467,-0.437373526637702
64,10,0.30812711841697493,0.23546529160251975
64,11,0.31241977605359594,-0.11790707985364156
64,12,0.30359623914749684,0.08341144659506332
64,13,0.16403575361681483,-0.17324006268468506
64,14,0.270862390672972,0.25048053118898794
64,15,0.2256508792309865,0.262156683115674
64,16,0.2577580362745338,0.04537452359041985
64,17,0.19242765069303952,0.009804645449082694
64,18,0.18217307787442164,-0.21139194509350012
64,19,0.09515992298695802,-0.011044690948476432
65,0,0.14406132223341528,-0.005791650752721442
65,1,0.24791443733710214,-0.437434042440096
65,2,0.30611316729602633,0.17240532399826353
65,3,0.31845422879549423,0.060071759062167586
65,4,0.24868740407630235,-0.24240280995785124
65,5,0.2056789378565941,0.20556179147038364
65,6,0.31535948422642396,-0.2529279869114415
65,7,0.11825348224809798,-0.2900956128964929
65,8,0.2884037069701502,0.2312538392729352
65,9,0.2229743725087467,-0.437373526637702
65,10,0.3123645085928883,0.23307724714433892
65,11,0.3169191555892187,-0.11624877586190413
65,12,0.30359623914749684,0.08341144659506332
65,13,0.16403575361681483,-0.17324006268468506
65,14,0.270862390672972,0.25048053118898794
65,15,0.2256508792309865,0.262156683115674
65,16,0.26202961838832844,0.04318005957349468
65,17,0.19242765069303952,0.009804645449082694
65,18,0.18217307787442164,-0.21139194509350012
65,19,0.09515992298695802,-0.011044690948476432
66,0,0.14406132223341528,-0.005791650752721442
66,1,0.24791443733710214,-0.437434042440096
66,2,0.31034559870220335,0.17007724757122145
66,3,0.32321283948743795,0.06011748835841787
66,4,0.24868740407630235,-0.24240280995785124
66,5,0.21001527104678835,0.2074247690279565
66,6,0.3198527320572106,-0.25391661982310687
66,7,0.12270469847047333,-0.29177166786921815
66,8,0.2884037069701502,0.2312538392729352
66,9,0.2229743725087467,-0.437373526637702
66,10,0.3123645085928883,0.23307724714433892
66,11,0.3213842708148385,-0.11451317177602689
66,12,0.30359623914749684,0.08341144659506332
66,13,0.16403575361681483,-0.17324006268468506
66,14,0.270862390672972,0.25048053118898794
66,15,0.2256508792309865,0.262156683115674
66,16,0.2662969440189852,0.04098778226370423
66,17,0.19242765069303952,0.009804645449082694
66,18,0.18217307787442164,-0.21139194509350012
66,19,0.09515992298695802,-0.011044690948476432
67,0,0.14406132223341528,-0.005791650752721442
67,1,0.24791443733710214,-0.437434042440096
67,2,0.3145738123890198,0.16775149112815
67,3,0.3279647066397858,0.05994925200597135
67,4,0.24868740407630235,-0.24240280995785124
67,5,0.21433250336759138,0.20931994196061668
67,6,0.3243187353020294,-0.2550033519329497
67,7,0.12713524540921567,-0.29348860116573794
67,8,0.2884037069701502,0.2312538392729352
67,9,0.2229743725087467,-0.437373526637702
67,10,0.3123645085928883,0.23307724714433892
67,11,0.32581628231437715,-0.1127070839438277
67,12,0.30359623914749684,0.08341144659506332
67,13,0.16403575361681483,-0.17324006268468506
67,14,0.27522691351131234,0.2520578315299562
67,15,0.2256508792309865,0.262156683115674
67,16,0.27056001743810115,0.03879768946657677
67,17,0.19242765069303952,0.009804645449082694
67,18,0.18217307787442164,-0.21139194509350012
67,19,0.09515992298695802,-0.011044690948476432
68,0,0.14406132223341528,-0.005791650752721442
68,1,0.24791443733710214,-0.437434042440096
68,2,0.31879781258892176,0.16542805234096472
68,3,0.3327014200333366,0.05958432339719563
68,4,0.24868740407630235,-0.24240280995785124
68,5,0.2186315681785232,0.21124451355516535
68,6,0.3287572958200385,-0.2561800731710328
68,7,0.13154605716568804,-0.2952428828841435
68,8,0.2884037069701502,0.2312538392729352
68,9,0.2229743725087467,-0.437373526637702
68,10,0.3123645085928883,0.23307724714433892
68,11,0.33021645175865977,-0.11083672718292065
68,12,0.30359623914749684,0.08341144659506332
68,13,0.16403575361681483,-0.17324006268468506
68,14,0.2795677427325947,0.2536862143004865
68,15,0.2256508792309865,0.262156683115674
68,16,0.27481884291301706,0.036609778989827244
68,17,0.19242765069303952,0.009804645449082694
68,18,0.18217307787442164,-0.21139194509350012
68,19,0.09515992298695802,-0.011044690948476432
69,0,0.14406132223341528,-0.005791650752721442
69,1,0.24791443733710214,-0.437434042440096
69,2,0.32301760353013753,0.1631069288839011
69,3,0.33735377237046094,0.05904613909487368
69,4,0.24868740407630235,-0.24240280995785124
69,5,0.22292635018594495,0.21316716785785106
69,6,0.33316852470700026,-0.2574393311861442
69,7,0.13154605716568804,-0.2952428828841435
69,8,0.2884037069701502,0.2312538392729352
69,9,0.2229743725087467,-0.437373526637702
69,10,0.3123645085928883,0.23307724714433892
69,11,0.33458610313151843,-0.1089077679483945
69,12,0.30359623914749684,0.08341144659506332
69,13,0.16403575361681483,-0.17324006268468506
69,14,0.2838858180772656,0.25536137172959017
69,15,0.2256508792309865,0.262156683115674
69,16,0.27907342470682134,0.034424048643355125
69,17,0.19242765069303952,0.009804645449082694
69,18,0.18667793062903862,-0.20932738312662982
69,19,0.09974895791922278,-0.009261442702081634
70,0,0.14406132223341528,-0.005791650752721442
70,1,0.24791443733710214,-0.437434042440096
70,2,0.327233189436682,0.1607881184335123
70,3,0.34202378496589536,0.05874537006628886
70,4,0.24868740407630235,-0.24240280995785124
70,5,0.22292635018594495,0.21316716785785106
70,6,0.3375527742891415,-0.2587742827945174
70,7,0.13154605716568804,-0.2952428828841435
70,8,0.2884037069701502,0.2312538392729352
70,9,0.2229743725087467,-0.437373526637702
70,10,0.3123645085928883,0.23307724714433892
70,11,0.3389265919912602,-0.10692537333394238
70,12,0.30359623914749684,0.08341144659506332
70,13,0.16403575361681483,-0.17324006268468506
70,14,0.2881820921558781,0.25707935647519253
70,15,0.2256508792309865,0.262156683115674
70,16,0.2833237670783546,0.03224049623924219
70,17,0.19242765069303952,0.009804645449082694
70,18,0.19115303083687718,-0.20721053387141594
70,19,0.10430943149967185,-0.007419297868230916
71,0,0.14406132223341528,-0.005791650752721442
71,1,0.24791443733710214,-0.437434042440096
71,2,0.33144457452836085,0.15847161866866674
71,3,0.34669894235213733,0.05866424131850001
71,4,0.24868740407630235,-0.24240280995785124
71,5,0.22292635018594495,0.21316716785785106
71,6,0.3375527742891415,-0.2587742827945174
71,7,0.13154605716568804,-0.2952428828841435
71,8,0.2884037069701502,0.2312538392729352
71,9,0.2229743725087467,-0.437373526637702
71,10,0.3123645085928883,0.23307724714433892
71,11,0.3432392813321528,-0.1048942560307819
71,12,0.30359623914749684,0.08341144659506332
71,13,0.16403575361681483,-0.17324006268468506
71,14,0.2924575164994004,0.25883655074337586
71,15,0.2256508792309865,0.262156683115674
71,16,0.2875698742822137,0.03005911959175034
71,17,0.19242765069303952,0.009804645449082694
71,18,0.19559989548997148,-0.2050461776470583
71,19,0.10884261172192472,-0.005523542243523434
72,0,0.14406132223341528,-0.005791650752721442
72,1,0.24791443733710214,-0.437434042440096
72,2,0.33565176302077465,0.1561574272705459
72,3,0.3513692773888248,0.05878580713427582
72,4,0.24868740407630235,-0.24240280995785124
72,5,0.22292635018594495,0.21316716785785106
72,6,0.3375527742891415,-0.2587742827945174
72,7,0.13154605716568804,-0.2952428828841435
72,8,0.2884037069701502,0.2312538392729352
72,9,0.2274392514463748,-0.4350154174773393
72,10,0.3123645085928883,0.23307724714433892
72,11,0.3475255228499113,-0.1028187154350675
72,12,0.30359623914749684,0.08341144659506332
72,13,0.16403575361681483,-0.17324006268468506
72,14,0.29671303069401017,0.26062963798381633
72,15,0.2256508792309865,0.262156683115674
72,16,0.29181175056875613,0.027879916517319407
72,17,0.19242765069303952,0.009804645449082694
72,18,0.2000200098409495,-0.20283866135682316
72,19,0.11334977627437769,-0.0035789894377445484
73,0,0.14406132223341528,-0.005791650752721442
73,1,0.2522756372264188,-0.4388115533821977
73,2,0.3398547591253232,0.15384554192264194
73,3,0.35602696011488116,0.05909406155151973
73,4,0.25316546162261344,-0.24037182835044152
73,5,0.22292635018594495,0.21316716785785106
73,6,0.3375527742891415,-0.2587742827945174
73,7,0.13154605716568804,-0.2952428828841435
73,8,0.2884037069701502,0.2312538392729352
73,9,0.23187315119447136,-0.4326100374200028
73,10,0.3123645085928883,0.23307724714433892
73,11,0.35178664261706877,-0.10070267513381838
73,12,0.30359623914749684,0.08341144659506332
73,13,0.16403575361681483,-0.17324006268468506
73,14,0.30094955404893775,0.26245557699106803
73,15,0.2256508792309865,0.262156683115674
73,16,0.2960494001841042,0.025702884834564975
73,17,0.19242765069303952,0.009804645449082694
73,18,0.20441481490861016,-0.20059193930776956
73,19,0.11783219348760826,-0.0015900241811013438
74,0,0.14406132223341528,-0.005791650752721442
74,1,0.25661553042039154,-0.44024042036555794
74,2,0.34405356704920975,0.1515359603107553
74,3,0.36066594140579594,0.05957399498922674
74,4,0.25761161789042475,-0.2382833092451601
74,5,0.22292635018594495,0.21316716785785106
74,6,0.3375527742891415,-0.2587742827945174
74,7,0.13154605716568804,-0.2952428828841435
74,8,0.2884037069701502,0.2312538392729352
74,9,0.23627782813173057,-0.4301618408635854
74,10,0.3123645085928883,0.23307724714433892
74,11,0.35602393034378427,-0.09854971701942453
74,12,0.30359623914749684,0.08341144659506332
74,13,0.16403575361681483,-0.17324006268468506
74,14,0.3051679793372112,0.26431157823789203
74,15,0.2256508792309865,0.262156683115674
74,16,0.30028282737014933,0.02352802236427619
74,17,0.19242765069303952,0.009804645449082694
74,18,0.20878569852490927,-0.19830961015647092
74,19,0.12229110784200693,0.00043935825191598237
75,0,0.14406132223341528,-0.005791650752721442
75,1,0.2609348494922013,-0.4417164126822075
75,2,0.34405356704920975,0.1515359603107553
75,3,0.3652816468662522,0.060211611689888644
75,4,0.26202743112727817,-0.23614248321914544
75,5,0.22292635018594495,0.21316716785785106
75,6,0.3375527742891415,-0.2587742827945174
75,7,0.13154605716568804,-0.2952428828841435
75,8,0.2884037069701502,0.2312538392729352
75,9,0.24065497079773657,-0.4276748684641549
75,10,0.3123645085928883,0.23307724714433892
75,11,0.3602386315417749,-0.09636311228932842
75,12,0.30359623914749684,0.08341144659506332
75,13,0.16403575361681483,-0.17324006268468506
75,14,0.3093691682259967,0.2661950822688139
75,15,0.2256508792309865,0.262156683115674
75,16,0.3045120363645563,0.02135532692941359
75,17,0.19242765069303952,0.009804645449082694
75,18,0.21313398920899612,-0.195994950311563
75,19,0.12672772916534525,0.0025055162217288898
76,0,0.14406132223341528,-0.005791650752721442
76,1,0.2652343558410324,-0.4432356452783757
76,2,0.34405356704920975,0.1515359603107553
76,3,0.3698707158124502,0.06099391930614318
76,4,0.2664144445196135,-0.2339541071077221
76,5,0.22292635018594495,0.21316716785785106
76,6,0.3375527742891415,-0.2587742827945174
76,7,0.13154605716568804,-0.2952428828841435
76,8,0.2884037069701502,0.2312538392729352
76,9,0.2450061924654794,-0.4251527873985539
76,10,0.3123645085928883,0.23307724714433892
76,11,0.3644319420278209,-0.09414584958478112
76,12,0.30359623914749684,0.08341144659506332
76,13,0.16403575361681483,-0.17324006268468506
76,14,0.3135661713145667,0.2680767096948538
76,15,0.2256508792309865,0.262156683115674
76,16,0.30873703140076747,0.019184796355106903
76,17,0.19242765069303952,0.009804645449082694
76,18,0.21746095228414689,-0.19365094411080466
76,19,0.13114322480332785,0.004605129221837945
77,0,0.14406132223341528,-0.005791650752721442
77,1,0.2652343558410324,-0.4432356452783757
77,2,0.34405356704920975,0.1515359603107553
77,3,0.3744307800947404,0.061908899278887014
77,4,0.2707741692715159,-0.23172250841751596
77,5,0.22292635018594495,0.21316716785785106
77,6,0.3375527742891415,-0.2587742827945174
77,7,0.13154605716568804,-0.2952428828841435
77,8,0.2884037069701502,0.2312538392729352
77,9,0.2493330265663096,-0.42259892759403955
77,10,0.3123645085928883,0.23307724714433892
77,11,0.3686050043023077,-0.09190066051377113
77,12,0.30359623914749684,0.08341144659506332
77,13,0.16403575361681483,-0.17324006268468506
77,14,0.3177589928041254,0.2699564623995227
77,15,0.2256508792309865,0.262156683115674
77,16,0.31295781670800704,0.017016428468652898
77,17,0.19242765069303952,0.009804645449082694
77,18,0.2217836034231992,-0.1913092737758202
77,19,0.1355387141736865,0.006735168417436302
78,0,0.14406132223341528,-0.005791650752721442
78,1,0.2652343558410324,-0.4432356452783757
78,2,0.34405356704920975,0.1515359603107553
78,3,0.3789602776989,0.062945464531435
78,4,0.2751080720709135,-0.22945162560829352
78,5,0.22292635018594495,0.21316716785785106
78,6,0.3375527742891415,-0.2587742827945174
78,7,0.13154605716568804,-0.2952428828841435
78,8,0.2884037069701502,0.2312538392729352
78,9,0.25363692434358825,-0.420016314312423
78,10,0.3123645085928883,0.23307724714433892
78,11,0.37277390884520395,-0.08965770838362451
78,12,0.30359623914749684,0.08341144659506332
78,13,0.16403575361681483,-0.17324006268468506
78,14,0.3219476368916912,0.2718343422644549
78,15,0.2256508792309865,0.262156683115674
78,16,0.3171743965112852,0.014850221099513195
78,17,0.19242765069303952,0.009804645449082694
78,18,0.22610194695313113,-0.18896993696259526
78,19,0.13992982392891107,0.008863085266439974
79,0,0.14406132223341528,-0.005791650752721442
79,1,0.2652343558410324,-0.4432356452783757
79,2,0.34405356704920975,0.1515359603107553
79,3,0.38345829641920426,0.06409340934188609
79,4,0.2794175660822867,-0.22714504456925355
79,5,0.2273612860413658,0.21472569354755358
79,6,0.3375527742891415,-0.2587742827945174
79,7,0.13154605716568804,-0.2952428828841435
79,8,0.2884037069701502,0.2312538392729352
79,9,0.2579365323670936,-0.4174362751567832
79,10,0.3123645085928883,0.23307724714433892
79,11,0.3769386598295873,-0.08741699094914396
79,12,0.30359623914749684,0.08341144659506332
79,13,0.16403575361681483,-0.17324006268468506
79,14,0.326132107770101,0.27371035116940995
79,15,0.2256508792309865,0.262156683115674
79,16,0.3171743965112852,0.014850221099513195
79,17,0.19242765069303952,0.009804645449082694
79,18,0.23041598719660877,-0.18663293132945144
79,19,0.14431655846450678,0.010988881898895814
80,0,0.14406132223341528,-0.005791650752721442
80,1,0.2652343558410324,-0.4432356452783757
80,2,0.34405356704920975,0.1515359603107553
80,3,0.3879244433348031,0.06534335496662386
80,4,0.2837040047593293,-0.22480603161160778
80,5,0.2273612860413658,0.21472569354755358
80,6,0.3375527742891415,-0.2587742827945174
80,7,0.13154605716568804,-0.2952428828841435
80,8,0.29271102946585525,0.22896446795129055
80,9,0.2622318549407374,-0.4148588075444985
80,10,0.3123645085928883,0.23307724714433892
80,11,0.3810992614243775,-0.08517850596736914
80,12,0.30359623914749684,0.08341144659506332
80,13,0.16403575361681483,-0.17324006268468506
80,14,0.33031240962801417,0.2755844909922746
80,15,0.2256508792309865,0.262156683115674
80,16,0.3171743965112852,0.014850221099513195
80,17,0.19242765069303952,0.009804645449082694
80,18,0.23472572847199066,-0.1842982545370438
80,19,0.1486989221715992,0.013112560442728339
81,0,0.14855514608919634,-0.007675451447245705
81,1,0.2652343558410324,-0.4432356452783757
81,2,0.34405356704920975,0.1515359603107553
81,3,0.3923587362882851,0.06668669359718649
81,4,0.28796867789894115,-0.22243756328729333
81,5,0.2273612860413658,0.21472569354755358
81,6,0.3375527742891415,-0.2587742827945174
81,7,0.13154605716568804,-0.2952428828841435
81,8,0.2969946013407079,0.22664111664511472
81,9,0.26652289636414195,-0.4122839088955212
81,10,0.3123645085928883,0.23307724714433892
81,11,0.38525571779434087,-0.0829422511975744
81,12,0.30359623914749684,0.08341144659506332
81,13,0.16403575361681483,-0.17324006268468506
81,14,0.33031240962801417,0.2755844909922746
81,15,0.2256508792309865,0.262156683115674
81,16,0.3171743965112852,0.014850221099513195
81,17,0.19680968720160671,0.007751262790723214
81,18,0.23903117509333202,-0.18196590424835857
81,19,0.15307691943693866,0.015234123023741854
82,0,0.15302315991992194,-0.009607552668729894
82,1,0.2652343558410324,-0.4432356452783757
82,2,0.34405356704920975,0.1515359603107553
82,3,0.39676151402749177,0.06811553247821836
82,4,0.29222910203191566,-0.22007145473060957
82,5,0.2273612860413658,0.21472569354755358
82,6,0.34192076259562,-0.25665977373850424
82,7,0.13154605716568804,-0.2952428828841435
82,8,0.30125574365703245,0.22428689267857654
82,9,0.2708096609326438,-0.40971157663237523
82,10,0.3123645085928883,0.23307724714433892
82,11,0.3894080331000943,-0.08070822440126649
82,12,0.30359623914749684,0.08341144659506332
82,13,0.16403575361681483,-0.17324006268468506
82,14,0.33031240962801417,0.2755844909922746
82,15,0.2256508792309865,0.262156683115674
82,16,0.3171743965112852,0.014850221099513195
82,17,0.20116981416223895,0.005662873113242768
82,18,0.24333233137038918,-0.17963587812871082
82,19,0.15745055464290478,0.017353571765622584
83,0,0.1574666092561747,-0.011583646811336671
83,1,0.2652343558410324,-0.4432356452783757
83,2,0.34405356704920975,0.1515359603107553
83,3,0.40113336210837386,0.0696226394447594
83,4,0.29648528142294156,-0.21770770357307953
83,5,0.2273612860413658,0.21472569354755358
83,6,0.34625829612514614,-0.25449419021617115
83,7,0.13154605716568804,-0.2952428828841435
83,8,0.3054957128290609,0.2219046288861125
83,9,0.27509215293729855,-0.40714180818015344
83,10,0.3123645085928883,0.23307724714433892
83,11,0.3935562114981095,-0.07847642334218241
83,12,0.30359623914749684,0.08341144659506332
83,13,0.16403575361681483,-0.17324006268468506
83,14,0.33031240962801417,0.2755844909922746
83,15,0.2256508792309865,0.262156683115674
83,16,0.3171743965112852,0.014850221099513195
83,17,0.20550917770658592,0.003542611533348516
83,18,0.24762920160862378,-0.1773081738457421
83,19,0.16181983216751064,0.0194709087899408
84,0,0.16188671704952126,-0.013599806016083611
84,1,0.2652343558410324,-0.4432356452783757
84,2,0.3483725995955104,0.1494709252555638
84,3,0.40113336210837386,0.0696226394447594
84,4,0.3007372203324586,-0.21534630744858596
84,5,0.2273612860413658,0.21472569354755358
84,6,0.35056692317863447,-0.2522821393304375
84,7,0.13154605716568804,-0.2952428828841435
84,8,0.3097314565302828,0.2195247392114074
84,9,0.27937037666488496,-0.40457460096651515
84,10,0.3123645085928883,0.23307724714433892
84,11,0.39770025714071705,-0.07624684578628713
84,12,0.30359623914749684,0.08341144659506332
84,13,0.16403575361681483,-0.17324006268468506
84,14,0.33031240962801417,0.2755844909922746
84,15,0.2256508792309865,0.262156683115674
84,16,0.3171743965112852,0.014850221099513195
84,17,0.20982887505226372,0.0013933407284730556
84,18,0.2519217901092072,-0.17498278906941817
84,19,0.16618475638440736,0.021586136216152938
85,0,0.16628467307317765,-0.015652447504053663
85,1,0.2652343558410324,-0.4432356452783757
85,2,0.35266429571356755,0.14736038092537795
85,3,0.40113336210837386,0.0696226394447594
85,4,0.3049849230166618,-0.21298726399336904
85,5,0.2273612860413658,0.21472569354755358
85,6,0.35484815781766277,-0.25002781580597133
85,7,0.13154605716568804,-0.2952428828841435
85,8,0.3139629790006817,0.2171472212721893
85,9,0.2836443363979091,-0.40200995242168336
85,10,0.3123645085928883,0.23307724714433892
85,11,0.40184017417611073,-0.07401948950177131
85,12,0.30359623914749684,0.08341144659506332
85,13,0.16403575361681483,-0.17324006268468506
85,14,0.33031240962801417,0.2755844909922746
85,15,0.23012128249439454,0.26003755926140104
85,16,0.3171743965112852,0.014850221099513195
85,17,0.21414426789594476,-0.0007537883660623419
85,18,0.2519217901092072,-0.17498278906941817
85,19,0.16618475638440736,0.021586136216152938
86,0,0.17066162620401185,-0.01773830209528448
86,1,0.2652343558410324,-0.4432356452783757
86,2,0.35693003874105544,0.14520836960697758
86,3,0.40113336210837386,0.0696226394447594
86,4,0.3092283937275057,-0.21063057084602396
86,5,0.2273612860413658,0.21472569354755358
86,6,0.359103468166357,-0.24773504041522593
86,7,0.13154605716568804,-0.2952428828841435
86,8,0.31819028447601583,0.2147720726885604
86,9,0.28791403641460894,-0.39944785997844234
86,10,0.3123645085928883,0.23307724714433892
86,11,0.40597596674835157,-0.07179435225904914
86,12,0.30359623914749684,0.08341144659506332
86,13,0.16403575361681483,-0.17324006268468506
86,14,0.33031240962801417,0.2755844909922746
86,15,0.23456127088496642,0.25786654200712233
86,16,0.3171743965112852,0.014850221099513195
86,17,0.2184553605573415,-0.0028987778995360094
86,18,0.2519217901092072,-0.17498278906941817
86,19,0.16618475638440736,0.021586136216152938
87,0,0.17501867901962376,-0.01985438564906609
87,1,0.2652343558410324,-0.4432356452783757
87,2,0.3611711742131423,0.14301857917337366
87,3,0.40113336210837386,0.0696226394447594
87,4,0.31346763671270866,-0.20827622564749856
87,5,0.2273612860413658,0.21472569354755358
87,6,0.36333426802471186,-0.24540729479394363
87,7,0.13154605716568804,-0.2952428828841435
87,8,0.3224133771878221,0.21239929108299468
87,9,0.29217948098895835,-0.39688832107213506
87,10,0.3123645085928883,0.23307724714433892
87,11,0.41010763899737196,-0.06957143183075604
87,12,0.30359623914749684,0.08341144659506332
87,13,0.16403575361681483,-0.17324006268468506
87,14,0.33031240962801417,0.2755844909922746
87,15,0.2389724183773743,0.2556483842021676
87,16,0.3171743965112852,0.014850221099513195
87,17,0.22276215735186192,-0.005041630019084577
87,18,0.2519217901092072,-0.17498278906941817
87,19,0.16618475638440736,0.021586136216152938
88,0,0.17937139087879245,-0.021968360936795876
88,1,0.2652343558410324,-0.4432356452783757
88,2,0.36538900153790405,0.14079437546940546
88,3,0.40113336210837386,0.0696226394447594
88,4,0.31770265621575705,-0.205924226041091
88,5,0.2273612860413658,0.21472569354755358
88,6,0.3675419111337586,-0.2430477529506134
88,7,0.13154605716568804,-0.2952428828841435
88,8,0.3266322613634205,0.21002887408033538
88,9,0.2964406743906716,-0.39433133314066054
88,10,0.3123645085928883,0.23307724714433892
88,11,0.4142351950589799,-0.0673507259917465
88,12,0.30359623914749684,0.08341144659506332
88,13,0.16403575361681483,-0.17324006268468506
88,14,0.33031240962801417,0.2755844909922746
88,15,0.24335626221296794,0.25338740699837264
88,16,0.3215213270822374,0.012971009677160755
88,17,0.22706466259061386,-0.007182346869705121
88,18,0.2519217901092072,-0.17498278906941817
88,19,0.16618475638440736,0.021586136216152938
89,0,0.18371976613858676,-0.02408023007456517
89,1,0.2652343558410324,-0.4432356452783757
89,2,0.36958476816093216,0.13853883168846906
89,3,0.40113336210837386,0.0696226394447594
89,4,0.32193345647590954,-0.20357456967244736
89,5,0.2273612860413658,0.21472569354755358
89,6,0.3717276875514931,-0.2406593097627342
89,7,0.13154605716568804,-0.2952428828841435
89,8,0.3308469412259182,0.20766081930779276
89,9,0.30069762088520746,-0.3917768936244714
89,10,0.3123645085928883,0.23307724714433892
89,11,0.41835863906486304,-0.06513223251909181
89,12,0.30359623914749684,0.08341144659506332
89,13,0.16403575361681483,-0.17324006268468506
89,14,0.33031240962801417,0.2755844909922746
89,15,0.24771429089883662,0.2510875406488304
89,16,0.32584157038239986,0.011042688543605447
89,17,0.2313628805804093,-0.009320930594257312
89,18,0.2519217901092072,-0.17498278906941817
89,19,0.16618475638440736,0.021586136216152938
90,0,0.1880638091517346,-0.026189995176357055
90,1,0.2652343558410324,-0.4432356452783757
90,2,0.36958476816093216,0.13853883168846906
90,3,0.40113336210837386,0.0696226394447594
90,4,0.32616004172820134,-0.2012272541895593
90,5,0.231796285698345,0.21627000605336258
90,6,0.3759092940336998,-0.23827324597908286
90,7,0.13154605716568804,-0.2952428828841435
90,8,0.3350574209942139,0.20529512439494169
90,9,0.30495032473377354,-0.38922499996657106
90,10,0.3123645085928883,0.23307724714433892
90,11,0.4224779751425929,-0.0629159491920778
90,12,0.30359623914749684,0.08341144659506332
90,13,0.16403575361681483,-0.17324006268468506
90,14,0.33463426365869875,0.27709018117114453
90,15,0.2520479356923576,0.24875236141146262
90,16,0.3301363698564822,0.009069539387918504
90,17,0.23565681562376867,-0.011457383333465557
90,18,0.2519217901092072,-0.17498278906941817
90,19,0.16618475638440736,0.021586136216152938
91,0,0.19240352426662727,-0.02829765835404846
91,1,0.2652343558410324,-0.4432356452783757
91,2,0.36958476816093216,0.13853883168846906
91,3,0.40113336210837386,0.0696226394447594
91,4,0.33038241620344844,-0.19888227724276175
91,5,0.23620598922324526,0.21787163372284438
91,6,0.3759092940336998,-0.23827324597908286
91,7,0.13154605716568804,-0.2952428828841435
91,8,0.3392637048830019,0.2029317869737192
91,9,0.3091987901933306,-0.38667564961251155
91,10,0.3123645085928883,0.23307724714433892
91,11,0.42659320741562884,-0.0607018737922027
91,12,0.30359623914749684,0.08341144659506332
91,13,0.16403575361681483,-0.17324006268468506
91,14,0.33463426365869875,0.27709018117114453
91,15,0.25635856486390185,0.24638512489421563
91,16,0.334406952889576,0.007055473954353679
91,17,0.23994647201892513,-0.013591707225921148
91,18,0.2519217901092072,-0.17498278906941817
91,19,0.16618475638440736,0.021586136216152938
92,0,0.19673891582732386,-0.030403221717412294
92,1,0.2652343558410324,-0.4432356452783757
92,2,0.36958476816093216,0.13853883168846906
92,3,0.40113336210837386,0.0696226394447594
92,4,0.33460058412825183,-0.19653963648473047
92,5,0.24059134506573793,0.219525693400593
92,6,0.3759092940336998,-0.23827324597908286
92,7,0.13154605716568804,-0.2952428828841435
92,8,0.34346579710277664,0.20057080467842223
92,9,0.3134430215165967,-0.38412884001039066
92,10,0.3123645085928883,0.23307724714433892
92,11,0.4307043400033225,-0.05849000410317488
92,12,0.30359623914749684,0.08341144659506332
92,13,0.16403575361681483,-0.17324006268468506
92,14,0.33463426365869875,0.27709018117114453
92,15,0.2606474801596658,0.24398879616424982
92,16,0.33865451936968644,0.005004067133500208
92,17,0.24423185405982897,-0.015723904408084396
92,18,0.2519217901092072,-0.17498278906941817
92,19,0.16618475638440736,0.021586136216152938
93,0,0.2010699881735556,-0.03250668737411955
93,1,0.2652343558410324,-0.4432356452783757
93,2,0.36958476816093216,0.13853883168846906
93,3,0.40113336210837386,0.0696226394447594
93,4,0.33881454972500175,-0.19419932957047975
93,5,0.2449533338254299,0.22122771580656547
93,6,0.3759092940336998,-0.23827324597908286
93,7,0.13154605716568804,-0.2952428828841435
93,8,0.34766370185983647,0.19821217514570516
93,9,0.31768302295205164,-0.38158456861084944
93,10,0.3123645085928883,0.23307724714433892
93,11,0.43481137702092154,-0.0562803379109106
93,12,0.30359623914749684,0.08341144659506332
93,13,0.16403575361681483,-0.17324006268468506
93,14,0.33463426365869875,0.27709018117114453
93,15,0.26493212155940193,0.24159485537135764
93,16,0.3428802331715026,0.002918587095896515
93,17,0.24851296603615183,-0.017853977014286773
93,18,0.2519217901092072,-0.17498278906941817
93,19,0.16618475638440736,0.021586136216152938
94,0,0.2053967456407301,-0.03460805742974141
94,1,0.2652343558410324,-0.4432356452783757
94,2,0.36958476816093216,0.13853883168846906
94,3,0.40113336210837386,0.0696226394447594
94,4,0.34302431721188187,-0.19186135415736008
94,5,0.2492929494134725,0.2229736098285639
94,6,0.3759092940336998,-0.23827324597908286
94,7,0.13154605716568804,-0.2952428828841435
94,8,0.3518574233562882,0.19585589601457754
94,9,0.32191879874394097,-0.3790428328670697
94,10,0.3167871554526488,0.2310644627707602
94,11,0.43481137702092154,-0.0562803379109106
94,12,0.30359623914749684,0.08341144659506332
94,13,0.16403575361681483,-0.17324006268468506
94,14,0.33463426365869875,0.27709018117114453
94,15,0.2692124933520404,0.23920330011920202
94,16,0.3428802331715026,0.002918587095896515
94,17,0.252789812233291,-0.019981927176733052
94,18,0.25633467990574915,-0.17290609495343007
94,19,0.1706839096811152,0.023385445048978652
95,0,0.20971919255993585,-0.036707333987751355
95,1,0.2652343558410324,-0.4432356452783757
95,2,0.36958476816093216,0.13853883168846906
95,3,0.40113336210837386,0.0696226394447594
95,4,0.34722989080287353,-0.1895257079050558
95,5,0.25361118424329565,0.2247596297525138
95,6,0.3759092940336998,-0.23827324597908286
95,7,0.13154605716568804,-0.2952428828841435
95,8,0.35604696579005124,0.19350196492640162
95,9,0.32615035313228047,-0.37650363023477146
95,10,0.3211778051880021,0.2289940074254578
95,11,0.43481137702092154,-0.0562803379109106
95,12,0.30359623914749684,0.08341144659506332
95,13,0.16403575361681483,-0.17324006268468506
95,14,0.33463426365869875,0.27709018117114453
95,15,0.2734885998222376,0.2368141280138338
95,16,0.3428802331715026,0.002918587095896515
95,17,0.2570623969323737,-0.02210775702550343
95,18,0.25633467990574915,-0.17290609495343007
95,19,0.1706839096811152,0.023385445048978652
96,0,0.21403733325794647,-0.03880451914952728
96,1,0.2652343558410324,-0.4432356452783757
96,2,0.36958476816093216,0.13853883168846906
96,3,0.40534819958113166,0.0675552501138104
96,4,0.3514312747077601,-0.18719238847558273
96,5,0.25790901773307734,0.22658234525794552
96,6,0.3759092940336998,-0.23827324597908286
96,7,0.13154605716568804,-0.2952428828841435
96,8,0.3602323333548616,0.19115037952489008
96,9,0.33037769035286024,-0.37396695817221043
96,10,0.3255379895945722,0.22687107181105864
96,11,0.43481137702092154,-0.0562803379109106
96,12,0.30359623914749684,0.08341144659506332
96,13,0.16403575361681483,-0.17324006268468506
96,14,0.33463426365869875,0.27709018117114453
96,15,0.2734885998222376,0.2368141280138338
96,16,0.3428802331715026,0.002918587095896515
96,17,0.2570623969323737,-0.02210775702550343
96,18,0.25633467990574915,-0.17290609495343007
96,19,0.1706839096811152,0.023385445048978652
97,0,0.21835117205722498,-0.04089961501435359
97,1,0.2652343558410324,-0.4432356452783757
97,2,0.36958476816093216,0.13853883168846906
97,3,0.40953911317174674,0.06545014322984563
97,4,0.3556284731321309,-0.18486139353328582
97,5,0.26218740752149605,0.2284386139936373
97,6,0.3759092940336998,-0.23827324597908286
97,7,0.13154605716568804,-0.2952428828841435
97,8,0.36441353024027634,0.1888011374561036
97,9,0.33460081463724894,-0.37143281414017537
97,10,0.32986922989057443,0.2247003808304382
97,11,0.43481137702092154,-0.0562803379109106
97,12,0.30359623914749684,0.08341144659506332
97,13,0.16403575361681483,-0.17324006268468506
97,14,0.33463426365869875,0.27709018117114453
97,15,0.2734885998222376,0.2368141280138338
97,16,0.3428802331715026,0.002918587095896515
97,17,0.2570623969323737,-0.02210775702550343
97,18,0.25633467990574915,-0.17290609495343007
97,19,0.1706839096811152,0.023385445048978652
98,0,0.22266071327592832,-0.04299262367942329
98,1,0.2652343558410324,-0.4432356452783757
98,2,0.36958476816093216,0.13853883168846906
98,3,0.41370732243850217,0.06331061535877636
98,4,0.35982149027738575,-0.18253272074483684
98,5,0.26644728289844377,0.23032555654464315
98,6,0.3759092940336998,-0.23827324597908286
98,7,0.13154605716568804,-0.2952428828841435
98,8,0.36859056063167767,0.1864542363684486
98,9,0.3388197302127982,-0.3689011956019856
98,10,0.3341730194578065,0.22248623681880333
98,11,0.43481137702092154,-0.0562803379109106
98,12,0.30359623914749684,0.08341144659506332
98,13,0.16403575361681483,-0.17324006268468506
98,14,0.33463426365869875,0.27709018117114453
98,15,0.2734885998222376,0.2368141280138338
98,16,0.3428802331715026,0.002918587095896515
98,17,0.2570623969323737,-0.02210775702550343
98,18,0.25633467990574915,-0.17290609495343007
98,19,0.1706839096811152,0.023385445048978652
99,0,0.2269659612279114,-0.04508354723984011
99,1,0.2652343558410324,-0.4432356452783757
99,2,0.37388387018497465,0.13649812157633054
99,3,0.41785400250982635,0.06113968145070462
99,4,0.3640103303407388,-0.18020636777923207
99,5,0.27068954003648593,0.23224053360421024
99,6,0.3759092940336998,-0.23827324597908286
99,7,0.13154605716568804,-0.2952428828841435
99,8,0.3727634287102771,0.18410967391267477
99,9,0.34303444130264665,-0.36637210002348847
99,10,0.33845081094499835,0.2202325588115881
99,11,0.43481137702092154,-0.0562803379109106
99,12,0.30359623914749684,0.08341144659506332
99,13,0.16403575361681483,-0.17324006268468506
99,14,0.33463426365869875,0.27709018117114453
99,15,0.2734885998222376,0.2368141280138338
99,16,0.3428802331715026,0.002918587095896515
99,17,0.2570623969323737,-0.02210775702550343
99,18,0.25633467990574915,-0.17290609495343007
99,19,0.1706839096811152,0.023385445048978652
100,0,0.23126692022273168,-0.04717238778862058
100,1,0.2652343558410324,-0.4432356452783757
100,2,0.3781554951361905,0.1344112105926496
100,3,0.4219802797831658,0.058940099982083355
100,4,0.36819499751522317,-0.1778823323077899
100,5,0.2749275703778143,0.23415360266563412
100,6,0.3759092940336998,-0.23827324597908286
100,7,0.136089943633966,-0.29305347793123604
100,8,0.3769321386531197,0.18176744774187278
100,9,0.3472449521257242,-0.3638455248730568
100,10,0.3427040068899752,0.2179429181506335
100,11,0.43481137702092154,-0.0562803379109106
100,12,0.30359623914749684,0.08341144659506332
100,13,0.16403575361681483,-0.17324006268468506
100,14,0.33463426365869875,0.27709018117114453
100,15,0.2734885998222376,0.2368141280138338
100,16,0.3428802331715026,0.002918587095896515
100,17,0.2570623969323737,-0.02210775702550343
100,18,0.25633467990574915,-0.17290609495343007
100,19,0.1706839096811152,0.023385445048978652
101,0,0.23556359456565332,-0.04925914741669614
101,1,0.2652343558410324,-0.4432356452783757
101,2,0.3824010126299077,0.13228217827075786
101,3,0.4260872291863591,0.05671439578598937
101,4,0.37235950830813475,-0.17553205519240067
101,5,0.2791613781647014,0.2360647656438988
101,6,0.3759092940336998,-0.23827324597908286
101,7,0.14060404330869752,-0.29081451982129725
101,8,0.3810966946330882,0.17942755551147194
101,9,0.3514512668967563,-0.36132146762158646
101,10,0.34693395316644193,0.21562057073019833
101,11,0.43481137702092154,-0.0562803379109106
101,12,0.30359623914749684,0.08341144659506332
101,13,0.16403575361681483,-0.17324006268468506
101,14,0.33463426365869875,0.27709018117114453
101,15,0.2734885998222376,0.2368141280138338
101,16,0.3428802331715026,0.002918587095896515
101,17,0.2570623969323737,-0.02210775702550343
101,18,0.25633467990574915,-0.17290609495343007
101,19,0.1706839096811152,0.023385445048978652
102,0,0.23985598855765153,-0.051343828212915214
102,1,0.2652343558410324,-0.4432356452783757
102,2,0.38662175828506123,0.13011474814601798
102,3,0.4301900858285319,0.05449090960489451
102,4,0.37235950830813475,-0.17553205519240067
102,5,0.2833909676351929,0.2379740244520803
102,6,0.3759092940336998,-0.23827324597908286
102,7,0.14508996964082035,-0.28853063078967733
102,8,0.38525710081890724,0.17708999487923782
102,9,0.35565338982626826,-0.35879992574249353
102,10,0.351141934685308,0.2132684861750658
102,11,0.43481137702092154,-0.0562803379109106
102,12,0.30359623914749684,0.08341144659506332
102,13,0.16403575361681483,-0.17324006268468506
102,14,0.33463426365869875,0.27709018117114453
102,15,0.2734885998222376,0.2368141280138338
102,16,0.3428802331715026,0.002918587095896515
102,17,0.2570623969323737,-0.02210775702550343
102,18,0.25633467990574915,-0.17290609495343007
102,19,0.1706839096811152,0.023385445048978652
103,0,0.2441441064954169,-0.05342643226404533
103,1,0.2652343558410324,-0.4432356452783757
103,2,0.39081902481024405,0.12791232010809575
103,3,0.4342888538166477,0.05226963921308691
103,4,0.37235950830813475,-0.17553205519240067
103,5,0.2876163430231121,0.23988138100134854
103,6,0.3759092940336998,-0.23827324597908286
103,7,0.14954928567203699,-0.2862060070405972
103,8,0.3894133613751475,0.17475476350526994
103,9,0.3598513251205892,-0.3562808967117122
103,10,0.35532917288339694,0.21088937422846565
103,11,0.43481137702092154,-0.0562803379109106
103,12,0.30359623914749684,0.08341144659506332
103,13,0.16403575361681483,-0.17324006268468506
103,14,0.3389366297056097,0.274817556336317
103,15,0.2734885998222376,0.2368141280138338
103,16,0.347217540618799,0.0010884260111031115
103,17,0.2570623969323737,-0.02210775702550343
103,18,0.25633467990574915,-0.17290609495343007
103,19,0.1706839096811152,0.023385445048978652
104,0,0.24841367497653438,-0.05553610654930328
104,1,0.2652343558410324,-0.4432356452783757
104,2,0.39499405565567325,0.12567799977358957
104,3,0.4342888538166477,0.05226963921308691
104,4,0.37235950830813475,-0.17553205519240067
104,5,0.2918375085580639,0.24178683720096933
104,6,0.3759092940336998,-0.23827324597908286
104,7,0.14954928567203699,-0.2862060070405972
104,8,0.3935654804622298,0.1724218590519994
104,9,0.3640450769818565,-0.3537643780076919
104,10,0.35951223785643843,0.20851263343179688
104,11,0.43481137702092154,-0.0562803379109106
104,12,0.3079342035971587,0.08139451665545815
104,13,0.16403575361681483,-0.17324006268468506
104,14,0.34321256269107725,0.2725057180200741
104,15,0.2734885998222376,0.2368141280138338
104,16,0.35152750777020286,-0.0007936426877760692
104,17,0.2570623969323737,-0.02210775702550343
104,18,0.25633467990574915,-0.17290609495343007
104,19,0.1706839096811152,0.023385445048978652
105,0,0.2526789877632904,-0.057643678015740066
105,1,0.2652343558410324,-0.4432356452783757
105,2,0.3991480407259342,0.12341462513014909
105,3,0.4342888538166477,0.05226963921308691
105,4,0.37235950830813475,-0.17553205519240067
105,5,0.2918375085580639,0.24178683720096933
105,6,0.38011810160814063,-0.2400157097583887
105,7,0.14954928567203699,-0.2862060070405972
105,8,0.3977134622364295,0.17009127918418654
105,9,0.36823464960801994,-0.35125036711139496
105,10,0.3636911337916847,0.2061382614059396
105,11,0.43481137702092154,-0.0562803379109106
105,12,0.3122462858429791,0.07933379890998869
105,13,0.16403575361681483,-0.17324006268468506
105,14,0.34746351449485413,0.2701582362227636
105,15,0.27787910038493935,0.23465335474484325
105,16,0.35581135917223106,-0.0027231226574052306
105,17,0.26146837070999357,-0.02392879128031625
105,18,0.2606918250405396,-0.17072562197562233
105,19,0.1706839096811152,0.023385445048978652
106,0,0.2526789877632904,-0.057643678015740066
106,1,0.2652343558410324,-0.4432356452783757
106,2,0.40328211373762163,0.12112479069178615
106,3,0.4342888538166477,0.05226963921308691
106,4,0.37235950830813475,-0.17553205519240067
106,5,0.2918375085580639,0.24178683720096933
106,6,0.38430605334344814,-0.24179620302322222
106,7,0.14954928567203699,-0.2862060070405972
106,8,0.4018573108498804,0.16776302156891865
106,9,0.37242004719284577,-0.34873886150629396
106,10,0.36786586487221473,0.20376625577414512
106,11,0.43481137702092154,-0.0562803379109106
106,12,0.3165337858560786,0.07723316772115668
106,13,0.16403575361681483,-0.17324006268468506
106,14,0.3516908753021141,0.2677783635124418
106,15,0.28224144268416945,0.23244700426949663
106,16,0.3600703143271752,-0.004695904485983678
106,17,0.2658477165180598,-0.025801011497747103
106,18,0.26502418131272887,-0.1685068985810796
106,19,0.17521671691556456,0.02161879765382762
107,0,0.2526789877632904,-0.057643678015740066
107,1,0.2652343558410324,-0.4432356452783757
107,2,0.40741206681141356,0.11883723825851854
107,3,0.4342888538166477,0.05226963921308691
107,4,0.37235950830813475,-0.17553205519240067
107,5,0.2918375085580639,0.24178683720096933
107,6,0.38847408838963887,-0.24361154568043275
107,7,0.14954928567203699,-0.2862060070405972
107,8,0.40599703045057906,0.16543708387560754
107,9,0.3766012739259211,-0.34622985867836936
107,10,0.37203643527693836,0.20139661416203344
107,11,0.43481137702092154,-0.0562803379109106
107,12,0.32079796678858125,0.07509615980639413
107,13,0.16403575361681483,-0.17324006268468506
107,14,0.35589596976007337,0.26536906461840176
107,15,0.28657711729993957,0.23019921833760015
107,16,0.364305574048329,-0.0067082313313662646
107,17,0.2702016451133009,-0.027719943545939128
107,18,0.2693330865916376,-0.16625339180902868
107,19,0.17972021495728177,0.019791424982934153
108,0,0.2526789877632904,-0.057643678015740066
108,1,0.2652343558410324,-0.4432356452783757
108,2,0.41153790408139707,0.11655196554050401
108,3,0.4342888538166477,0.05226963921308691
108,4,0.37235950830813475,-0.17553205519240067
108,5,0.2918375085580639,0.24178683720096933
108,6,0.3926231242615294,-0.2454588184546727
108,7,0.14954928567203699,-0.2862060070405972
108,8,0.41013262518238885,0.16311346377598732
108,9,0.380778333992658,-0.3437233561161069
108,10,0.37620284918060065,0.19902933419759097
108,11,0.43899858587031826,-0.058180743722046784
108,12,0.32504004750239646,0.07292600488270011
108,13,0.16403575361681483,-0.17324006268468506
108,14,0.36008005489146533,0.26293304316529786
108,15,0.29088756644013747,0.2279137677059039
108,16,0.36851831010520586,-0.008756667573679936
108,17,0.274531359027862,-0.029681501288636808
108,18,0.27361982263447754,-0.16396826226565492
108,19,0.18419566055415654,0.01790872537094977
109,0,0.2526789877632904,-0.057643678015740066
109,1,0.2652343558410324,-0.4432356452783757
109,2,0.4156596296775393,0.11426897025018234
109,3,0.4342888538166477,0.05226963921308691
109,4,0.37235950830813475,-0.17553205519240067
109,5,0.2918375085580639,0.24178683720096933
109,6,0.3967540511348437,-0.24733534070826144
109,7,0.14954928567203699,-0.2862060070405972
109,8,0.41426409918504414,0.16079215894411197
109,9,0.38495123157429767,-0.34121935131049497
109,10,0.3803651107537861,0.19666441351116815
109,11,0.43899858587031826,-0.058180743722046784
109,12,0.32926119736295245,0.07072565347839233
109,13,0.16403575361681483,-0.17324006268468506
109,14,0.36425996956718404,0.2604994497984231
109,15,0.2951741762237378,0.2255940868360171
109,16,0.3727096575462858,-0.010838070261504353
109,17,0.27883803952771624,-0.031681951851674925
109,18,0.27788561136991213,-0.16165439245291222
109,19,0.18864432967385578,0.015975618795072092
110,0,0.2526789877632904,-0.057643678015740066
110,1,0.2652343558410324,-0.4432356452783757
110,2,0.4197772477256916,0.111988250102273
110,3,0.4342888538166477,0.05226963921308691
110,4,0.37235950830813475,-0.17553205519240067
110,5,0.2918375085580639,0.24178683720096933
110,6,0.4008677276943965,-0.2492386501746573
110,7,0.14954928567203699,-0.2862060070405972
110,8,0.4183914565941545,0.1584731670563531
110,9,0.3891199708479148,-0.33871784175502234
110,10,0.38452322416292256,0.19430184973547704
110,11,0.43899858587031826,-0.058180743722046784
110,12,0.3334625328458537,0.06849780215649208
110,13,0.16403575361681483,-0.17324006268468506
110,14,0.3684357179713282,0.2580682820817482
110,15,0.29943827150868413,0.22324330527336483
110,16,0.37688070919142364,-0.012949563131615502
110,17,0.2831228367928082,-0.033717883975752906
110,18,0.27788561136991213,-0.16165439245291222
110,19,0.19306749667336326,0.013996590296797803
111,0,0.2526789877632904,-0.057643678015740066
111,1,0.2652343558410324,-0.4432356452783757
111,2,0.42389076234759365,0.10970980281377285
111,3,0.4342888538166477,0.05226963921308691
111,4,0.37235950830813475,-0.17553205519240067
111,5,0.2918375085580639,0.24178683720096933
111,6,0.4049773060709346,-0.251140063500116
111,7,0.14954928567203699,-0.2862060070405972
111,8,0.4225147015412087,0.15615648579139751
111,9,0.39328455598642137,-0.33621882494567545
111,10,0.38867719357028574,0.19194164050558898
111,11,0.43899858587031826,-0.058180743722046784
111,12,0.3376596816661527,0.06627217090529333
111,13,0.16403575361681483,-0.17324006268468506
111,14,0.37260730428382605,0.25563953758167185
111,15,0.29943827150868413,0.22324330527336483
111,16,0.3810325118735757,-0.015088512988756958
111,17,0.287386862710572,-0.03578617922125041
111,18,0.27788561136991213,-0.16165439245291222
111,19,0.19746641829082603,0.011975729589939723
112,0,0.2526789877632904,-0.057643678015740066
112,1,0.2652343558410324,-0.4432356452783757
112,2,0.4280001776608777,0.10743362610395395
112,3,0.4342888538166477,0.05226963921308691
112,4,0.37235950830813475,-0.17553205519240067
112,5,0.2918375085580639,0.24178683720096933
112,6,0.4090827903781499,-0.25303958258795406
112,7,0.14954928567203699,-0.2862060070405972
112,8,0.42663383815357897,0.15384211283024501
112,9,0.39744499115857124,-0.3337222983809361
112,10,0.39282702313400303,0.18958378345893223
112,11,0.43899858587031826,-0.058180743722046784
112,12,0.3418526480251995,0.06404875749693702
112,13,0.16403575361681483,-0.17324006268468506
112,14,0.37677473268043965,0.2532132138670184
112,15,0.29943827150868413,0.22324330527336483
112,16,0.3851801780572884,-0.017225331780570133
112,17,0.29163118577965125,-0.0378839857942175
112,18,0.27788561136991213,-0.16165439245291222
112,19,0.20184232155547244,0.009916767111296677
113,0,0.2526789877632904,-0.057643678015740066
113,1,0.2652343558410324,-0.4432356452783757
113,2,0.4321054977790726,0.10515971769436115
113,3,0.4342888538166477,0.05226963921308691
113,4,0.37235950830813475,-0.17553205519240067
113,5,0.2918375085580639,0.24178683720096933
113,6,0.4131841847256363,-0.254937209339592
113,7,0.15409771268708777,-0.28407271761406583
113,8,0.43074887055452515,0.151530045856206
113,9,0.4016012805289641,-0.33122825956177865
113,10,0.3969727170080579,0.18722827623528954
113,11,0.43899858587031826,-0.058180743722046784
113,12,0.3460414361201576,0.06182755970578414
113,13,0.16403575361681483,-0.17324006268468506
113,14,0.3809380073327689,0.2507893085090354
113,15,0.29943827150868413,0.22324330527336483
113,16,0.3893237118943797,-0.019360021646012734
113,17,0.2958568277084449,-0.04000869477115934
113,18,0.27788561136991213,-0.16165439245291222
113,19,0.20619639486835747,0.007823106780213977
114,0,0.2526789877632904,-0.057643678015740066
114,1,0.2652343558410324,-0.4432356452783757
114,2,0.43620672681160766,0.1028880753088099
114,3,0.4342888538166477,0.05226963921308691
114,4,0.37235950830813475,-0.17553205519240067
114,5,0.2918375085580639,0.24178683720096933
114,6,0.4172814932188935,-0.25683294565455606
114,7,0.15409771268708777,-0.28407271761406583
114,8,0.4348598028631987,0.14922028255489916
114,9,0.4057534282580497,-0.3287367059916678
114,10,0.40111427934229404,0.18487511647679586
114,11,0.43899858587031826,-0.058180743722046784
114,12,0.350226050144008,0.059608575308413514
114,13,0.16403575361681483,-0.17324006268468506
114,14,0.3850971324082558,0.24836781908139127
114,15,0.29943827150868413,0.22324330527336483
114,16,0.3934631175325311,-0.021492584721911408
114,17,0.30007825807391564,-0.04213128611803458
114,18,0.27788561136991213,-0.16165439245291222
114,19,0.21052978163766642,0.005697855732413817
115,0,0.2570808346916648,-0.0594362724092168
115,1,0.2652343558410324,-0.4432356452783757
115,2,0.4403038688638172,0.10061869667338395
115,3,0.4342888538166477,0.05226963921308691
115,4,0.37235950830813475,-0.17553205519240067
115,5,0.2918375085580639,0.24178683720096933
115,6,0.4213747199593314,-0.2587267934304801
115,7,0.15409771268708777,-0.28407271761406583
115,8,0.4389666391946469,0.14691282061424918
115,9,0.4057534282580497,-0.3287367059916678
115,10,0.4052517142824194,0.18252430182793597
115,11,0.43899858587031826,-0.058180743722046784
115,12,0.35440649428555343,0.05739180208361959
115,13,0.16845625344515053,-0.17503679615844311
115,14,0.3892521120701887,0.24594874316017265
115,15,0.29943827150868413,0.22324330527336483
115,16,0.39759839911529166,-0.023623023142963884
115,17,0.30429548110171944,-0.04425176195955924
115,18,0.27788561136991213,-0.16165439245291222
115,19,0.21484357596133172,0.0035438512855035156
116,0,0.26145670727432596,-0.06127930278766478
116,1,0.2652343558410324,-0.4432356452783757
116,2,0.4443969280369446,0.09835157951643306
116,3,0.4342888538166477,0.05226963921308691
116,4,0.3765795105435264,-0.17733695148338427
116,5,0.2918375085580639,0.24178683720096933
116,6,0.4254638690442739,-0.2606187545631077
116,7,0.15409771268708777,-0.28407271761406583
116,8,0.44306938365981696,0.14460765772448436
116,9,0.4057534282580497,-0.3287367059916678
116,10,0.4093850259700104,0.18017582993554207
116,11,0.43899858587031826,-0.058180743722046784
116,12,0.35858277272942257,0.055177237812410185
116,13,0.17285487390990517,-0.176874196022585
116,14,0.39340295047770635,0.24353207832388218
116,15,0.29943827150868413,0.22324330527336483
116,16,0.4017295607820823,-0.02575133904174111
116,17,0.3085085010133007,-0.04637012441833173
116,18,0.27788561136991213,-0.16165439245291222
116,19,0.21915307148426055,0.0013919933563008185
117,0,0.2658077750776503,-0.06316837984661951
117,1,0.2652343558410324,-0.4432356452783757
117,2,0.4484859084281459,0.09608672156857072
117,3,0.4342888538166477,0.05226963921308691
117,4,0.3807779431689237,-0.17918017168005046
117,5,0.2918375085580639,0.24178683720096933
117,6,0.42953669005621253,-0.26253509476387177
117,7,0.15409771268708777,-0.28407271761406583
117,8,0.44716804036556007,0.14230479157813442
117,9,0.4057534282580497,-0.3287367059916678
117,10,0.41351421854251613,0.1778296984487915
117,11,0.43899858587031826,-0.058180743722046784
117,12,0.3627548896560743,0.052964880278004285
117,13,0.177232651559034,-0.1787487178163416
117,14,0.39754965178580204,0.241117822153436
117,15,0.29943827150868413,0.22324330527336483
117,16,0.40585660666819984,-0.027877534548689388
117,17,0.31271732202589647,-0.04848637561483495
117,18,0.27788561136991213,-0.16165439245291222
117,19,0.22345827252026218,-0.0007577202092061762
118,0,0.2701352002480581,-0.06509949304387641
118,1,0.2652343558410324,-0.4432356452783757
118,2,0.4525708141304946,0.09382412056267189
118,3,0.4342888538166477,0.05226963921308691
118,4,0.384955803980558,-0.181058479047947
118,5,0.29616139623764665,0.23952229603280975
118,6,0.4336054515960207,-0.2644495249053392
118,7,0.15409771268708777,-0.28407271761406583
118,8,0.45126261341463564,0.14000421987002806
118,9,0.4057534282580497,-0.3287367059916678
118,10,0.4176392961332624,0.17548590501920436
118,11,0.43899858587031826,-0.058180743722046784
118,12,0.3669228492418017,0.05075472726582983
118,13,0.18159059652215961,-0.18065712025390154
118,14,0.40169222014532785,0.23870597223216128
118,15,0.29943827150868413,0.22324330527336483
118,16,0.40997954090482136,-0.030001611792132506
118,17,0.3169219483525408,-0.05060051766743844
118,18,0.27788561136991213,-0.16165439245291222
118,19,0.22775918337884707,-0.0029052915628828605
119,0,0.2744401248830149,-0.06706897687432091
119,1,0.2695181153560301,-0.4447854851960624
119,2,0.45665164923298535,0.09156377423387076
119,3,0.4342888538166477,0.05226963921308691
119,4,0.3891140652168328,-0.18296890491068987
119,5,0.3004601980941811,0.23722074462345125
119,6,0.43767015773653273,-0.2663620469038564
119,7,0.15409771268708777,-0.28407271761406583
119,8,0.4553531069057153,0.13770594029729077
119,9,0.4057534282580497,-0.3287367059916678
119,10,0.42176026287145596,0.1731444473006411
119,11,0.4431709239268839,-0.06010271365594872
119,12,0.3710866556587364,0.048546776563521486
119,13,0.18592968597499232,-0.18259643835390688
119,14,0.4058306597029988,0.23629652614579388
119,15,0.29943827150868413,0.22324330527336483
119,16,0.41409836761900803,-0.03212357289827386
119,17,0.3211223842020687,-0.05271255269240047
119,18,0.27788561136991213,-0.16165439245291222
119,19,0.23205580836523124,-0.00505072285445027
120,0,0.2787236615035767,-0.06907348012556608
120,1,0.2737834429381594,-0.44637243209325517
120,2,0.460728417820538,0.0893056803195584
120,3,0.4342888538166477,0.05226963921308691
120,4,0.39325366794519623,-0.18490872559774027
120,5,0.3047352983293976,0.23488556017703338
120,6,0.4417308125465234,-0.2682726626738598
120,7,0.15409771268708777,-0.28407271761406583
120,8,0.459439524933387,0.13540995055934243
120,9,0.4057534282580497,-0.3287367059916678
120,10,0.42587712288218854,0.17080532294930026
120,11,0.4473203370312375,-0.06206304779173645
120,12,0.37524631307485273,0.04634102596091843
120,13,0.1902508594942615,-0.18456395898949887
120,14,0.40996497460139697,0.2338894814824759
120,15,0.30380052474734665,0.22109104399074284
120,16,0.4182130909337094,-0.034243419991198606
120,17,0.3253186337791206,-0.054822482803870184
120,18,0.27788561136991213,-0.16165439245291222
120,19,0.2363481517803405,-0.007194016231487235
121,0,0.2829868860453371,-0.07110993788904203
121,1,0.27803111114395784,-0.4479934175215975
121,2,0.46480112397400203,0.08704983655938062
121,3,0.4342888538166477,0.05226963921308691
121,4,0.39737551804078514,-0.1868754414087445
121,5,0.30898801857384944,0.2325198202360826
121,6,0.44578742009071226,-0.2701813741278777
121,7,0.15409771268708777,-0.28407271761406583
121,8,0.46352187158815933,0.13311624835789504
121,9,0.4057534282580497,-0.3287367059916678
121,10,0.4299898802864411,0.16846852962371603
121,11,0.4514479255555184,-0.06405848030685657
121,12,0.3794018256539719,0.044137473250062134
121,13,0.19456772659336494,-0.18652951882196556
121,14,0.41409516897897564,0.23148483583275326
121,15,0.3081349410708372,0.21889389724578703
121,16,0.42232371496776755,-0.036361155192875756
121,17,0.3295107012841465,-0.05693031011388969
121,18,0.27788561136991213,-0.16165439245291222
121,19,0.2406362179208148,-0.009335173839432533
122,0,0.28723083288505874,-0.07317554610454646
122,1,0.2822618798731849,-0.44964562176157097
122,2,0.4688697717701602,0.08479624069523557
122,3,0.4342888538166477,0.05226963921308691
122,4,0.40149326167920923,-0.18884019784858147
122,5,0.31321961508566337,0.2301263305486263
122,6,0.4498399844297674,-0.27208818317653205
122,7,0.15409771268708777,-0.28407271761406583
122,8,0.4676001509564652,0.13082483139695048
122,9,0.4057534282580497,-0.3287367059916678
122,10,0.43409853920108776,0.16613406498475602
122,11,0.45555475748394236,-0.06608601792505749
122,12,0.38355319755576606,0.041936116225194185
122,13,0.1988802915934909,-0.18849311981883426
122,14,0.4182212469700634,0.2290825867895733
122,15,0.31244298602897863,0.21665592244357232
122,16,0.42643024383592115,-0.038476780623160324
122,17,0.3336985909134101,-0.0590360367323962
122,18,0.27788561136991213,-0.16165439245291222
122,19,0.2449200110790126,-0.011474197821587031
123,0,0.2914564915041541,-0.07526773842445046
123,1,0.28647649055847774,-0.45132645302523333
123,2,0.472934365281733,0.0825448904712716
123,3,0.4385062098534427,0.05029364485462962
123,4,0.405606902982334,-0.19080299688397423
123,5,0.3174469942744432,0.22773522627744555
123,6,0.4538885096203098,-0.2739930917285407
123,7,0.15409771268708777,-0.28407271761406583
123,8,0.4716743671206662,0.1285356973827981
123,9,0.4057534282580497,-0.3287367059916678
123,10,0.4382031037389002,0.16380192669561883
123,11,0.4596418631358789,-0.06814291622086686
123,12,0.3877004329357625,0.03973695268275403
123,13,0.2031885588115212,-0.19045476394567154
123,14,0.42234321270486846,0.22668273194828237
123,15,0.3167260775203439,0.21438081562453062
123,16,0.4305326816488097,-0.04059029839979544
123,17,0.33788230685899295,-0.061139664767224135
123,18,0.28224430079529944,-0.16335419176221164
123,19,0.24919953554301505,-0.013611090319115839
124,0,0.29567793829828287,-0.07735784540130095
124,1,0.2906756618212634,-0.4530335284129287
124,2,0.4769949085773825,0.08029578363388491
124,3,0.4426978002224897,0.048274166760703514
124,4,0.4097164460679183,-0.1927638404796866
124,5,0.3216701603717996,0.22534650502904263
124,6,0.4579329997149171,-0.2758961016907189
124,7,0.15409771268708777,-0.28407271761406583
124,8,0.47574452415905677,0.12624884402401254
124,9,0.4057534282580497,-0.3287367059916678
124,10,0.4423035780085515,0.16147211242183174
124,11,0.4637102314896082,-0.07022665802874296
124,12,0.391843535945348,0.03753998042137681
124,13,0.20749253256003553,-0.19241445316608505
124,14,0.42646107030948255,0.2242852689066234
124,15,0.3209855783801111,0.21207194507494845
124,16,0.4346310325129774,-0.04270171063841446
124,17,0.3420618533087989,-0.06324119632410723
124,18,0.28657867929393827,-0.16510273483120846
124,19,0.25347479559663033,-0.015745853471050446
125,0,0.29989517749311745,-0.07944586912729705
125,1,0.29487064832646054,-0.45473890258478034
125,2,0.4810514057217166,0.07804891793171737
125,3,0.4468648733211711,0.04621496268834422
125,4,0.41382189504961886,-0.19472273059852488
125,5,0.32588911760512596,0.2229601644123052
125,6,0.4619734587621278,-0.2777972149679815
125,7,0.15409771268708777,-0.28407271761406583
125,8,0.4798106261458681,0.12396426903145132
125,9,0.4057534282580497,-0.3287367059916678
125,10,0.4463999661146205,0.15914461983124836
125,11,0.46776080779700613,-0.07233493378048635
125,12,0.39598251073177265,0.03534519724189113
125,13,0.21179221714731583,-0.19437218944172566
125,14,0.43057482390588514,0.22189019526473353
125,15,0.32522279141070015,0.20973238173931819
125,16,0.4387253005308775,-0.04481101945254311
125,17,0.3462372344465581,-0.06534063350668062
125,18,0.28657867929393827,-0.16510273483120846
125,19,0.25774579551939797,-0.01787848941429086
126,0,0.30410821331011845,-0.0815318116925526
126,1,0.29906145427325476,-0.45644257724786946
126,2,0.4851038607752929,0.07580429111565418
126,3,0.45100864692925025,0.044119470065295485
126,4,0.4179232540369941,-0.19667966920134003
126,5,0.3301038701976027,0.220576202038504
126,6,0.4660098908064455,-0.27969643346334483
126,7,0.1585227902786878,-0.28573620249296516
126,8,0.4838726771512723,0.12168197011825262
126,9,0.4057534282580497,-0.3287367059916678
126,10,0.45049227215759574,0.15681944659404634
126,11,0.47180734687909825,-0.0744411082055121
126,12,0.40011736143815435,0.03315260094731687
126,13,0.21608761687735065,-0.1963279747322893
126,14,0.4346844776119477,0.21949750862514167
126,15,0.3294389563518452,0.20736492672176404
126,16,0.44281548980087626,-0.04691822695360157
126,17,0.35040845445183105,-0.06743797841648302
126,18,0.28657867929393827,-0.16510273483120846
126,19,0.2620125395865931,-0.020009000283607758
127,0,0.30831704996653886,-0.08361567518509813
127,1,0.29906145427325476,-0.45644257724786946
127,2,0.4891522777946228,0.07356190093882169
127,3,0.45513030049122727,0.04199083442005111
127,4,0.4220205271355084,-0.1986346582470295
127,5,0.33431442236820125,0.21819461552129032
127,6,0.47004229988834256,-0.28159375907792844
127,7,0.16292676329719288,-0.2874418425278066
127,8,0.48793068124138633,0.11940194499983302
127,9,0.4057534282580497,-0.3287367059916678
127,10,0.4545805002338795,0.15449659038272498
127,11,0.4758498527864742,-0.07654518341210291
127,12,0.4042480922034827,0.030962189342862993
127,13,0.2203787360498393,-0.19828181099551898
127,14,0.43879003554143753,0.21710720659276617
127,15,0.3336509197344206,0.20499983095747826
127,16,0.4469016044172572,-0.04902333525090663
127,17,0.3545755175000132,-0.06953323315295873
127,18,0.28657867929393827,-0.16510273483120846
127,19,0.2662750320692307,-0.022137388211644612
128,0,0.3125216916754283,-0.08569746169088306
128,1,0.29906145427325476,-0.45644257724786946
128,2,0.4931966608321758,0.07132174515658514
128,3,0.459230969580392,0.039831935253435063
128,4,0.42611371844653617,-0.20058769969253926
128,5,0.33852077833168853,0.21581540247669373
128,6,0.4740706900442645,-0.2834891937109571
128,7,0.16731057024766194,-0.28918601843099434
128,8,0.49198464247827633,0.11712419139388512
128,9,0.4057534282580497,-0.3287367059916678
128,10,0.4586646544357922,0.15217604887210293
128,11,0.47988832956568633,-0.07864716150644012
128,12,0.40837470716262314,0.028773960235925333
128,13,0.2246655789601963,-0.20023370018720668
128,14,0.44289150180402226,0.21471928677491234
128,15,0.3378586857746058,0.20263709207899766
128,16,0.450983648470225,-0.05112634645167374
128,17,0.3587384277623387,-0.0716263998134598
128,18,0.28657867929393827,-0.16510273483120846
128,19,0.27053327723406995,-0.02426365532891983
129,0,0.3167221426456373,-0.08777717329377774
129,1,0.29906145427325476,-0.45644257724786946
129,2,0.4972370139363832,0.0690838215265464
129,3,0.459230969580392,0.039831935253435063
129,4,0.43020283206736587,-0.2025387954928657
129,5,0.342722942298631,0.2134385605231196
129,6,0.4780950653066338,-0.2853827392597628
129,7,0.17167513479722035,-0.29096541665579134
129,8,0.49603456491996145,0.11484870702037535
129,9,0.40995629845981635,-0.33030194639327987
129,10,0.4627447388515761,0.14985781973931583
129,11,0.4839227812592539,-0.08074704459260587
129,12,0.4124972104463214,0.026587911436084407
129,13,0.22894814989955561,-0.20218364426119542
129,14,0.44698888050527363,0.21233374678127007
129,15,0.3420622586843788,0.2002767077212183
129,16,0.45504774861956077,-0.053253983639412195
129,17,0.36289718940588483,-0.07371748049324814
129,18,0.28657867929393827,-0.16510273483120846
129,19,0.2747872793436184,-0.026387803763828883
130,0,0.3209184070818214,-0.08985481207557552
130,1,0.29906145427325476,-0.45644257724786946
130,2,0.5012733411516426,0.06684812780854171
130,3,0.459230969580392,0.039831935253435063
130,4,0.4342878720912043,-0.2044879476010576
130,5,0.34692091847539885,0.21106408728134685
130,6,0.48211542970385407,-0.2872743976197865
130,7,0.1760213579092238,-0.292777002738665
130,8,0.500080452620418,0.11257548960154161
130,9,0.41413767215329467,-0.33191143274031654
130,10,0.46682075756539976,0.14754190066381406
130,11,0.48795321190566704,-0.0828448347725852
130,12,0.41661560618120735,0.024404040755103218
130,13,0.23322645315477497,-0.20413164516938115
130,14,0.45108217574667175,0.2099505842239115
130,15,0.3462616426715201,0.1979186755213931
130,16,0.4591077979545033,-0.05537950014532023
130,17,0.36705180659357606,-0.07580647728549753
130,18,0.28657867929393827,-0.16510273483120846
130,19,0.2790370426561364,-0.02850983564264644
131,0,0.3209184070818214,-0.08985481207557552
131,1,0.29906145427325476,-0.45644257724786946
131,2,0.5053056465183213,0.06461466176463947
131,3,0.459230969580392,0.039831935253435063
131,4,0.43836884260718045,-0.20643515796821815
131,5,0.3511147110641704,0.20869198037452538
131,6,0.48211542970385407,-0.2872743976197865
131,7,0.18035011201588735,-0.29461799698162966
131,8,0.5041223096295835,0.11030453686189103
131,9,0.41829840631536386,-0.3335615469905191
131,10,0.47089271465736193,0.14522828932736037
131,11,0.4919796255393908,-0.08494053414626813
131,12,0.4207298984897991,0.022222346006925072
131,13,0.23750049300844014,-0.20607770486171467
131,14,0.45517139162560916,0.20756979671728856
131,15,0.3462616426715201,0.1979186755213931
131,16,0.46316380053916595,-0.057502898097041975
131,17,0.3712022834841883,-0.07789339228129583
131,18,0.28657867929393827,-0.16510273483120846
131,19,0.2832825714256411,-0.030629753089528495
132,0,0.3209184070818214,-0.08985481207557552
132,1,0.29906145427325476,-0.45644257724786946
132,2,0.5093339340727611,0.06238342115913797
132,3,0.459230969580392,0.039831935253435063
132,4,0.4424330958858801,-0.20840672537421115
132,5,0.3553043242629362,0.20632223742817388
132,6,0.48211542970385407,-0.2872743976197865
132,7,0.18467455349164186,-0.2964571570874546
132,8,0.5081601399933608,0.1080358465281977
132,9,0.42243935912851316,-0.3352489635745267
132,10,0.47496061420349567,0.1429169834140275
132,11,0.49600202619086914,-0.08703414481145183
132,12,0.4248400914905073,0.020042825007671388
132,13,0.2417702737388692,-0.20802182528620367
132,14,0.459256532235395,0.2051913818782306
132,15,0.3462616426715201,0.1979186755213931
132,16,0.46721576043361135,-0.059624179620100866
132,17,0.37534862423235305,-0.07997822756964701
132,18,0.28657867929393827,-0.16510273483120846
132,19,0.2875238699019111,-0.03274755822651449
133,0,0.3209184070818214,-0.08985481207557552
133,1,0.29906145427325476,-0.45644257724786946
133,2,0.5133582078472816,0.06015440375856318
133,3,0.459230969580392,0.039831935253435063
133,4,0.4464932982177337,-0.21037632766774253
133,5,0.3594897622655031,0.2039548560701773
133,6,0.48211542970385407,-0.2872743976197865
133,7,0.18899468666525746,-0.29829448489714094
133,8,0.5121939477536221,0.10576941632950038
133,9,0.42656138033683255,-0.3369706250888663
133,10,0.4790244602757724,0.140607980610196
133,11,0.5000204178865292,-0.08912566886384261
133,12,0.4289461892976391,0.017865475575639507
133,13,0.24603579962011687,-0.2099640083889146
133,14,0.463337601665259,0.20281533732594206
133,15,0.3462616426715201,0.1979186755213931
133,16,0.47126368169385535,-0.061743346837901794
133,17,0.3794908329885614,-0.08206098523747322
133,18,0.28657867929393827,-0.16510273483120846
133,19,0.2917609423304902,-0.03486325317352945
134,0,0.3209184070818214,-0.08985481207557552
134,1,0.29906145427325476,-0.45644257724786946
134,2,0.5173784718701849,0.05792760733166649
134,3,0.459230969580392,0.039831935253435063
134,4,0.45054945366700777,-0.21234396682038614
134,5,0.36367102926149875,0.20158983393078458
134,6,0.48211542970385407,-0.2872743976197865
134,7,0.1933105158611917,-0.3001299822498556
134,8,0.516223736948213,0.1035052439971002
134,9,0.4306653037559947,-0.33872371998186523
134,10,0.483084256942106,0.13830127860455177
134,11,0.5040348046487848,-0.09121510839705811
134,12,0.43304819602140254,0.01569029553130051
134,13,0.24603579962011687,-0.2099640083889146
134,14,0.4674146040003557,0.20044166068199998
134,15,0.3462616426715201,0.1979186755213931
134,16,0.4753075683718711,-0.06386040187173324
134,17,0.38362891389916837,-0.08414166736961697
134,18,0.28657867929393827,-0.16510273483120846
134,19,0.2959937929526922,-0.03697684004838609
135,0,0.3209184070818214,-0.08985481207557552
135,1,0.29906145427325476,-0.45644257724786946
135,2,0.5213947301657593,0.055703029649422496
135,3,0.459230969580392,0.039831935253435063
135,4,0.45460156629391796,-0.21430964480175074
135,5,0.36784812943637546,0.19922716864260626
135,6,0.48211542970385407,-0.2872743976197865
135,7,0.19762204539959383,-0.3019636509829332
135,8,0.5202495116109562,0.10124332726455847
135,9,0.4347519415592957,-0.3405056620955526
135,10,0.48714000826635695,0.13599687508808386
135,11,0.5080451904960412,-0.09330246550262937
135,12,0.43714611576791035,0.01351728269729704
135,13,0.24603579962011687,-0.2099640083889146
135,14,0.47148754332176845,0.19807034957035172
135,15,0.3462616426715201,0.1979186755213931
135,16,0.47934742451559315,-0.06597534684076936
135,17,0.38776287110639707,-0.08622027604884308
135,18,0.29091169370286385,-0.16684227136364357
135,19,0.3002224260056046,-0.03908832096678695
136,0,0.3209184070818214,-0.08985481207557552
136,1,0.29906145427325476,-0.45644257724786946
136,2,0.5254069867542833,0.05348066848502675
136,3,0.459230969580392,0.039831935253435063
136,4,0.45864964015463294,-0.21627336357948188
136,5,0.3720210669714146,0.19686685784061203
136,6,0.48211542970385407,-0.2872743976197865
136,7,0.20192927959630916,-0.303795492931878
136,8,0.5242712757716562,0.09898366386769429
136,9,0.4388220800228797,-0.34231407192727814
136,10,0.4911917183083363,0.13369476775408207
136,11,0.5120515794426986,-0.09538774227000289
136,12,0.4412399526391842,0.011346434898441119
136,13,0.24603579962011687,-0.2099640083889146
136,14,0.4755564237065135,0.1957014016173125
136,15,0.3462616426715201,0.1979186755213931
136,16,0.4833832541689214,-0.06808818386207216
136,17,0.3918927087483427,-0.08829681335584091
136,18,0.2952213141495067,-0.1686269368613321
136,19,0.3044468457220933,-0.0411976980423265
137,0,0.3209184070818214,-0.08985481207557552
137,1,0.3033039147336764,-0.45800017852588315
137,2,0.5294152456520296,0.05126052161389355
137,3,0.459230969580392,0.039831935253435063
137,4,0.4626936793012787,-0.21823512511926402
137,5,0.3761898460437308,0.19450889916212846
137,6,0.48211542970385407,-0.2872743976197865
137,7,0.2062322227628833,-0.3056255099303656
137,8,0.5282890334561029,0.0967262515445824
137,9,0.44287647646488915,-0.3441467594784285
137,10,0.49523939112380977,0.1313949542981347
137,11,0.5160539754991562,-0.09747094078654278
137,12,0.4453297107331588,0.009177749961711971
137,13,0.24603579962011687,-0.2099640083889146
137,14,0.4796212492275442,0.19333481445156311
137,15,0.3462616426715201,0.1979186755213931
137,16,0.4874150613717254,-0.07019891505059359
137,17,0.3960184309589768,-0.09037128136922634
137,18,0.29950858361009575,-0.17045287770802525
137,19,0.30866705633080654,-0.043304973386493265
138,0,0.3209184070818214,-0.08985481207557552
138,1,0.3075284941124011,-0.45959296655536286
138,2,0.5334195108712693,0.0490425868136537
138,3,0.4634414039641355,0.037906879034417286
138,4,0.4667336877819423,-0.22019493138482238
138,5,0.38035447082627594,0.1921532902468366
138,6,0.48211542970385407,-0.2872743976197865
138,7,0.21053087920656663,-0.30745370381024467
138,8,0.5323027886860756,0.09447108803555088
138,9,0.44692683206783723,-0.34597762047029934
138,10,0.49928303076450187,0.1290974324181262
138,11,0.5200523826718164,-0.0995520631375328
138,12,0.44941539414368603,0.007011225716253847
138,13,0.24603579962011687,-0.2099640083889146
138,14,0.48368202395375476,0.1909705857041475
138,15,0.3462616426715201,0.1979186755213931
138,16,0.4914428501598481,-0.07230754251917763
138,17,0.40014004186815144,-0.09244368216554388
138,18,0.3037745324427664,-0.17231656529171713
138,19,0.31288306205617933,-0.04541014910867193
139,0,0.3209184070818214,-0.08985481207557552
139,1,0.31173594509612784,-0.4612180493524365
139,2,0.5374197864202758,0.04682686186415228
139,3,0.4676252647868783,0.035935444196755435
139,4,0.4707696696406763,-0.22215278433792496
139,5,0.38451494548784354,0.18980002873676965
139,6,0.48211542970385407,-0.2872743976197865
139,7,0.21482525323031842,-0.3092800764015392
139,8,0.5362976268201879,0.09219182222882352
139,9,0.45097315088613393,-0.3478066567355843
139,10,0.5033226412780998,0.12680219981423496
139,11,0.5240468049630888,-0.10163111140617846
139,12,0.453497006960539,0.004846859993373854
139,13,0.24603579962011687,-0.2099640083889146
139,14,0.48773875194998473,0.18860871300847032
139,15,0.3462616426715201,0.1979186755213931
139,16,0.4954666245651101,-0.07441406837856246
139,17,0.4042575456016031,-0.09451401781926877
139,18,0.30802016895163875,-0.17421476768407473
139,19,0.31709486711843754,-0.047513227316145455
140,0,0.3252517932960119,-0.09161643035551428
140,1,0.3159270053454552,-0.46287276740809635
140,2,0.5414160763033289,0.044613344547446455
140,3,0.4717837961752704,0.0339216110695813
140,4,0.47480162891750244,-0.22410868593838448
140,5,0.38451494548784354,0.18980002873676965
140,6,0.48627886191753533,-0.28881329412697376
140,7,0.2191153491328113,-0.3111046295324499
140,8,0.5402884831803532,0.08991482823409526
140,9,0.4550154369701483,-0.34963387010515057
140,10,0.5073582267082577,0.12450925418893087
140,11,0.5280372463713938,-0.10370808767360913
140,12,0.45757455326941615,0.0026846506265397804
140,13,0.24603579962011687,-0.2099640083889146
140,14,0.49179143727702285,0.1862491940002947
140,15,0.35057726313825227,0.1957916220508617
140,16,0.4994863886153134,-0.07651849473738254
140,17,0.40837094628095705,-0.09658229040280902
140,18,0.31224647231053115,-0.1761445237896056
140,19,0.32130247573360216,-0.049614210114097196
141,0,0.3295596825238264,-0.09342762057702943
141,1,0.3201023925453404,-0.464554674391023
141,2,0.5454083845207187,0.04240203264780321
141,3,0.4759182209590949,0.03186902179907479
141,4,0.478829569648416,-0.22606263814406038
141,5,0.38451494548784354,0.18980002873676965
141,6,0.49041913268179244,-0.29040127927621456
141,7,0.22340117120843545,-0.31292736502935625
141,8,0.5442753617614225,0.08764010377209284
141,9,0.45905369436621274,-0.35145926240804043
141,10,0.5113897910946005,0.12221859324697311
141,11,0.5320237108911675,-0.10578299401888011
141,12,0.4616480371519453,0.0005245954513779308
141,13,0.24603579962011687,-0.2099640083889146
141,14,0.49584008399161106,0.18389202631773977
141,15,0.3548653687056885,0.1936201597714992
141,16,0.503502146334246,-0.07862082370217072
141,17,0.41248024802373146,-0.09864850198650754
141,18,0.3164543874063264,-0.178103119774017
141,19,0.3255058921134935,-0.05171309960561299
142,0,0.3338431949602336,-0.09528413197161745
142,1,0.3201023925453404,-0.464554674391023
142,2,0.5493967150687497,0.04019292395169717
142,3,0.4800297309726007,0.029781010182267385
142,4,0.48285349586538956,-0.22801464291086077
142,5,0.38451494548784354,0.18980002873676965
142,6,0.4945371076292681,-0.29203437145832273
142,7,0.22768272374730297,-0.31474828471681826
142,8,0.5482582665542656,0.08536764656581486
142,9,0.46308792711662683,-0.35328283547147343
142,10,0.5154173384727281,0.11993021469540782
142,11,0.5360062025128647,-0.10785583251897468
142,12,0.4657174626856878,-0.0016333076943290431
142,13,0.24603579962011687,-0.2099640083889146
142,14,0.4998846961464487,0.1815372076012784
142,15,0.35912738651709214,0.19140826260451313
142,16,0.507513901741685,-0.08072105737736036
142,17,0.41658545494334137,-0.10071265463864414
142,18,0.32064482123677424,-0.18008806758678472
142,19,0.3297051204657355,-0.05380989789168328
143,0,0.3381034460181736,-0.09718207521095165
143,1,0.3201023925453404,-0.464554674391023
143,2,0.5533810719397444,0.03798601624780836
143,3,0.48411947987407417,0.02766062885930439
143,4,0.48687341159637726,-0.2299647021927443
143,5,0.38451494548784354,0.18980002873676965
143,6,0.49863366835537554,-0.2937089096134235
143,7,0.23196001103525216,-0.3165673904175783
143,8,0.5522372015457737,0.0830974543405294
143,9,0.46711813925966156,-0.35510459112084797
143,10,0.5194408728742194,0.11764411624356583
143,11,0.5399847252229633,-0.10992660524880621
143,12,0.46978283394414266,-0.0037890609706443053
143,13,0.2504425302989275,-0.2115463336264331
143,14,0.5039252777901966,0.17918473549373473
143,15,0.36336469905204016,0.18915955403520124
143,16,0.5115216588534017,-0.08281919786528745
143,17,0.420686571149103,-0.10277475042543766
143,18,0.32483107876104966,-0.18207103714380668
143,19,0.3339001649937599,-0.0559046070712052
144,0,0.34234153408030443,-0.09911789071223363
144,1,0.3201023925453404,-0.464554674391023
144,2,0.5573614591220483,0.03578130732702001
144,3,0.48818857800980725,0.025510674071048848
144,4,0.4908893208653187,-0.23191281794172228
144,5,0.38451494548784354,0.18980002873676965
144,6,0.5027096995848258,-0.29542152683841144
144,7,0.2362208667740464,-0.3184130388361365
144,8,0.5562121707188649,0.08082952482377181
144,9,0.47114433482956325,-0.35692453117974327
144,10,0.5234603983266363,0.11536029560306034
144,11,0.5439592830039685,-0.11199531428122025
144,12,0.4738441549967504,-0.005942666535478999
144,13,0.2548244062319006,-0.21318309037065725
144,14,0.5079618329674809,0.17683460764028186
144,15,0.3675786367578549,0.18687733938068296
144,16,0.515525421681165,-0.08491524726619268
144,17,0.42478360074623767,-0.104834791411048
144,18,0.32901316416960064,-0.18405203043003737
144,19,0.33809102989681034,-0.05799722924098471
145,0,0.34655853118346447,-0.10108831969483083
145,1,0.3201023925453404,-0.464554674391023
145,2,0.5613378806000326,0.03357879498241632
145,3,0.4922380889294539,0.02333370818278978
145,4,0.494901227692143,-0.23385899210786043
145,5,0.38451494548784354,0.18980002873676965
145,6,0.5067660790225201,-0.29716912609036555
145,7,0.24047747556408208,-0.32025684763027634
145,8,0.5601831780524871,0.07856385574534243
145,9,0.4751665178565576,-0.35874265746992107
145,10,0.5274759188535276,0.11307875048778465
145,11,0.5479298798344165,-0.11406196168699657
145,12,0.4779014299088975,-0.008094126544594404
145,13,0.25918240023031974,-0.2148696478134835
145,14,0.5119943657188972,0.17448682168843951
145,15,0.37177047304337796,0.18456463502168513
145,16,0.5195251942327453,-0.08700920767822355
145,17,0.42887654783587603,-0.10689277965757821
145,18,0.3331910816486987,-0.186031049428453
145,19,0.3422777193699467,-0.06008776649573863
146,0,0.3507554760941872,-0.10309037778633326
146,1,0.3201023925453404,-0.464554674391023
146,2,0.5653103403540993,0.03137847700928027
146,3,0.4962690272274371,0.02113208016544269
146,4,0.4989091360927729,-0.23580322663928105
146,5,0.38451494548784354,0.18980002873676965
146,6,0.5108036694301442,-0.29894885786055586
146,7,0.24472984166622877,-0.3220988186456523
146,8,0.5641502275216226,0.07630044483730425
146,9,0.4791846923668538,-0.3605589718113276
146,10,0.5314874384744335,0.11079947861390987
146,11,0.5518965196888789,-0.11612654953485127
146,12,0.48195466274192,-0.010243443151604099
146,13,0.2635175058717921,-0.21660176667036166
146,14,0.5160228800810149,0.17214137528807164
146,15,0.37594142115489393,0.1822241948667737
146,16,0.523520980511919,-0.08910108119743651
146,17,0.4329654165150621,-0.10894871722507656
146,18,0.33736483538044343,-0.18800809612005354
146,19,0.3464602376040493,-0.06217622092809682
147,0,0.354933369325374,-0.10512133097803866
147,1,0.3201023925453404,-0.464554674391023
147,2,0.5692788423606844,0.029180351205091427
147,3,0.5002959480536644,0.018932646420923092
147,4,0.4989091360927729,-0.23580322663928105
147,5,0.38451494548784354,0.18980002873676965
147,6,0.5148233125424969,-0.300758099688247
147,7,0.24897796933710914,-0.32393895372607917
147,8,0.5681133230972919,0.07403928983398074
147,9,0.4831988623826485,-0.36237347602209535
147,10,0.5354949612048889,0.10852247769988262
147,11,0.5558592065379658,-0.1181890798914388
147,12,0.48600385755310804,-0.012390618507976112
147,13,0.26783072109705425,-0.2183755653589368
147,14,0.5200473800863809,0.16979826609138407
147,15,0.38010821325514305,0.17988608677051965
147,16,0.5275127845184719,-0.091190869917799
147,17,0.4370502108767575,-0.11100260617153855
147,18,0.34153442954276636,-0.18998317248386468
147,19,0.35063858878582294,-0.0642625946286042
148,0,0.35909316972113137,-0.10717867373633062
148,1,0.3201023925453404,-0.464554674391023
148,2,0.5732433905922623,0.026984415369523694
148,3,0.5043188554390876,0.016735404747595654
148,4,0.4989091360927729,-0.23580322663928105
148,5,0.38451494548784354,0.18980002873676965
148,6,0.5188258244992872,-0.3025944373827785
148,7,0.25322186282910314,-0.32577725471353397
148,8,0.5720724687465575,0.07178038847195352
148,9,0.4872090319221297,-0.3641861719185448
148,10,0.5394984910564281,0.10624774546642274
148,11,0.5598179443483308,-0.12024955482135408
148,12,0.4900490183957095,-0.01453565476303508
148,13,0.27212303539561267,-0.2201874889979472
148,14,0.5240678697635234,0.1674574917529222
148,15,0.3842708535150884,0.17755030839247454
148,16,0.5315006102482039,-0.09327857593119158
148,17,0.44113093500984535,-0.11305444855290905
148,18,0.3456998683094354,-0.19195628049693977
148,19,0.35481277709780124,-0.06634688968572292
149,0,0.36324882462941327,-0.10923396623070948
149,1,0.3201023925453404,-0.464554674391023
149,2,0.5772039890173496,0.02479066730444315
149,3,0.5083377534106409,0.014540352946019294
149,4,0.4989091360927729,-0.23580322663928105
149,5,0.38879149232675675,0.18767564090858185
149,6,0.5228119925204033,-0.304455647824952
149,7,0.2574615263903524,-0.3276137234481578
149,8,0.5760276684325281,0.06952373849006009
149,9,0.49121520499948124,-0.3659970613151863
149,10,0.5434980320365884,0.10397527963652103
149,11,0.5637727370826742,-0.12230797638713453
149,12,0.4940901493189344,-0.016678554063964394
149,13,0.2763954199371231,-0.22203428104759743
149,14,0.5280843531369567,0.16511904992956863
149,15,0.38842934610153684,0.1752168573945219
149,16,0.5354844616929324,-0.09536420132741004
149,17,0.44520759299913454,-0.11510424642308431
149,18,0.34986115585005884,-0.19392742213436193
149,19,0.3589828067183508,-0.06842910818583434
150,0,0.3674003382100344,-0.11128721051852503
150,1,0.3201023925453404,-0.464554674391023
150,2,0.5811606416005094,0.022599104813905833
150,3,0.5123526459912452,0.012347488818944997
150,4,0.4989091360927729,-0.23580322663928105
150,5,0.3930407760452134,0.18550762044471436
150,6,0.5267941891816994,-0.3063150039708872
150,7,0.2616969642647643,-0.3294483617682577
150,8,0.5799789261143624,0.0672693376293916
150,9,0.4952173856248862,-0.3678061460247219
150,10,0.5474935881489142,0.10170507793543698
150,11,0.5677235886997475,-0.12436434664926219
150,12,0.4981272543679588,-0.01881931855580836
150,13,0.2806488201123839,-0.22391295740538775
150,14,0.5320968342271846,0.1627829382805408
150,15,0.39258369517714364,0.17288573144087496
150,16,0.5394643428404966,-0.09744774819416743
150,17,0.4492801889253637,-0.11715200183391399
150,18,0.3540182963300896,-0.19589659936924583
150,19,0.3631486818216754,-0.07050925221324124
151,0,0.3674003382100344,-0.11128721051852503
151,1,0.3201023925453404,-0.464554674391023
151,2,0.5851133523023546,0.02040972570415554
151,3,0.5163635371998118,0.010156810171313615
151,4,0.4989091360927729,-0.23580322663928105
151,5,0.397264203462628,0.18329984782046602
151,6,0.5307724184693581,-0.3081725076818014
151,7,0.2659281806920163,-0.33128117151030845
151,8,0.5839262457472734,0.06501718363329059
151,9,0.4992155778045314,-0.3696134278580472
151,10,0.5514851633929612,0.09943713809069644
151,11,0.5716705031543571,-0.1264186676661657
151,12,0.5021603375839288,-0.020957950381474324
151,13,0.2848841500377972,-0.22582078277119635
151,14,0.5361053170507045,0.16044915446738867
151,15,0.39673390490041627,0.1705569281980744
151,16,0.5434402576747615,-0.09952921861709624
151,17,0.4533487268652054,-0.11919771683520326
151,18,0.3581712939108293,-0.19786381417273982
151,19,0.3673104065778201,-0.07258732385016982
152,0,0.3674003382100344,-0.11128721051852503
152,1,0.3243298446462639,-0.46608796015375975
152,2,0.5890621250795527,0.01822252778362164
152,3,0.5203704310512468,0.007968314810253667
152,4,0.4989091360927729,-0.23580322663928105
152,5,0.40146313708970255,0.1810558635704985
152,6,0.5347466843655908,-0.3100281608170576
152,7,0.27015517990756016,-0.3331121545089544
152,8,0.5878696312825318,0.06276727424734867
152,9,0.5032097855406111,-0.3714189086242531
152,10,0.5554727617642998,0.09717145783208943
152,11,0.5756134843973681,-0.1284709414942224
152,12,0.5061894030039644,-0.02309445168173484
152,13,0.2891022886526766,-0.22775524910002043
152,14,0.5401098056200118,0.15811769615399232
152,15,0.40087997942571874,0.16823044533498585
152,16,0.5474122101756217,-0.1016086146797504
152,17,0.4574132108912701,-0.12124139347471487
152,18,0.36232015274943274,-0.19982906851402787
152,19,0.37146798515267543,-0.07466332517677182
153,0,0.3674003382100344,-0.11128721051852503
153,1,0.32853919991279795,-0.4676575205442593
153,2,0.593006963884829,0.016037508862916865
153,3,0.5243733315564549,0.005782000545079142
153,4,0.4989091360927729,-0.23580322663928105
153,5,0.4056388881094992,0.17877889939697758
153,6,0.5387169908486417,-0.3118819652341665
153,7,0.27437796614262633,-0.33494131259701126
153,8,0.5918090866674705,0.06051960721940434
153,9,0.5072000128313312,-0.3732225901306276
153,10,0.5594563872545203,0.09490803489166777
153,11,0.5795525363757088,-0.1305211701877604
153,12,0.5102144546611643,-0.025228824595229803
153,13,0.29331622337756813,-0.22968778749703048
153,14,0.5441103039436033,0.1557885610065597
153,15,0.4050219229032757,0.1659062805227977
153,16,0.5513802043190056,-0.1036859384636074
153,17,0.4614736450721102,-0.12328303379817113
153,18,0.3664648769989116,-0.20179236436033152
153,19,0.37562142170798163,-0.07673725827112662
154,0,0.3674003382100344,-0.11128721051852503
154,1,0.33273120538264395,-0.4692603912905193
154,2,0.5969478726669709,0.01385466675483514
154,3,0.5283722427223435,0.0035978651872873115
154,4,0.4989091360927729,-0.23580322663928105
154,5,0.4097927116120237,0.17647190636745877
154,6,0.5426833418927913,-0.3137339227887881
154,7,0.27437796614262633,-0.33494131259701126
154,8,0.5957446158454881,0.058274180299540686
154,9,0.511186263670913,-0.37502447418265766
154,10,0.5634360438512355,0.09264686700374287
154,11,0.583487663032374,-0.13256935579906068
154,12,0.5142354965846092,-0.02736107125846859
154,13,0.2975259584306245,-0.2316183998966993
154,14,0.5481068160259819,0.15346174669362422
154,15,0.40915973947917667,0.16358443143501872
154,16,0.5553442440768792,-0.1057611920480704
154,17,0.46553003347222444,-0.12532263984925598
154,18,0.370605470808139,-0.2037537036769118
154,19,0.37977072040133275,-0.07880912520924328
155,0,0.3674003382100344,-0.11128721051852503
155,1,0.336906596209698,-0.4708938454882721
155,2,0.6008848553708321,0.011673999274349374
155,3,0.5323671685518265,0.0014159065505565333
155,4,0.4989091360927729,-0.23580322663928105
155,5,0.4097927116120237,0.17647190636745877
155,6,0.5466457414683611,-0.3155840353347337
155,7,0.27437796614262633,-0.33494131259701126
155,8,0.5996762227560534,0.05603099124008316
155,9,0.511186263670913,-0.37502447418265766
155,10,0.5674117355380855,0.09038795190488348
155,11,0.5874188683064293,-0.13461550037835904
155,12,0.5182385902925442,-0.029517281541104428
155,13,0.30173149802579474,-0.23354708823157183
155,14,0.5520993458676601,0.1511372508860425
155,15,0.41329343329538004,0.16126489574747566
155,16,0.5593043334172503,-0.10783437751047029
155,17,0.4695823801520615,-0.12736021366961714
155,18,0.3747419383218533,-0.20571308842707134
155,19,0.3839158853861808,-0.08087892806506262
156,0,0.3674003382100344,-0.11128721051852503
156,1,0.3410660901389203,-0.4725553739925217
156,2,0.6048179159373362,0.009495504238609282
156,3,0.5363581130438286,-0.0007638775492559342
156,4,0.5030586311790399,-0.2374111864537838
156,5,0.4097927116120237,0.17647190636745877
156,6,0.5466457414683611,-0.3155840353347337
156,7,0.27437796614262633,-0.33494131259701126
156,8,0.6036039113347086,0.0537900377955973
156,9,0.511186263670913,-0.37502447418265766
156,10,0.5713834662947417,0.08813128733391336
156,11,0.5913461561330151,-0.13665960597384819
156,12,0.5222376940110689,-0.0316713426719038
156,13,0.3059328463728281,-0.23547385443226698
156,14,0.5560878974651641,0.14881507125699192
156,15,0.4174230084897174,0.15894767113831101
156,16,0.5632604763041721,-0.10990549692606774
156,17,0.4695823801520615,-0.12736021366961714
156,18,0.37887428368066267,-0.20767052057215618
156,19,0.3880569208118401,-0.08294666891045933
157,0,0.3674003382100344,-0.11128721051852503
157,1,0.3452103833552668,-0.47424266744231347
157,2,0.6087470583034806,0.007319179466939199
157,3,0.5403450801932892,-0.00294148929411612
157,4,0.5071845344331839,-0.2390669976498511
157,5,0.4097927116120237,0.17647190636745877
157,6,0.5466457414683611,-0.3155840353347337
157,7,0.27437796614262633,-0.33494131259701126
157,8,0.6075276855130738,0.051551317722886514
157,9,0.511186263670913,-0.37502447418265766
157,10,0.5753512400969104,0.08587687103190905
157,11,0.5952695304433504,-0.13870167463167984
157,12,0.5262328117432902,-0.03382325680708403
157,13,0.3101300076772784,-0.23739870042747963
157,14,0.5600724748110381,0.14649520548196843
157,15,0.4215484691958976,0.1566327552879807
157,16,0.5672126766977476,-0.11197455236805533
157,17,0.4695823801520615,-0.12736021366961714
157,18,0.3830025110210488,-0.20962600207155782
157,19,0.39219383082349113,-0.08501234981524404
158,0,0.3674003382100344,-0.11128721051852503
158,1,0.34935054676522853,-0.4759282794967748
158,2,0.6126722864023406,0.005145022780835899
158,3,0.5443280739911663,-0.005116930863815521
158,4,0.5112877718760169,-0.24076675604816136
158,5,0.4097927116120237,0.17647190636745877
158,6,0.5466457414683611,-0.3155840353347337
158,7,0.27437796614262633,-0.33494131259701126
158,8,0.6114475492188509,0.04931482878098979
158,9,0.511186263670913,-0.37502447418265766
158,10,0.5793150609163371,0.08362470074219765
158,11,0.5991889951647367,-0.14074170839596675
158,12,0.5302239474883248,-0.035973026100713276
158,13,0.3143229861405082,-0.2393216281439825
158,14,0.5640530818938477,0.1441776512387841
158,15,0.42566981954351085,0.1543201458792517
158,16,0.5711609385541332,-0.11404154590755958
158,17,0.4695823801520615,-0.12736021366961714
158,18,0.3871266244753714,-0.21157953488271516
158,19,0.39632661956218485,-0.08707597284716534
159,0,0.3674003382100344,-0.11128721051852503
159,1,0.353486584513113,-0.477612211843205
159,2,0.6165936041630734,0.002973032003966409
159,3,0.5483070984244407,-0.00729020443597329
159,4,0.5153692776379586,-0.24250687347150907
159,5,0.4097927116120237,0.17647190636745877
159,6,0.5466457414683611,-0.3155840353347337
159,7,0.27437796614262633,-0.33494131259701126
159,8,0.6153635063758274,0.04708056873117951
159,9,0.511186263670913,-0.37502447418265766
159,10,0.5832749327208103,0.08137477421035447
159,11,0.5991889951647367,-0.14074170839596675
159,12,0.5342111052413036,-0.038120652704712724
159,13,0.3185117859596931,-0.24124263950662814
159,14,0.5680297226981847,0.14186240620756485
159,15,0.4297870636580329,0.15200984059719966
159,16,0.575105265825543,-0.11610647961364307
159,17,0.4695823801520615,-0.12736021366961714
159,18,0.391246628171872,-0.21353112096111648
159,19,0.4004552911648468,-0.08913754007191191
160,0,0.3716890218832058,-0.113023683156295
160,1,0.3576185007390981,-0.479294466167222
160,2,0.6205110155109219,0.0008032049621658328
160,3,0.5522821574761196,-0.009461312186038408
160,4,0.5194299821394419,-0.24428405149183918
160,5,0.4097927116120237,0.17647190636745877
160,6,0.5466457414683611,-0.3155840353347337
160,7,0.27437796614262633,-0.33494131259701126
160,8,0.61927556090388,0.044848535336959164
160,9,0.511186263670913,-0.37502447418265766
160,10,0.5872308594741656,0.07912708918420085
160,11,0.5991889951647367,-0.14074170839596675
160,12,0.5381942889933753,-0.04026613876885871
160,13,0.32269641132782584,-0.2431617364383508
160,14,0.5720024012046705,0.13954946807074814
160,15,0.4339002056608291,0.14970183712920676
160,16,0.5790456624602524,-0.11816935555330646
160,17,0.4695823801520615,-0.12736021366961714
160,18,0.391246628171872,-0.21353112096111648
160,19,0.4004552911648468,-0.08913754007191191
161,0,0.3759524349009737,-0.114809513824802
161,1,0.3617462995792361,-0.480975044152764
161,2,0.6244245243672188,-0.0013644605165648218
161,3,0.5562532551252413,-0.01163025628729187
161,4,0.5234708028252473,-0.246095257301939
161,5,0.4097927116120237,0.17647190636745877
161,6,0.5466457414683611,-0.3155840353347337
161,7,0.27437796614262633,-0.33494131259701126
161,8,0.6231837167189794,0.042618726364061124
161,9,0.511186263670913,-0.37502447418265766
161,10,0.5911828451362896,0.07688164341380188
161,11,0.5991889951647367,-0.14074170839596675
161,12,0.5421735027317108,-0.04240948644078491
161,13,0.3268768664337205,-0.24507892086016836
161,14,0.5759711213899601,0.1372388345130806
161,15,0.43800924966915866,0.14739613316495928
161,16,0.5829821324026022,-0.1202301757914906
161,17,0.4695823801520615,-0.12736021366961714
161,18,0.391246628171872,-0.21353112096111648
161,19,0.4004552911648468,-0.08913754007191191
162,0,0.38019166440205676,-0.11664051328945323
162,1,0.3617462995792361,-0.480975044152764
162,2,0.6283202019924239,-0.0035549319282152524
162,3,0.5602203953468782,-0.01379703891084885
162,4,0.5274926370105489,-0.24793770157627656
162,5,0.4097927116120237,0.17647190636745877
162,6,0.5466457414683611,-0.3155840353347337
162,7,0.27437796614262633,-0.33494131259701126
162,8,0.6270879777331934,0.04039113958044442
162,9,0.511186263670913,-0.37502447418265766
162,10,0.5951308936631238,0.07463843465146415
162,11,0.5991889951647367,-0.14074170839596675
162,12,0.5461487504395071,-0.04455069786598445
162,13,0.3310531554620168,-0.24699419469118436
162,14,0.5799358872267463,0.13493050322161582
162,15,0.44211419979617866,0.1450927263964453
162,16,0.5869146795930029,-0.12228894239107857
162,17,0.4695823801520615,-0.12736021366961714
162,18,0.391246628171872,-0.21353112096111648
162,19,0.4004552911648468,-0.08913754007191191
163,0,0.3844077956035372,-0.11851284499691193
163,1,0.3617462995792361,-0.480975044152764
163,2,0.6322119967375693,-0.005743220064301431
163,3,0.5641835821121416,-0.015961662225660887
163,4,0.5314963564672194,-0.24980881818243691
163,5,0.4097927116120237,0.17647190636745877
163,6,0.5466457414683611,-0.3155840353347337
163,7,0.27437796614262633,-0.33494131259701126
163,8,0.6309883478546909,0.038165772756292494
163,9,0.511186263670913,-0.37502447418265766
163,10,0.5990750090066685,0.07239746065173348
163,11,0.5991889951647367,-0.14074170839596675
163,12,0.5501200360959908,-0.04668977518781207
163,13,0.3352252825931841,-0.24890755984858978
163,14,0.5838967026837635,0.13262447188571186
163,15,0.4462150601509482,0.14279161451795236
163,16,0.590843307967938,-0.12434565741289776
163,17,0.4695823801520615,-0.12736021366961714
163,18,0.391246628171872,-0.21353112096111648
163,19,0.4004552911648468,-0.08913754007191191
164,0,0.38860189954485974,-0.1204229944785551
164,1,0.3617462995792361,-0.480975044152764
164,2,0.6360999124983456,-0.007929327115301936
164,3,0.5681428193881854,-0.018124128398518048
164,4,0.53548280343888,-0.2517062456057654
164,5,0.4140463238705555,0.1743651767209279
164,6,0.5466457414683611,-0.3155840353347337
164,7,0.27437796614262633,-0.33494131259701126
164,8,0.6348848309877464,0.03594262366401096
164,9,0.511186263670913,-0.37502447418265766
164,10,0.6030151951149872,0.0701587191713927
164,11,0.5991889951647367,-0.14074170839596675
164,12,0.554087363676423,-0.048826720547486276
164,13,0.3393932520035258,-0.250819018247665
164,14,0.587853571725792,0.13032073819702913
164,15,0.4503118348384325,0.14049279522606523
164,16,0.5947680214599684,-0.12640032291572192
164,17,0.4695823801520615,-0.12736021366961714
164,18,0.391246628171872,-0.21353112096111648
164,19,0.4004552911648468,-0.08913754007191191
165,0,0.3927750237017168,-0.12236774137286649
165,1,0.3617462995792361,-0.480975044152764
165,2,0.6399839531665602,-0.010113255269512081
165,3,0.5720981111382101,-0.020284439594051098
165,4,0.5394527878238866,-0.25362780995385525
165,5,0.4182727136437063,0.17221469961631697
165,6,0.5507501519839952,-0.31708045000700386
165,7,0.27437796614262633,-0.33494131259701126
165,8,0.6387774310327433,0.03372169007822539
165,9,0.5152195257119091,-0.3767072268818855
165,10,0.60695145593221,0.0679222079694594
165,11,0.5991889951647367,-0.14074170839596675
165,12,0.5580507371521024,-0.05096153608409148
165,13,0.3435570678651834,-0.2527285718017818
165,14,0.5918064983136615,0.12801929984952792
165,15,0.4544045279595071,0.13819626621966352
165,16,0.5986888239977362,-0.12845294095627324
165,17,0.4737711739055844,-0.1290882908223387
165,18,0.391246628171872,-0.21353112096111648
165,19,0.4004552911648468,-0.08913754007191191
166,0,0.39692818494697857,-0.12434413387996292
166,1,0.3617462995792361,-0.480975044152764
166,2,0.6438641226301417,-0.012295006713046095
166,3,0.5760494613214664,-0.022442597974733663
166,4,0.5434188162731224,-0.25554745953745156
166,5,0.4224732710900679,0.17002434373119554
166,6,0.5548315995076796,-0.31862630035127454
166,7,0.27437796614262633,-0.33494131259701126
166,8,0.6426661518861781,0.031502969775779086
166,9,0.5192351172165878,-0.3784206874548017
166,10,0.6108837953985378,0.06568792480718368
166,11,0.5991889951647367,-0.14074170839596675
166,12,0.5620101604903698,-0.05309422393458013
166,13,0.34771673434614064,-0.25463622242240513
166,14,0.5957554864042555,0.1257201545394662
166,15,0.4584931436109617,0.13590202519991945
166,16,0.6026057195059684,-0.1305035135892244
166,17,0.47793507320786893,-0.1308641471488335
166,18,0.391246628171872,-0.21353112096111648
166,19,0.4004552911648468,-0.08913754007191191
167,0,0.4010623644233444,-0.12634946546196885
167,1,0.3617462995792361,-0.480975044152764
167,2,0.6477404247731435,-0.014474583629839324
167,3,0.5799968738932599,-0.02459860570088441
167,4,0.5473808927565857,-0.25746519627812536
167,5,0.4266493443756605,0.16779764055236307
167,6,0.5588909017838413,-0.3202176371164954
167,7,0.27437796614262633,-0.33494131259701126
167,8,0.6465509974406642,0.029286460535730842
167,9,0.5232338085678094,-0.3801623806680112
167,10,0.6148122174502463,0.06345586744804589
167,11,0.5991889951647367,-0.14074170839596675
167,12,0.5659656376546118,-0.05522478623377487
167,13,0.3518722556102277,-0.2565419720190952
167,14,0.5997005399505148,0.12342329996539725
167,15,0.46257768588550474,0.13361006987029553
167,16,0.6065187119054815,-0.13255204286720063
167,17,0.4820751310563343,-0.13268379818704026
167,18,0.391246628171872,-0.21353112096111648
167,19,0.4004552911648468,-0.08913754007191191
168,0,0.4051785039659064,-0.1283812536080415
168,1,0.3617462995792361,-0.480975044152764
168,2,0.6516128634757479,-0.016651988201650404
168,3,0.5839403528049545,-0.026752464930669184
168,4,0.5513390212403191,-0.25938102209553304
168,5,0.4308022324509607,0.16553781506668303
168,6,0.5629288981161348,-0.321850824368641
168,7,0.27437796614262633,-0.33494131259701126
168,8,0.6504319715849358,0.02707216013935273
168,9,0.5272163471394279,-0.38193002511589585
168,10,0.6187367260196898,0.061226033657754454
168,11,0.6032449456401767,-0.14248363726394053
168,12,0.569917172604265,-0.05735322511437065
168,13,0.3560236358171256,-0.2584458224995091
168,14,0.6036416629014419,0.1211287338281674
168,15,0.4666581588717669,0.1313203979365422
168,16,0.6104278051131845,-0.13459853084078174
168,17,0.4861923983456265,-0.13454358899918173
168,18,0.391246628171872,-0.21353112096111648
168,19,0.4004552911648468,-0.08913754007191191
169,0,0.4092905422218695,-0.13041101729760365
169,1,0.3617462995792361,-0.480975044152764
169,2,0.6554814426142698,-0.01882722260806346
169,3,0.5878799020039762,-0.028904177820103197
169,4,0.5552932056864129,-0.2612949389074181
169,5,0.43493318008548987,0.16324781360057258
169,6,0.56694643614735,-0.3235225141382129
169,7,0.27437796614262633,-0.33494131259701126
169,8,0.6543090782038519,0.024860066370127873
169,9,0.5311834542873819,-0.3837215174562705
169,10,0.6226428766500037,0.05897318187887967
169,11,0.6072767293807505,-0.1442700600876331
169,12,0.5738647692948198,-0.059479542706936894
169,13,0.3601708791223699,-0.2603477757694031
169,14,0.6075788592021049,0.1188364538309137
169,15,0.47073456665430574,0.12903300710669566
169,16,0.6143330030420837,-0.1366429795585042
169,17,0.49028791251488707,-0.13644016607387882
169,18,0.39550741746132123,-0.21513965839923083
169,19,0.404718538848688,-0.09089204815272754
170,0,0.4133984833073881,-0.13243875856245074
170,1,0.3617462995792361,-0.480975044152764
170,2,0.6593461660611607,-0.02100028902649027
170,3,0.5918155254338179,-0.031053746523053163
170,4,0.5592434500530098,-0.26320694862961325
170,5,0.43904337470784394,0.16093032905593826
170,6,0.5709443613112614,-0.3252296230259678
170,7,0.27437796614262633,-0.33494131259701126
170,8,0.6581823211783998,0.02265017701374824
170,9,0.5351466083341893,-0.38551122462922693
170,10,0.6265451339247594,0.05672257557229343
170,11,0.6112853661587829,-0.14609734312022976
170,12,0.5778084316778243,-0.0616037411399196
170,13,0.3643139896773552,-0.26224783373263433
170,14,0.611512132793641,0.1165464576790616
170,15,0.47480691331360936,0.1267478950910754
170,16,0.618234309601286,-0.1386853910668632
170,17,0.4943626888067892,-0.1383704515901381
170,18,0.39974391636275025,-0.21679884365738092
170,19,0.40895611834202855,-0.09269608687474316
171,0,0.41750233133451525,-0.13446447943235373
171,1,0.3617462995792361,-0.480975044152764
171,2,0.6632070376850127,-0.02317118963217246
171,3,0.5957472270340424,-0.03320117319123947
171,4,0.5631897582943082,-0.265117053176042
171,5,0.44314947445785274,0.15861515335656418
171,6,0.5749235085096365,-0.3269693106591321
171,7,0.27437796614262633,-0.33494131259701126
171,8,0.6620517043856997,0.02044248985811241
171,9,0.539105813246971,-0.38729914842626384
171,10,0.6304435017501202,0.054474212485136606
171,11,0.6152718689636748,-0.14796214649662087
171,12,0.5817481637008883,-0.06372582253964348
171,13,0.36845297162933927,-0.26414599829116264
171,14,0.615441487613261,0.11425874308032273
171,15,0.4788752029261008,0.12446505960228207
171,16,0.6221317286960032,-0.14072576741031464
171,17,0.49841771367115534,-0.1403316198787641
171,18,0.4039570843871585,-0.21850446248976865
171,19,0.413169136112532,-0.09454545934059697
172,0,0.4216020904112069,-0.13648818193506124
172,1,0.3659284864683319,-0.48250239873763023
172,2,0.667064061350562,-0.02533992659818367
172,3,0.5996750107402868,-0.03534645997423831
172,4,0.5671321343605664,-0.2670252544587209
172,5,0.44725148344572613,0.15630228418495715
172,6,0.5788846956370765,-0.3287389598828951
172,7,0.27437796614262633,-0.33494131259701126
172,8,0.6659172316990081,0.018237002693323366
172,9,0.5430610729888953,-0.3890852906370947
172,10,0.6343379840283561,0.05222809036679553
172,11,0.6192372345897086,-0.14986139966660514
172,12,0.5856839693076877,-0.06584578903031413
172,13,0.3725878291214471,-0.26604227134505265
172,14,0.6193669275942529,0.11197330774469252
172,15,0.4829394395641419,0.12218449835519511
172,16,0.6260252642275554,-0.14276411063127725
172,17,0.5024539399227423,-0.1423210759167436
172,18,0.40814789331060053,-0.2202526488156823
172,19,0.41735869643409573,-0.09643632154484637
173,0,0.42569776464132586,-0.13850986809630142
173,1,0.37009295915172613,-0.4840648733149454
173,2,0.6709172409186931,-0.02750650209543174
173,3,0.6035988804842666,-0.03748960901948388
173,4,0.5710705821981069,-0.2689315543877613
173,5,0.45134940577757915,0.15399171922593288
173,6,0.5828287186355298,-0.33053615856935903
173,7,0.27437796614262633,-0.33494131259701126
173,8,0.6697789069877215,0.016033713311686296
173,9,0.5470123915191808,-0.39086965304964955
173,10,0.6382285846578477,0.049984206968899755
173,11,0.6231824363935077,-0.15179227886252403
173,12,0.5896158524379677,-0.06796364273402006
173,13,0.37671856629267514,-0.2679366547924755
173,14,0.623288456665986,0.10969014938444797
173,15,0.48699962729603763,0.11990620906697048
173,16,0.6299149200933758,-0.1448004227701346
173,17,0.5064722833274965,-0.14433643569418977
173,18,0.412317313548407,-0.22203985524263634
173,19,0.42152588904204014,-0.09836515178492775
174,0,0.4297893581246461,-0.14052953993978415
174,1,0.37424044423461533,-0.485659622729234
174,2,0.6747665802464425,-0.029670918292660876
174,3,0.6075188401937791,-0.03963062247227046
174,4,0.5750051057493198,-0.2708359548713713
174,5,0.4554432455554361,0.1516834561666136
174,6,0.5867563478106311,-0.33235868292696036
174,7,0.27868280461818556,-0.3365549776492305
174,8,0.6736367341173806,0.013832619507706362
174,9,0.5509597727931014,-0.392652237450077
174,10,0.6421153075330901,0.047742560045319786
174,11,0.6231824363935077,-0.15179227886252403
174,12,0.593543817027547,-0.07007938577073493
174,13,0.38084518727789535,-0.26982915052971096
174,14,0.6272060787539147,0.10740926571414532
174,15,0.4910557701860398,0.11763018945703838
174,16,0.6338007001870135,-0.14683470586523714
174,17,0.5104866236737529,-0.14634978777785007
174,18,0.41646630350049224,-0.22386282601319774
174,19,0.4256717796742497,-0.10032872268661344
175,0,0.4338768749568566,-0.14254719948720287
175,1,0.3783716559351184,-0.4872840274522507
175,2,0.6786120831870028,-0.03183317735645382
175,3,0.611434893792708,-0.04176950247575464
175,4,0.5789357089526671,-0.27273845781585765
175,5,0.45953300687723453,0.14937749269642572
175,6,0.5906683251847161,-0.33420448219659543
175,7,0.2829671845406075,-0.3382095936356994
175,8,0.6774907169496742,0.011633719078086502
175,9,0.5549032207619896,-0.3944330456227457
175,10,0.6459981565446967,0.04550314735216485
175,11,0.6231824363935077,-0.15179227886252403
175,12,0.5974678670083222,-0.0721930202583196
175,13,0.38496769620785937,-0.27171976045114904
175,14,0.6311197977795825,0.10513065445061777
175,15,0.4951078722943514,0.11535643724710092
175,16,0.6376826083981383,-0.14886696195290425
175,17,0.5144839745727676,-0.1483868291479686
175,18,0.4205958013444831,-0.22571857222023048
175,19,0.42979740297366803,-0.10232407565851878
176,0,0.4338768749568566,-0.14254719948720287
176,1,0.38248729101999807,-0.48893567511560787
176,2,0.6824537535897262,-0.03399328145123402
176,3,0.6153470452010267,-0.04390625117095738
176,4,0.5828623957426864,-0.2746390651256277
176,5,0.46361869383682963,0.14707382650709755
176,6,0.5906683251847161,-0.33420448219659543
176,7,0.2872319786051999,-0.33990173546104124
176,8,0.681340859342443,0.009437009821725226
176,9,0.5588427393732407,-0.3962120793502465
176,10,0.6498771355794033,0.04326596664778063
176,11,0.6231824363935077,-0.15179227886252403
176,12,0.6013880063082712,-0.07430454831252427
176,13,0.3890860972092027,-0.27360848644929214
176,14,0.635029617660626,0.10285431331297322
176,15,0.4991559376771306,0.11308495016112993
176,16,0.6415606486125441,-0.15089719306742627
176,17,0.5184773412279383,-0.15042184015604387
176,18,0.4247067188387037,-0.22760434913092817
176,19,0.43390375731514974,-0.10434849759038275
177,0,0.4338768749568566,-0.14254719948720287
177,1,0.38658802500334744,-0.49061234356947253
177,2,0.6862915953001283,-0.036151232739267805
177,3,0.6192552983348026,-0.04604087069676624
177,4,0.586785170049995,-0.2765377787031912
177,5,0.46770031052399796,0.14477245529265695
177,6,0.5906683251847161,-0.33420448219659543
177,7,0.29147804866465066,-0.3416282599576855
177,8,0.6851871651496833,0.00724248953971441
177,9,0.5627783325703166,-0.3979893404133938
177,10,0.6537522485200715,0.041031015692747044
177,11,0.6231824363935077,-0.15179227886252403
177,12,0.6053042388514572,-0.07641397204699059
177,13,0.39320039440444876,-0.2754953304147569
177,14,0.6389355423107789,0.10058024002259196
177,15,0.5031999703864949,0.11081572592536462
177,16,0.6454348247121531,-0.15292540124106654
177,17,0.5224667276366289,-0.1524548228391239
177,18,0.4287999367690697,-0.2295176354609119
177,19,0.4379918011932971,-0.10639949961466316
178,0,0.4338768749568566,-0.14254719948720287
178,1,0.39068467240072896,-0.4922873411395871
178,2,0.6901256121598927,-0.03830703338066654
178,3,0.623159657106201,-0.04817336318993746
178,4,0.5907040358012938,-0.2784346004491623
178,5,0.47177786102444186,0.1424733767494291
178,6,0.5906683251847161,-0.33420448219659543
178,7,0.29570623820721986,-0.34338628194609716
178,8,0.6890296382215508,0.005050156035337096
178,9,0.5667100042927501,-0.3997648305912277
178,10,0.6576234992456934,0.038798292249875986
178,11,0.6231824363935077,-0.15179227886252403
178,12,0.609216568558033,-0.0785212935732538
178,13,0.3973105919120131,-0.27738029423627586
178,14,0.6428375756398754,0.09830843230312439
178,15,0.507224866689715,0.10852204613740075
178,16,0.6493051405750191,-0.15495158850406343
178,17,0.5264521377922191,-0.15448577923222637
178,18,0.4328763017346393,-0.23145611444416464
178,19,0.44207577224949557,-0.10844845827387442
179,0,0.4338768749568566,-0.14254719948720287
179,1,0.39477723731289066,-0.49396066950262574
179,2,0.693955808006874,-0.040460685533388774
179,3,0.623159657106201,-0.04817336318993746
179,4,0.5946189969193714,-0.2803295322622614
179,5,0.4758513494197934,0.1401765885760341
179,6,0.5906683251847161,-0.33420448219659543
179,7,0.29991736669020275,-0.34517315233455537
179,8,0.692868282404365,0.0028600071140652936
179,9,0.5706377584761483,-0.4015385516610156
179,10,0.6614908916313946,0.036567794084209085
179,11,0.6231824363935077,-0.15179227886252403
179,12,0.6131249993442442,-0.08062651500074482
179,13,0.40141669384620754,-0.27926337980069976
179,14,0.6467357215538548,0.09603888788048877
179,15,0.5112457512208817,0.10623065255006908
179,16,0.6531716000753323,-0.15697575688463236
179,17,0.5304335756841084,-0.1565147113683406
179,18,0.4369486044453268,-0.2333926616583584
179,19,0.44615567457180416,-0.11049537561902616
180,0,0.4338768749568566,-0.14254719948720287
180,1,0.3988657238364941,-0.49563233033359183
180,2,0.6977821866751018,-0.04261219135324244
180,3,0.623159657106201,-0.04817336318993746
180,4,0.5985300573231076,-0.2822225760393172
180,5,0.47992077978761843,0.1378820884733848
180,6,0.5906683251847161,-0.33420448219659543
180,7,0.3041122253885662,-0.34698643810229574
180,8,0.6967031015406125,0.0006720405835577811
180,9,0.5745615990521971,-0.403310505398254
180,10,0.6653544295484388,0.034339518963015486
180,11,0.6231824363935077,-0.15179227886252403
180,12,0.6170295351224341,-0.08272963843679236
180,13,0.405518704317244,-0.2811445889929991
180,14,0.650629983954765,0.09377160448286889
180,15,0.5152626280049043,0.10394154286968235
180,16,0.6570342070834223,-0.15899790840896788
180,17,0.5344110452977201,-0.1585416212784297
180,18,0.4369486044453268,-0.2333926616583584
180,19,0.4502315122442091,-0.11254025369908464
181,0,0.4338768749568566,-0.14254719948720287
181,1,0.4029501360641183,-0.49730232530581947
181,2,0.7016047519947852,-0.04476155299388698
181,3,0.623159657106201,-0.04817336318993746
181,4,0.6024372209274778,-0.2841137336752684
181,5,0.4839861562014207,0.1355898741446843
181,6,0.5906683251847161,-0.33420448219659543
181,7,0.308302903684398,-0.34879791683314665
181,8,0.7005340994689511,-0.0015137457463420883
181,9,0.5784815299486646,-0.4050806935766704
181,10,0.6692141168642313,0.032113464655789604
181,11,0.6231824363935077,-0.15179227886252403
181,12,0.6209301798010467,-0.08483066598662507
181,13,0.4096166274312391,-0.2830239236962661
181,14,0.6545203667407664,0.09150657984071187
181,15,0.5192755010626805,0.10165471480483954
181,16,0.6608929654657626,-0.16101804510124568
181,17,0.5383845506145052,-0.1605665109914324
181,18,0.4369486044453268,-0.2333926616583584
181,19,0.4543032893466279,-0.11458309456097485
182,0,0.4338768749568566,-0.14254719948720287
182,1,0.40703047808426385,-0.4989706560909753
182,2,0.7054235077923158,-0.046908772606835514
182,3,0.623159657106201,-0.04817336318993746
182,4,0.6024372209274778,-0.2841137336752684
182,5,0.4880321218633534,0.13327291097409957
182,6,0.5906683251847161,-0.33420448219659543
182,7,0.31248940577257134,-0.3506075903404001
182,8,0.7043612800242133,-0.003697354063608577
182,9,0.5823975550894057,-0.4068491179682249
182,10,0.6730699574423228,0.029889628934248885
182,11,0.6231824363935077,-0.15179227886252403
182,12,0.6248269372846312,-0.08692959975337358
182,13,0.4137104672902179,-0.28490138579171664
182,14,0.6584068738061359,0.08924381168672581
182,15,0.5232843744111001,0.09937016606642347
182,16,0.6647478790849741,-0.16303616898362452
182,17,0.5423540956119464,-0.1625893825342654
182,18,0.4369486044453268,-0.2333926616583584
182,19,0.45837100995491337,-0.11662390024958245
183,0,0.4338768749568566,-0.14254719948720287
183,1,0.41110675398135715,-0.50063732435906
183,2,0.7092384578902717,-0.049053852341456976
183,3,0.623159657106201,-0.04817336318993746
183,4,0.6024372209274778,-0.2841137336752684
183,5,0.4920740547413144,0.13095825721805712
183,6,0.5906683251847161,-0.33420448219659543
183,7,0.3166717358437789,-0.3524154604355411
183,8,0.7081846470374106,-0.005878786554035755
183,9,0.5863096783943653,-0.4086157803431121
183,10,0.6769219551424135,0.02766800957233158
183,11,0.6231824363935077,-0.15179227886252403
183,12,0.6287198114738458,-0.08902644183807265
183,13,0.417800227992118,-0.28677697715869216
183,14,0.6622895090412712,0.08698329775587757
183,15,0.5272892520630493,0.09708789436759864
183,16,0.6685989517998292,-0.16505228207624842
183,17,0.546319684263562,-0.16461023793182503
183,18,0.4369486044453268,-0.2333926616583584
183,19,0.46243467814085787,-0.11866267280775597
184,0,0.4338768749568566,-0.14254719948720287
184,1,0.4151789678357544,-0.5023023317784103
184,2,0.713049606107422,-0.0511967943449783
184,3,0.623159657106201,-0.04817336318993746
184,4,0.6024372209274778,-0.2841137336752684
184,5,0.49611195888128257,0.12864591055958624
184,6,0.5906683251847161,-0.33420448219659543
184,7,0.3208498980845372,-0.3542215289282493
184,8,0.7120042043357372,-0.008058045401239687
184,9,0.5902179037795827,-0.4103806824697626
184,10,0.6807701138203569,0.02544860434619452
184,11,0.6271318842669873,-0.15370446019444287
184,12,0.6326088062654612,-0.09112119433966327
184,13,0.42188591363079403,-0.2886506996746614
184,14,0.6661682763326936,0.08472503578539049
184,15,0.5312901380274145,0.09480789742380881
184,16,0.6724461874652554,-0.16706638639724855
184,17,0.5502813205389104,-0.16662907920698955
184,18,0.4369486044453268,-0.2333926616583584
184,19,0.46649429797219727,-0.12069941427630873
185,0,0.43810165619243857,-0.1442467825606701
185,1,0.41924712372374573,-0.5039656800157002
185,2,0.7168569562587295,-0.05333760076248653
185,3,0.623159657106201,-0.04817336318993746
185,4,0.6024372209274778,-0.2841137336752684
185,5,0.500145838325204,0.12633586868402566
185,6,0.5947236655663221,-0.3356969586582291
185,7,0.32502389667719067,-0.35602579762640113
185,8,0.7158199557425737,-0.010235132786660618
185,9,0.5941222351571954,-0.41214382611484535
185,10,0.6846144373281637,0.023231411034210895
185,11,0.6310616640310757,-0.15564692410617584
185,12,0.6364939255523652,-0.09321385935499475
185,13,0.4259675282960212,-0.29052255521522247
185,14,0.6700431795630531,0.08246902351474214
185,15,0.5352870363090867,0.0925301729527748
185,16,0.6762895899323393,-0.16907848396274533
185,17,0.5542390084035933,-0.16864590838062107
185,18,0.4369486044453268,-0.2333926616583584
185,19,0.47054987351261496,-0.12273412669402094
186,0,0.4423014990748481,-0.1459954293812379
186,1,0.4233112257175591,-0.5056273707359429
186,2,0.7206605121553556,-0.055476273736931
186,3,0.623159657106201,-0.04817336318993746
186,4,0.6024372209274778,-0.2841137336752684
186,5,0.5041756971109959,0.1240281292790212
186,6,0.5987565332045415,-0.33723724290535506
186,7,0.3291937357999161,-0.35782826833607123
186,8,0.7196319050774911,-0.012410050889565158
186,9,0.5980226764354428,-0.4139052130432687
186,10,0.6884549295140054,0.021016427416968016
186,11,0.6349727013367333,-0.157617183822941
186,12,0.6403751732235659,-0.09530443897882684
186,13,0.43004507607349984,-0.2923925456541046
186,14,0.6739142226111318,0.08021525868566201
186,15,0.5352870363090867,0.0925301729527748
186,16,0.6801291630483307,-0.17108857678685038
186,17,0.5581927518192602,-0.1706607274715676
186,18,0.4369486044453268,-0.2333926616583584
186,19,0.474601408821746,-0.1247668120976417
187,0,0.4464774429291375,-0.147789037498529
187,1,0.42737127788536455,-0.5072874056024924
187,2,0.7244602776046636,-0.05761281540912546
187,3,0.623159657106201,-0.04817336318993746
187,4,0.6024372209274778,-0.2841137336752684
187,5,0.5082015392725507,0.12172269003452342
187,6,0.6027677279246059,-0.338821552682421
187,7,0.33335941962672655,-0.35962894286153463
187,8,0.7234400561562543,-0.014582801887048465
187,9,0.6019192315186705,-0.41566484501818285
187,10,0.6922915942222186,0.018803651277265104
187,11,0.6388658876940115,-0.15961295033806536
187,12,0.6442525531641959,-0.09739293530383179
187,13,0.4341185610448593,-0.29426067286317004
187,14,0.6777814093518473,0.07796373904212932
187,15,0.5352870363090867,0.0925301729527748
187,16,0.6839649106566459,-0.17309666688166858
187,17,0.5621425547436121,-0.172673538496665
187,18,0.4369486044453268,-0.2333926616583584
187,19,0.4786489079551813,-0.1267974725218911
188,0,0.45063052923088753,-0.14962384485452215
188,1,0.4314272842912784,-0.5089457862770452
188,2,0.7282562564102223,-0.05974722791775022
188,3,0.6271946325810024,-0.050036449903546804
188,4,0.6024372209274778,-0.2841137336752684
188,5,0.5122233688397407,0.11941954864278538
188,6,0.606758068139806,-0.34044640272414994
188,7,0.33752095232747553,-0.36142782300526827
188,8,0.7272444127908262,-0.016753387954036417
188,9,0.6058119043073341,-0.417422723800981
188,10,0.6961244352933084,0.016593080400111065
188,11,0.642742078183689,-0.161632115973913
188,12,0.6481260692555166,-0.09947935042059647
188,13,0.438187987287662,-0.29612693871241597
188,14,0.6816302760912842,0.0756897947825337
188,15,0.5352870363090867,0.0925301729527748
188,16,0.6877968365968721,-0.1751027562573001
188,17,0.5660884211304056,-0.1746843434707391
188,18,0.4369486044453268,-0.2333926616583584
188,19,0.48269237496447137,-0.12882610999946223
189,0,0.45476178934218026,-0.15149640071597284
189,1,0.435479248995367,-0.5106025144196421
189,2,0.7320484523718102,-0.06187951339935431
189,3,0.6312048180147005,-0.051942099864358875
189,4,0.6024372209274778,-0.2841137336752684
189,5,0.5162411898384212,0.11711870279836029
189,6,0.6107283786793256,-0.3421085809463779
189,7,0.34167833806786146,-0.363224910567953
189,8,0.7310449787893717,-0.0189218112632878
189,9,0.6097006986980027,-0.4191788511513016
189,10,0.6999534565639524,0.014384712572722278
189,11,0.646614406440493,-0.16364926971485588
189,12,0.6519957253749213,-0.10156368641762446
189,13,0.4422533588754077,-0.2979913450699763
189,14,0.6854753066008208,0.07341811700124222
189,15,0.5352870363090867,0.0925301729527748
189,16,0.6916249447047709,-0.17710684692184236
189,17,0.5700303549294568,-0.17669314440660766
189,18,0.44116220518124516,-0.23498606268538277
189,19,0.48673181389713066,-0.13085272656102317
190,0,0.4588722350292426,-0.15340353904312762
190,1,0.439527176053651,-0.5122575916886696
190,2,0.7358368692854192,-0.06400967398835758
190,3,0.6351913256541287,-0.0538867926733842
190,4,0.6024372209274778,-0.2841137336752684
190,5,0.5202550062904348,0.11482015019809917
190,6,0.6146794810666965,-0.34380512646421685
190,7,0.3458315810094315,-0.3650202073484751
190,8,0.7348417579562609,-0.021088073985396475
190,9,0.6135856185833634,-0.4209332288270299
190,10,0.7037786618670047,0.012178545584520375
190,11,0.6504828763406276,-0.1656644135800669
190,12,0.6558615253959397,-0.10364594538133816
190,13,0.4463146798775372,-0.29985389380212374
190,14,0.6893165047293364,0.07114870342430318
190,15,0.5352870363090867,0.0925301729527748
190,16,0.6954492388122823,-0.1791089408813921
190,17,0.5739683600866453,-0.1786999433150824
190,18,0.445351884054313,-0.23662921163517686
190,19,0.4907540654015318,-0.13290335134115633
191,0,0.46296285126499254,-0.15534235412846253
191,1,0.4435710695181094,-0.5139110197408616
191,2,0.7396215109432585,-0.06613771181705289
191,3,0.6391552490611375,-0.05586729568687515
191,4,0.606486058445637,-0.2856667278699644
191,5,0.5242648222136157,0.11252388854114861
191,6,0.6186121858423224,-0.3455333093361485
191,7,0.3499806853095859,-0.3668137151439285
191,8,0.7386347540920737,-0.023252178288793553
191,9,0.6174666678522247,-0.4226858585842996
191,10,0.7076000550314996,0.00997457722713003
191,11,0.6543474917564353,-0.16767754958670703
191,12,0.6597234731882411,-0.10572612939608082
191,13,0.4503719543594369,-0.3017145867732713
191,14,0.6893165047293364,0.07114870342430318
191,15,0.5352870363090867,0.0925301729527748
191,16,0.6992697227475284,-0.1811090401400473
191,17,0.5779024405439183,-0.180704742204971
191,18,0.44951857302097054,-0.23831801042883993
191,19,0.4947723078384153,-0.13495193221797117
192,0,0.467034590901418,-0.15731017833788824
192,1,0.4476109334366834,-0.5155628002313012
192,2,0.7434023811337579,-0.06826362901560817
192,3,0.6430976551816723,-0.05788063958015211
192,4,0.6105118795587641,-0.28726691294617035
192,5,0.5282706416217938,0.11022991552894844
192,6,0.6225272865861755,-0.34729061192640964
192,7,0.35412565512158223,-0.3686054357496163
192,8,0.7424239709936028,-0.025414126339749564
192,9,0.6213438503895208,-0.4244367421774948
192,10,0.7114176398826554,0.007772805294376751
192,11,0.6582082565563997,-0.16968867974992738
192,12,0.6635815726176393,-0.10780424054411869
192,13,0.4544251863824425,-0.30357342584597446
192,14,0.6893165047293364,0.07114870342430318
192,15,0.5352870363090867,0.0925301729527748
192,16,0.7030864003348174,-0.18310714669990932
192,17,0.5818326002392941,-0.1827075430830791
192,18,0.45366321638238233,-0.24004869611196808
192,19,0.49878654523004573,-0.13699847124209913
193,0,0.47108837086558264,-0.15930456179012323
193,1,0.4516467718532809,-0.5172129348134223
193,2,0.7471794836415724,-0.07038742771206866
193,3,0.6470195784031203,-0.059924095994130844
193,4,0.6145155402527449,-0.2889105311013751
193,5,0.5322724685247981,0.10793822886522941
193,6,0.626425555350224,-0.3490747117760401
193,7,0.35826649459453924,-0.3703953709590525
193,8,0.7462094124538581,-0.027573920302376626
193,9,0.6252171700763152,-0.4261858813592517
193,10,0.7152314202418782,0.005573227582284668
193,11,0.6620651746051502,-0.17169780608287125
193,12,0.6674358275460955,-0.10988028090564307
193,13,0.4584743800038433,-0.30543041288093303
193,14,0.6893165047293364,0.07114870342430318
193,15,0.5352870363090867,0.0925301729527748
193,16,0.7068992753946474,-0.18510326256108478
193,17,0.5857588431068663,-0.18470834795421237
193,18,0.4577867576991929,-0.24181781277418346
193,19,0.5027967815946787,-0.13904297046212782
194,0,0.47512506959098905,-0.16132325381622023
194,1,0.45567858880778006,-0.5188614251390113
194,2,0.7509528222475851,-0.07250911003235891
194,3,0.6509220162394344,-0.061995157107879235
194,4,0.6184979094991926,-0.29059412148951763
194,5,0.5362703069284614,0.10564882625601092
194,6,0.6303077392556699,-0.35088346587399855
194,7,0.3624032078734414,-0.3721835225639641
194,8,0.7499910822620702,-0.02973156233863062
194,9,0.6290866307898046,-0.42793327788046037
194,10,0.7190413999267661,0.0033758418890743277
194,11,0.6659182497634657,-0.17370493059667605
194,12,0.6712862418317228,-0.1119542525587724
194,13,0.462519539276886,-0.3072855497369928
194,14,0.6893165047293364,0.07114870342430318
194,15,0.5352870363090867,0.0925301729527748
194,16,0.7068992753946474,-0.18510326256108478
194,17,0.5896811730768081,-0.18670715882117844
194,18,0.461890129525409,-0.24362218575125055
194,19,0.5068030209465647,-0.14108543192460296
195,0,0.47915774503660125,-0.16333993386089585
195,1,0.4597063883360336,-0.5205082728582087
195,2,0.7547224007289118,-0.07462867810028503
195,3,0.6548059263427818,-0.06409151698482614
195,4,0.6224598576305183,-0.29231449618953886
195,5,0.5402641608346238,0.1033617054095987
195,6,0.634174558048772,-0.3527148962228728
195,7,0.36653579909914263,-0.3739698923542925
195,8,0.7537689842036943,-0.031887054608313335
195,9,0.6329522364033232,-0.4296789334902664
195,10,0.7228475827511123,0.0011806460151604914
195,11,0.6697674858882781,-0.17571005530047537
195,12,0.6751328193287895,-0.11402615757955432
195,13,0.466560668250779,-0.3091388382711476
195,14,0.6893165047293364,0.07114870342430318
195,15,0.5394059193896248,0.09049157997149287
195,16,0.7068992753946474,-0.18510326256108478
195,17,0.5935995940753755,-0.18870397768478897
195,18,0.4659742454702122,-0.24545889796607925
195,19,0.5108052672959533,-0.1431258576740305
196,0,0.48318640123913137,-0.1653546039428488
196,1,0.4637301744698728,-0.5221534796195104
196,2,0.7584882228589043,-0.07674613403753673
196,3,0.6586722245904181,-0.066211054546889
196,4,0.62640224711564,-0.2940687180508259
196,5,0.544254034241137,0.10107686403658253
196,6,0.6380375236456174,-0.3545445015934012
196,7,0.37066427240837097,-0.37575448211819573
196,8,0.757543122060414,-0.03404039926907465
196,9,0.6368139907863459,-0.4314228499360728
196,10,0.7266499725249097,-0.0010123622368500692
196,11,0.6736128868326764,-0.17771318220140103
196,12,0.6789755638877237,-0.11609599804196784
196,13,0.47059777097069644,-0.31099028033854104
196,14,0.6893165047293364,0.07114870342430318
196,15,0.5434990815303242,0.08841185071031335
196,16,0.7068992753946474,-0.18510326256108478
196,17,0.597514110024912,-0.1906988065438616
196,18,0.4700399941757404,-0.24732526826050788
196,19,0.5148035246490971,-0.1451642497528786
197,0,0.4872110422312682,-0.1673672660787658
197,1,0.46774995123711155,-0.5237970470697703
197,2,0.762250292407154,-0.07886147996368949
197,3,0.6625346701377742,-0.06832848002591117
197,4,0.6303259253333626,-0.2958540803052775
197,5,0.5482399311418683,0.09879429984983394
197,6,0.6418966399130384,-0.35637228381702046
197,7,0.37478863193373213,-0.3775372936420498
197,8,0.7613134996101448,-0.036191598476414684
197,9,0.6406718978044926,-0.4331650289635417
197,10,0.7304485730543542,-0.0032031850621607708
197,11,0.677454456445911,-0.179714313304585
197,12,0.6828144793551163,-0.11816377601792526
197,13,0.47463085147778206,-0.31283987779246847
197,14,0.6893165047293364,0.07114870342430318
197,15,0.5475677863239179,0.08629451596657124
197,16,0.7068992753946474,-0.18510326256108478
197,17,0.6014247248438516,-0.19269164739522196
197,18,0.47408823486590473,-0.24921883157027025
197,19,0.5187977970082556,-0.14720061020157973
198,0,0.4912316720416814,-0.1693779222833236
198,1,0.4717657226615503,-0.5254389768542008
198,2,0.7660086131394965,-0.08097471799620665
198,3,0.6663932668511621,-0.07044379554143766
198,4,0.634231719003135,-0.29766808783096
198,5,0.5522218555267042,0.09651401056450395
198,6,0.6457519107140142,-0.3581982447233425
198,7,0.3789088818037141,-0.37931832871045085
198,8,0.7650801206270386,-0.03834065438368595
198,9,0.6445259613195321,-0.43490547231659593
198,10,0.7342433881418485,-0.005391824653787415
198,11,0.6812921985733966,-0.18171345061316152
198,12,0.6866495695737255,-0.12022949357727436
198,13,0.4786599138091534,-0.31468763248437875
198,14,0.6893165047293364,0.07114870342430318
198,15,0.5516132611414529,0.0841428082087512
198,16,0.7068992753946474,-0.18510326256108478
198,17,0.6053314424467238,-0.19468250223370573
198,18,0.4781197941779118,-0.25113732079943646
198,19,0.5227880883716993,-0.14923494105853277
199,0,0.4952482946950253,-0.1713865745691911
199,1,0.47577749276298026,-0.5270792706163754
199,2,0.7697631888180144,-0.08308585025044156
199,3,0.6702480185930407,-0.07255700321090136
199,4,0.6381204299862651,-0.29950843995157833
199,5,0.5561998113815552,0.09423599389802073
199,6,0.6496033399076746,-0.3600223861401559
199,7,0.38302502614269107,-0.3810975891062167
199,8,0.7688429888814865,-0.04048756914209553
199,9,0.6483761851893857,-0.436644181737421
199,10,0.7380344215860064,-0.007578283202560383
199,11,0.685126117056717,-0.18371059612826895
199,12,0.6904808383824803,-0.12229315278780047
199,13,0.4826849619979058,-0.31653354626387614
199,14,0.6893165047293364,0.07114870342430318
199,15,0.5556366907879497,0.08195968790027316
199,16,0.7068992753946474,-0.18510326256108478
199,17,0.6092342667441566,-0.19667137305216056
199,18,0.48214733623043154,-0.25305389834419956
199,19,0.5267744027337139,-0.15126724436010486
200,0,0.4992609142119432,-0.1733932249470312
200,1,0.4797852655571872,-0.5287179299982296
200,2,0.7735140232010418,-0.08519487883963968
200,3,0.6740989292220204,-0.07466810514962523
200,4,0.6419928322160516,-0.3013730146580659
200,5,0.5601738026883587,0.09196024757008736
200,6,0.6534509313493041,-0.36184470989342804
200,7,0.38713706907092754,-0.38287507661038883
200,8,0.7726021081401234,-0.04263234490070719
200,9,0.6522225732681312,-0.43838115896646673
200,10,0.741821677181656,-0.009762562897126834
200,11,0.6889562157336283,-0.18570575184905194
200,12,0.6943082896164846,-0.12435475571522847
200,13,0.48670600007311643,-0.31837762097872213
200,14,0.693278677792848,0.06910748648761099
200,15,0.559639213059773,0.07974786745470656
200,16,0.7068992753946474,-0.18510326256108478
200,17,0.6131332016428811,-0.19865826184144808
200,18,0.4861708650550376,-0.2549685661230555
200,19,0.5307567440846039,-0.1532975221406336
201,0,0.5032695346090711,-0.17539787542550286
201,1,0.4837890450559556,-0.5303549566400632
201,2,0.7772611200431674,-0.0873018058749407
201,3,0.6779460025928665,-0.07677710347082438
201,4,0.6458496695538101,-0.3032598541425933
201,5,0.5641438334250842,0.08968676930267952
201,6,0.6572946888903454,-0.36366521780730676
201,7,0.3912450147045825,-0.38465079300223387
201,8,0.7763574821658314,-0.044774983806443576
201,9,0.6560651294060068,-0.44011640574244904
201,10,0.741821677181656,-0.009762562897126834
201,11,0.6927824984380629,-0.18769891977266331
201,12,0.6981319271070209,-0.12641430442322493
201,13,0.49072303205984835,-0.32021985847483736
201,14,0.6972160155372019,0.06702820133655324
201,15,0.5636219158350868,0.07750983302091392
201,16,0.7068992753946474,-0.18510326256108478
201,17,0.6170282510457349,-0.20064317059044592
201,18,0.4901903846792862,-0.2568813260525887
201,19,0.534735116410697,-0.15532577643242906
202,0,0.507274159899042,-0.17740052801126324
202,1,0.4877888352670727,-0.5319903521805412
202,2,0.7810044830952388,-0.08940663346538065
202,3,0.6817892425565033,-0.07888400028560821
202,4,0.6497026632177157,-0.30514481322746795
202,5,0.5681099075657363,0.08741555682004323
202,6,0.6611346163784037,-0.3654839117041223
202,7,0.3953488671557136,-0.38642474005924576
202,8,0.7801091147177436,-0.046915488004088325
202,9,0.6599038574494152,-0.44184992380235166
202,10,0.741821677181656,-0.009762562897126834
202,11,0.6966049690001338,-0.18969010189426613
202,12,0.7019517546815539,-0.1284718009734001
202,13,0.49473606197915454,-0.3220602605963033
202,14,0.701129718225809,0.06491403849291612
202,15,0.5675858353923385,0.07524786428641866
202,16,0.7068992753946474,-0.18510326256108478
202,17,0.6209194188516663,-0.20262610128604971
202,18,0.49420589912672047,-0.25879218004747356
202,19,0.5387095236943478,-0.15735200926577578
203,0,0.5112747940904898,-0.1794011847089695
203,1,0.4917846401943324,-0.5336241182566965
203,2,0.7847441161043663,-0.09150936371789402
203,3,0.6856286529600176,-0.0809887977029825
203,4,0.6535518170646191,-0.3070278937995356
203,5,0.572072029080359,0.08514660784869257
203,6,0.66497071765725,-0.36730079340438904
203,7,0.39944863053228113,-0.3881969195571472
203,8,0.7838570095512477,-0.04905385963628824
203,9,0.6637387612409267,-0.4435817148814279
203,10,0.741821677181656,-0.009762562897126834
203,11,0.7004236312461376,-0.19167930020703564
203,12,0.705767776163735,-0.13052724742531008
203,13,0.4987450938480819,-0.32389882918536433
203,14,0.705020949920937,0.06276792585802624
203,15,0.5715458042303708,0.07298814998802489
203,16,0.710849495116014,-0.18680072240407566
203,17,0.6248067089557382,-0.20460705591317502
203,18,0.49821741241687434,-0.26070113002047696
203,19,0.5426799699139417,-0.1593762226689348
204,0,0.5152714411880532,-0.181399847521281
204,1,0.49577646383753937,-0.5352562565039304
204,2,0.7884800228139262,-0.09360999873731585
204,3,0.6894642376466631,-0.08309149782985153
204,4,0.6573971349475268,-0.30890909774376174
204,5,0.57603020193504,0.08287992011740739
204,6,0.6688029965668256,-0.3691158647268073
204,7,0.40354430893815224,-0.3899673332698916
204,8,0.7876011704179903,-0.05119010084355542
204,9,0.6675698446192838,-0.44531178071320227
204,10,0.741821677181656,-0.009762562897126834
204,11,0.704238488998559,-0.19366651670216128
204,12,0.7095799953734052,-0.13258064583645876
204,13,0.5027501316796752,-0.3257355660824294
204,14,0.7088908334139662,0.060592551337237024
204,15,0.5755018263131163,0.07073068786375636
204,16,0.7147761398790825,-0.18854158488558867
204,17,0.6286901252491316,-0.20658603645475934
204,18,0.5022249285652765,-0.2626081778824596
204,19,0.5466464590438996,-0.16139841866814578
205,0,0.51926410519238,-0.18339651844886115
205,1,0.499764310192513,-0.5368867685560148
205,2,0.7922122069635645,-0.09570854062638387
205,3,0.6932960004558638,-0.08519210277102018
205,4,0.661238620715606,-0.31078842694323344
205,5,0.579984430091914,0.08061549135723102
205,6,0.6726314569432454,-0.3709291274882653
205,7,0.4076359064731051,-0.39173598296966483
205,8,0.7913416010658799,-0.053324213764269414
205,9,0.6713971114194047,-0.4470401230294724
205,10,0.741821677181656,-0.009762562897126834
205,11,0.7080495460760744,-0.19565175336884874
205,12,0.7133884161265999,-0.13463199826229996
205,13,0.5067511794829813,-0.3275704731260739
205,14,0.7127404467059734,0.058390383470724914
205,15,0.579453905600557,0.06847547565389127
205,16,0.7186801660254476,-0.19032238903318288
205,17,0.6325696716191501,-0.2085630448917642
205,18,0.5062284515834545,-0.26451332554237833
205,19,0.5506089950546809,-0.16341859928762886
206,0,0.5232527901001306,-0.18539119949037952
206,1,0.5037481832510914,-0.538515656045094
206,2,0.7959406722892015,-0.09780499148574057
206,3,0.6971239452232181,-0.08729061462919607
206,4,0.6650762782141877,-0.31266588327916106
206,5,0.5839347175091675,0.07835331930146805
206,6,0.6764561026188021,-0.37274058350384076
206,7,0.41172342723283284,-0.393502870426887
206,8,0.7950783052390914,-0.05545620053467934
206,9,0.6752205654723873,-0.4487667435603106
206,10,0.741821677181656,-0.009762562897126834
206,11,0.7118568062935556,-0.19763501219432184
206,12,0.7171930422355518,-0.1366813067562395
206,13,0.510748241263053,-0.3294035521530417
206,14,0.7165708207432632,0.05616369023532215
206,15,0.5834020460487281,0.06622251110095997
206,16,0.7225625266170241,-0.19213994724320896
206,17,0.6364453519492236,-0.21053808320317693
206,18,0.510227985478939,-0.2664165749072878
206,19,0.5545675819127879,-0.16543676654958683
207,0,0.5272374999039826,-0.18738389264251382
207,1,0.5077280870011354,-0.5401429206016859
207,2,0.7996654225230345,-0.0998993534139353
207,3,0.7009480757805023,-0.08938703550499164
207,4,0.6689101112847707,-0.3145414686308802
207,5,0.5878810681410419,0.07609340168568204
207,6,0.6802769374219696,-0.37455023458680303
207,7,0.4158068753089477,-0.3952679974102141
207,8,0.7988112866780693,-0.05758606328890605
207,9,0.6790402106055128,-0.4504916440340658
207,10,0.741821677181656,-0.009762562897126834
207,11,0.7156602734620738,-0.19961629516382462
207,12,0.7209938775086956,-0.13872857336963718
207,13,0.5147413210209529,-0.33123480499824653
207,14,0.7203829381622752,0.053914556173411544
207,15,0.5873462516097223,0.06397179194974274
207,16,0.7264241624117144,-0.1939913229848253
207,17,0.6403171701189116,-0.21251115336601287
207,18,0.5142235342552672,-0.2683179278823425
207,19,0.5585222235807701,-0.16745292247420712
208,0,0.5312182385926344,-0.18937459989995184
208,1,0.5117040254265325,-0.541768563854684
208,2,0.8033864613935422,-0.10199162850742642
208,3,0.7047683959556751,-0.09148136749692622
208,4,0.6727401237650258,-0.3164151848758537
208,5,0.5918234859378383,0.07383573624769323
208,6,0.6840939651774074,-0.3763580825486146
208,7,0.4198862547889853,-0.3970313656865401
208,8,0.8025405491195317,-0.05971380415894425
208,9,0.6828560506422497,-0.45221482617736497
208,10,0.741821677181656,-0.009762562897126834
208,11,0.7194599513889034,-0.20159560426062328
208,12,0.724790925750671,-0.14077380015180888
208,13,0.5187304227537579,-0.33306423349477443
208,14,0.7241912564892932,0.05166766356061413
208,15,0.5912865262316931,0.06172331594726749
208,16,0.7302659948337389,-0.1958738102960179
208,17,0.6441851300039082,-0.21448225735531715
208,18,0.5182151019119874,-0.2702173863707986
208,19,0.5624729240172276,-0.1694670690796638
209,0,0.5351950101508094,-0.19136332325539349
209,1,0.515676002507201,-0.5433925874313587
209,2,0.8071037926254881,-0.10408181886058335
209,3,0.7085849095728806,-0.0935736127014282
209,4,0.6765663194887992,-0.3182870338896733
209,5,0.5957619748459206,0.07158032072757628
209,6,0.687907189705964,-0.378164129198933
209,7,0.42396156975640836,-0.39879297702099836
209,8,0.8062660962964738,-0.06183942527466463
209,9,0.6866577145531575,-0.4539590837884897
209,10,0.741821677181656,-0.009762562897126834
209,11,0.7232558438775257,-0.20357294146600816
209,12,0.7285841907623269,-0.14281698915002863
209,13,0.5227155504545626,-0.33489183947388507
209,14,0.7279957795364475,0.04942301014778818
209,15,0.5952228738588592,0.05947708084280752
209,16,0.7340889205975389,-0.19778491495314787
209,17,0.648049235476045,-0.21645139714416683
209,18,0.5222026924446627,-0.27211495227401594
209,19,0.5664196871768155,-0.17147920838211958
210,0,0.5391678185592598,-0.19335006469955282
210,1,0.519644022219094,-0.5450149929573591
210,2,0.8108174199399245,-0.10616992656568867
210,3,0.7123976204524526,-0.09566377321283707
210,4,0.6803887022861166,-0.3201570175460617
210,5,0.5957619748459206,0.07158032072757628
210,6,0.6917166148246809,-0.37996837634561276
210,7,0.4280328242906113,-0.40055283317696344
210,8,0.8099879319381722,-0.06396292876381601
210,9,0.6904555894166781,-0.45570160293064427
210,10,0.7457354071076155,-0.011701383217873737
210,11,0.7270479547276328,-0.20554830875929575
210,12,0.7323736763407256,-0.14485814240953063
210,13,0.5266967081124839,-0.33671762476501377
210,14,0.7317965111120693,0.047180593688033436
210,15,0.5991552984315085,0.05723308438787929
210,16,0.7378938076976871,-0.19972233719517796
210,17,0.6519094904032952,-0.21841857470367276
210,18,0.5261863098448751,-0.2740106274914598
210,19,0.5703625170102475,-0.1734893423957279
211,0,0.5431366677947708,-0.19533482622115997
211,1,0.5236080885342029,-0.5466357820567149
211,2,0.8145273470541959,-0.10825595371294028
211,3,0.7162065324109186,-0.09775185112340559
211,4,0.6842072759831869,-0.3220251377168744
211,5,0.5957619748459206,0.07158032072757628
211,6,0.6955222443467964,-0.381770825794707
211,7,0.4321000224669238,-0.40231093591605316
211,8,0.813706059770188,-0.06608431675202747
211,9,0.694249679034488,-0.4574423853480921
211,10,0.7496247285229687,-0.013679200602319877
211,11,0.7308362877351315,-0.20752170811783063
211,12,0.7361593862791457,-0.14689726197351127
211,13,0.5306738997126644,-0.3385415911957735
211,14,0.7355934550206948,0.04494041193668881
211,15,0.6030838038860019,0.054991324336240134
211,16,0.7416814925227501,-0.20168395588614793
211,17,0.6557658986497779,-0.2203837920029816
211,18,0.5301659581002297,-0.27590441392070303
211,19,0.5743014174643003,-0.1754974731326349
212,0,0.5471015618301642,-0.19731760980696317
212,1,0.5275682054205622,-0.5482549563518376
212,2,0.818233577681943,-0.11033990239045337
212,3,0.720011649261003,-0.09983784852330177
212,4,0.6880220444024061,-0.3238913962721016
212,5,0.5957619748459206,0.07158032072757628
212,6,0.6993240820817495,-0.3835714793504694
212,7,0.4361631683566153,-0.4040672869981301
212,8,0.8174204835143706,-0.06820359136281046
212,9,0.6980399872044747,-0.45918143278335816
212,10,0.7534907625192891,-0.015692819071994882
212,11,0.7346208466921468,-0.2094931415169875
212,12,0.7399413243670865,-0.14893434988313126
212,13,0.5346471292362769,-0.34036374059195634
212,14,0.7393866150630687,0.04270246265133017
212,15,0.6070083941547773,0.05275179844388604
212,16,0.745452777889682,-0.2036678140037814
212,17,0.6596184640757615,-0.22234705100927785
212,18,0.5341416411943581,-0.2777963134574276
212,19,0.578236392481817,-0.17750360260298137
213,0,0.5510625046343031,-0.1992984174417307
213,1,0.5315243768422525,-0.5498725174635222
213,2,0.8219361155331064,-0.11242177468426262
213,3,0.7238129748116318,-0.10192176750061106
213,4,0.6918330113623612,-0.3257557950798699
213,5,0.5957619748459206,0.07158032072757628
213,6,0.7031221318351832,-0.385370338815356
213,7,0.4402222660268988,-0.4058218881813034
213,8,0.821131206888862,-0.07032075471756093
213,9,0.7018265177207403,-0.46091874697723056
213,10,0.7573346035235855,-0.017739300645008664
213,11,0.7384016353870257,-0.21146261093017313
213,12,0.7437194943902719,-0.15096940817751756
213,13,0.5386164006605278,-0.34218407477753565
213,14,0.7431759950361477,0.04046674359176807
213,15,0.6109290731663531,0.05051450446904939
213,16,0.74922030572994,-0.2056496955009608
213,17,0.6634671905376678,-0.22430835368778562
213,18,0.5381133631069233,-0.27968632799542686
213,19,0.5821674460017116,-0.17950773281490492
214,0,0.5550195001720949,-0.20127725110825304
214,1,0.5354766067594056,-0.5514884670109489
214,2,0.82563496431393,-0.11450157267832424
214,3,0.7276105128679353,-0.10400361014133841
214,4,0.6956401806778338,-0.3276183360064443
214,5,0.5957619748459206,0.07158032072757628
214,6,0.7069163974089493,-0.3871674059900268
214,7,0.444277319540935,-0.4075747412219305
214,8,0.8248382336080998,-0.07243580893556148
214,9,0.7056092743736058,-0.4626543296687625
214,10,0.7611573133280621,-0.019815943600718824
214,11,0.7421786576043417,-0.21343011832882833
214,12,0.7474939001306535,-0.15300243889376552
214,13,0.542570286619711,-0.3440273178397112
214,14,0.746961598733105,0.03823325252004555
214,15,0.6148458448453332,0.048279440172196715
214,16,0.7529840798148231,-0.20762960236155148
214,17,0.6673120818880758,-0.22626770200177088
214,18,0.5420811278136224,-0.2815744594266072
214,19,0.5860945819589723,-0.18150986577454187
215,0,0.5589725524044962,-0.20325411278734454
215,1,0.5394248991282072,-0.5531028066116848
215,2,0.8293301277269651,-0.11657929845451806
215,3,0.7314042672312531,-0.10608337852941033
215,4,0.6994435561598044,-0.3294790209162301
215,5,0.5957619748459206,0.07158032072757628
215,6,0.7107068826011113,-0.3889626826733478
215,7,0.44832833295783653,-0.4093258478746191
215,8,0.8285415673828216,-0.07454875613398346
215,9,0.7093882609496142,-0.4643881825952741
215,10,0.7649599167286757,-0.021920262600649977
215,11,0.7459519171248975,-0.21539566568242993
215,12,0.7512645453664155,-0.15503344406694092
215,13,0.5465202317288511,-0.34586872373597555
215,14,0.7507434299433335,0.03600198720043584
215,15,0.6187587131124098,0.046046603316026447
215,16,0.7567441039118729,-0.20960753656744216
215,17,0.6711531419757254,-0.2282250979125432
215,18,0.546044939286192,-0.28346070964099
215,19,0.5860945819589723,-0.18150986577454187
216,0,0.5629216652885161,-0.20522900445784573
216,1,0.5433692579009021,-0.5547155378816854
216,2,0.833021609471074,-0.11865495409264962
216,3,0.7351942416991367,-0.10816107474667702
216,4,0.7032431416154552,-0.33133785167177476
216,5,0.5957619748459206,0.07158032072757628
216,6,0.7144935912059485,-0.3907561706623928
216,7,0.45237531033267175,-0.4110752098922287
216,8,0.8322412119200678,-0.07665959842788908
216,9,0.7131634812315347,-0.46612030749235367
216,10,0.7687433984787148,-0.02404997052131935
216,11,0.7497214177257298,-0.21735925495849276
216,12,0.7550314338719774,-0.15706242573008192
216,13,0.5504662399418472,-0.34770829430957784
216,14,0.7545214924524501,0.03377294539944017
216,15,0.6226676818843678,0.0438159916654667
216,16,0.7605003817848771,-0.2115835000985469
216,17,0.6749903746455217,-0.23018054337945779
216,18,0.5500048014924113,-0.2853450805267137
216,19,0.5860945819589723,-0.18150986577454187
217,0,0.5668668427772204,-0.2072019280966251
217,1,0.5473096870257971,-0.5563266624352963
217,2,0.8367094132414332,-0.12072854167045224
217,3,0.7389804400653546,-0.11023670087291444
217,4,0.7070389408481752,-0.33319483013376966
217,5,0.5957619748459206,0.07158032072757628
217,6,0.7182765270139599,-0.39254787175244504
217,7,0.456418255716469,-0.41282282902587225
217,8,0.8359242626884515,-0.07879080284769258
217,9,0.7169349389983667,-0.46785070609386004
217,10,0.7725087013117211,-0.026202961860388986
217,11,0.7534871631801121,-0.21932088812257158
217,12,0.758794569417998,-0.15908938591420113
217,13,0.5544083152086573,-0.3495460314019301
217,14,0.7582957900422991,0.031546124885785495
217,15,0.6265727550740889,0.04158760298767302
217,16,0.7642529171938737,-0.21355749493280715
217,17,0.6788237837385382,-0.2321340403599175
217,18,0.5539607183961062,-0.2872275739700353
217,19,0.5860945819589723,-0.18150986577454187
218,0,0.5708080888197358,-0.2091728856785812
218,1,0.5512461904472656,-0.5579361818852548
218,2,0.8403935427295383,-0.12280006326358914
218,3,0.7427628661198948,-0.11231025898582638
218,4,0.7108309576575631,-0.3350499581610521
218,5,0.5957619748459206,0.07158032072757628
218,6,0.7220556938118682,-0.394337787736999
218,7,0.46045717315622053,-0.4145687070249183
218,8,0.8396036425896933,-0.08091988311315515
218,9,0.720702638025343,-0.4695793801319239
218,10,0.77625672482866,-0.02837729758483994
218,11,0.7572371909294335,-0.22130336968934858
218,12,0.7625539557713801,-0.1611143266482877
218,13,0.5583464614753026,-0.3513819368526088
218,14,0.762066326490956,0.0293215234304223
218,15,0.6304739365905552,0.03936143505202615
218,16,0.7680017138951541,-0.21552952304619366
218,17,0.6826533730920213,-0.23408559080937474
218,18,0.5579126939571534,-0.28910819185533254
218,19,0.5860945819589723,-0.18150986577454187
219,0,0.5747454073612533,-0.21114187917664445
219,1,0.5551787721057516,-0.5595440978426915
219,2,0.8440740016232062,-0.12486952094565545
219,3,0.7465415236489698,-0.11438175116104653
219,4,0.7146191958394316,-0.33690323761060703
219,5,0.599822721482567,0.06956341821941554
219,6,0.7258310953826228,-0.39612592040776234
219,7,0.4644920666948867,-0.4163128456369925
219,8,0.843279355306856,-0.08304684135548826
219,9,0.724466582083934,-0.47130633133694966
219,10,0.7800010129089235,-0.030549466275553473
219,11,0.7609834810672323,-0.22328387533849436
219,12,0.7663095966952728,-0.16313724995930928
219,13,0.5622806826838715,-0.3532160124993573
219,14,0.7658331055727314,0.02709913880652234
219,15,0.6343712303388531,0.037137485630129786
219,16,0.7717467756412678,-0.2174995864127085
219,17,0.6864791465393937,-0.2360351966813334
219,18,0.5618607321314842,-0.2909869360651059
219,19,0.5860945819589723,-0.18150986577454187
220,0,0.5786788023430328,-0.2131089105617793
220,1,0.559107435937773,-0.5611504119171318
220,2,0.8477507936065801,-0.12693691678818037
220,3,0.7503164164350191,-0.11645117947214059
220,4,0.7184036591858106,-0.338754670337569
220,5,0.6038579751003385,0.06750584515153148
220,6,0.7296027355054046,-0.39791227155465764
220,7,0.46852294037139985,-0.41805524660797927
220,8,0.8469514045193317,-0.08517167970377919
220,9,0.7282267749418515,-0.47303156143761715
220,10,0.7837415693005476,-0.03271947010687258
220,11,0.7647260373435486,-0.22526240705249703
220,12,0.7700614959490765,-0.1651581578722141
220,13,0.5662109827725232,-0.355048260178087
220,14,0.769596131058175,0.024878968789476423
220,15,0.6382646402201776,0.03491575249580839
220,16,0.775488106181025,-0.21946768700438704
220,17,0.6903011079102582,-0.2379828599273509
220,18,0.5618607321314842,-0.2909869360651059
220,19,0.5860945819589723,-0.18150986577454187
221,0,0.5826082777024064,-0.2150739818029861
221,1,0.5630321858759263,-0.5627551257164976
221,2,0.8514239223601324,-0.1290022528606291
221,3,0.7540875482567144,-0.11851854599060835
221,4,0.7221843514849517,-0.340604258195224
221,5,0.6078689672775807,0.06541105103068989
221,6,0.7333706179556287,-0.39969684296582414
221,7,0.4725497982206685,-0.4197959116820236
221,8,0.8506197939028453,-0.08729440028499322
221,9,0.7319832203630522,-0.4747550721608834
221,10,0.7837415693005476,-0.03271947010687258
221,11,0.7684648635046849,-0.22723896681186878
221,12,0.773809657288446,-0.16717705240993294
221,13,0.5701373656754921,-0.3568786817228796
221,14,0.7733554067140791,0.02266101115689218
221,15,0.6421541701318357,0.032696233425104894
221,16,0.7792257092595014,-0.22143382679129991
221,17,0.694119261030402,-0.23992858249704005
221,18,0.5618607321314842,-0.2909869360651059
221,19,0.5860945819589723,-0.18150986577454187
222,0,0.5865338373727829,-0.21703709486730308
222,1,0.5669530258488898,-0.564358240847109
222,2,0.8550933915606684,-0.13106553123040515
222,3,0.7578549228889623,-0.1205838527858857
222,4,0.7259612765213318,-0.3424520030350113
222,5,0.6118568959230096,0.06328219725354294
222,6,0.7371347465049496,-0.4014796364276196
222,7,0.4765726442735813,-0.42153484260153307
222,8,0.854284527129458,-0.08941500522397573
222,9,0.7357359221077417,-0.4764768652319844
222,10,0.7837415693005476,-0.03271947010687258
222,11,0.7721999632932098,-0.2292135565951479
222,12,0.7775540844652944,-0.16919393559338122
222,13,0.5740598353230912,-0.358707278965989
222,14,0.7771109363034822,0.020445263688591845
222,15,0.6460398239672508,0.03047892619627853
222,16,0.7829595886180413,-0.22339800774155497
222,17,0.6979336097218002,-0.24187236633807105
222,18,0.5618607321314842,-0.2909869360651059
222,19,0.5860945819589723,-0.18150986577454187
223,0,0.5904554852836512,-0.21899825171980833
223,1,0.5708699597814284,-0.5659597589136858
223,2,0.8587592048813305,-0.13312675396285215
223,3,0.7616185441029084,-0.12264710192534677
223,4,0.7297344380756563,-0.34429790670652527
223,5,0.6158229189798397,0.061122182235575466
223,6,0.7408951249212633,-0.40326065372462194
223,7,0.4805914825570111,-0.42327204110717914
223,8,0.8579456078675716,-0.09153349664345437
223,9,0.7394848839323782,-0.47819694237443666
223,10,0.7837415693005476,-0.03271947010687258
223,11,0.775931340447962,-0.23118617837890065
223,12,0.781294781227797,-0.171208809441461
223,13,0.5779783956417166,-0.3605340537378427
223,14,0.780862723585673,0.018231724166610022
223,15,0.6499216056159661,0.02826382858980259
223,16,0.7866897479942615,-0.22536023182129925
223,17,0.7017441578026195,-0.24381421339617343
223,18,0.5618607321314842,-0.2909869360651059
223,19,0.5860945819589723,-0.18150986577454187
224,0,0.594373225360585,-0.22095745432362182
224,1,0.5747829915943967,-0.5675596815193492
224,2,0.8624213659916014,-0.13518592312125607
224,3,0.7653784156659412,-0.12470829547430598
224,4,0.7335038399248638,-0.3461419710575173
224,5,0.6197681499622613,0.05893366430856286
224,6,0.7446517569687124,-0.4050398966396313
224,7,0.484606317093819,-0.4250075089378993
224,8,0.8616030397819314,-0.09364987666404112
224,9,0.7432301095896761,-0.4799153053100391
224,10,0.7837415693005476,-0.03271947010687258
224,11,0.7796589987040535,-0.23315683413772342
224,12,0.7850317513203952,-0.17322167597106297
224,13,0.5818930505538509,-0.36235900786704417
224,14,0.7846107723161945,0.016020390375191478
224,15,0.653799518963649,0.026050938388362185
224,16,0.7904161911220553,-0.22732050099472098
224,17,0.7055509090872222,-0.24575412561513799
224,18,0.5618607321314842,-0.2909869360651059
224,19,0.5901605471712632,-0.18320106392206273
225,0,0.5982870615252458,-0.22291470463990729
225,1,0.5786921252047434,-0.5691580102656233
225,2,0.866079878557308,-0.1372430407668473
225,3,0.769134541341696,-0.1267674354960201
225,4,0.7372694858421291,-0.3479841979338977
225,5,0.6236936549746663,0.0567190825699611
225,6,0.7484046464076894,-0.4068173669536716
225,7,0.48861715190285826,-0.42674124783089845
225,8,0.8652568265336305,-0.09576414740423447
225,9,0.7469716028286099,-0.48163195575887474
225,10,0.7837415693005476,-0.03271947010687258
225,11,0.783382941792874,-0.23512552584424457
225,12,0.7887649984837993,-0.1752325371970685
225,13,0.5858038039780675,-0.36418214318037423
225,14,0.7883550862468469,0.01381126010078891
225,15,0.6576735678920944,0.023840253376852052
225,16,0.7941389217315958,-0.22927881722405155
225,17,0.7093538673861701,-0.24769210493681879
225,18,0.5618607321314842,-0.2909869360651059
225,19,0.5942027042946666,-0.18493741706381286
226,0,0.6021969976953874,-0.22487000462787418
226,1,0.5825973645255151,-0.5707547467524368
226,2,0.8697347462406249,-0.13929810895880254
226,3,0.7728869248900582,-0.1288245240516903
226,4,0.7410313795968676,-0.34982458917973724
226,5,0.6276004509234947,0.054480675858800016
226,6,0.7521537969948402,-0.4085930664459923
226,7,0.49262399099897847,-0.428473259521651
226,8,0.8689069717801128,-0.09787631098042152
226,9,0.7507093673944181,-0.4833468954393123
226,10,0.7837415693005476,-0.03271947010687258
226,11,0.7871031734420944,-0.2370922554691264
226,12,0.7924945264549936,-0.17724139513235163
226,13,0.5897106598290346,-0.3660034615027931
226,14,0.7920956691256923,0.01160433113206075
226,15,0.6615437562792292,0.021631771342374317
226,16,0.7978579435493401,-0.2312351824695674
226,17,0.7131530365062283,-0.249628153301135
226,18,0.5618607321314842,-0.2909869360651059
226,19,0.5982220308374834,-0.18671525573470485
227,0,0.6061030377848597,-0.22682335624477976
227,1,0.5864987134658601,-0.5723498925781243
227,2,0.8733859727000781,-0.14135112975424713
227,3,0.7766355700671673,-0.1308795632004642
227,4,0.7447895249547386,-0.3516631466372695
227,5,0.6315033537256505,0.05224449973396939
227,6,0.7558992124830681,-0.41036699689407036
227,7,0.49662683839302946,-0.4302035457439023
227,8,0.8725534791751774,-0.09998636950688007
227,9,0.7544434070286066,-0.48506012606800814
227,10,0.7837415693005476,-0.03271947010687258
227,11,0.7908196973756698,-0.23905702498106726
227,12,0.7962203389672392,-0.17924825178778112
227,13,0.5936136220175187,-0.36782296465744224
227,14,0.7958325246970578,0.009399601259868929
227,15,0.6654100879991157,0.019425490074236298
227,16,0.8015732602980328,-0.23318959868959208
227,17,0.7169484202503688,-0.25156227264607295
227,18,0.5618607321314842,-0.2909869360651059
227,19,0.6022195022920157,-0.1885312059238279
228,0,0.610005185703613,-0.22877476144593087
228,1,0.5903865058752676,-0.573966898144064
228,2,0.8770335615905491,-0.14340210520825689
228,3,0.7803804806254209,-0.13293255499943807
228,4,0.7485439256776493,-0.3534998721468922
228,5,0.6354023672879432,0.050010551957054734
228,6,0.7596408966215379,-0.4121391600736119
228,7,0.5006256980918654,-0.4319321082296706
228,8,0.8761963523689819,-0.10209432509578079
228,9,0.7581737254689528,-0.48677164935990774
228,10,0.7837415693005476,-0.03271947010687258
228,11,0.7945325173138447,-0.24101983634680332
228,12,0.7999424397500781,-0.18125310917222245
228,13,0.5975126944503887,-0.3696406544656461
228,14,0.7995656567015395,0.00719706827727668
228,15,0.6692725669219558,0.017221407363948275
228,16,0.8052848756967094,-0.2351420678404981
228,17,0.7207400224177744,-0.253494464907688
228,18,0.5618607321314842,-0.2909869360651059
228,19,0.6061960821827423,-0.19038216453972084
229,0,0.6139034453577008,-0.23072422218468605
229,1,0.5942704233682052,-0.5755822920597817
229,2,0.8806775165632779,-0.14545103737386025
229,3,0.7841216603134781,-0.13498350150365868
229,4,0.7522945855237584,-0.3553347675471694
229,5,0.6392974955132894,0.047778830291872125
229,6,0.7633788531556789,-0.41390955775855404
229,7,0.5046205740983488,-0.4336589487092486
229,8,0.8798355950080456,-0.1042001798571893
229,9,0.7619003264495092,-0.4884814670282477
229,10,0.7837415693005476,-0.03271947010687258
229,11,0.7982416369731553,-0.2429806915311107
229,12,0.8036608325293367,-0.18325596929253987
229,13,0.60140788103062,-0.371456532746914
229,14,0.8032950688760062,0.004996729979546325
229,15,0.6731311969140946,0.015019521005221291
229,16,0.8089927934607006,-0.23709259187670903
229,17,0.7245278468038425,-0.2554247320201065
229,18,0.5659504724200838,-0.29252076676974487
229,19,0.6101527143449125,-0.19226527688302597
230,0,0.617797820649285,-0.23267174041245742
230,1,0.5981504698324782,-0.5771960759422885
230,2,0.8843178412658669,-0.1474979283020403
230,3,0.7878591128762634,-0.1370324047661255
230,4,0.7560415082474802,-0.35716783467483326
230,5,0.6431887423007161,0.04554933250446598
230,6,0.7671130858271893,-0.4156781917210665
230,7,0.5086114704113545,-0.4353840689112053
230,8,0.8834712107352544,-0.10630393589906828
230,9,0.765623213700607,-0.4901895807845571
230,10,0.7876101814865368,-0.03464229662658575
230,11,0.8019470600664341,-0.24493959249680736
230,12,0.8073755210271301,-0.18525683415359828
230,13,0.6052991856572982,-0.3732706013189418
230,14,0.8070207649536032,0.0027985841641370683
230,15,0.6769859818380247,0.012819828793964937
230,16,0.8126970173016358,-0.23904117275070133
230,17,0.7283118972001892,-0.25735307591552775
230,18,0.5700170938263716,-0.2941030511149683
230,19,0.614090317044948,-0.19417791599105133
231,0,0.6216883154766392,-0.2346173180787126
231,1,0.6020266491520169,-0.5788082514069834
231,2,0.8879545393422847,-0.1495427800417369
231,3,0.7915928420549706,-0.13907926683779268
231,4,0.759784697599488,-0.3589990753647857
231,5,0.6470761115453653,0.04332205636310683
231,6,0.7708435983740397,-0.4174450637315537
231,7,0.5125983910257734,-0.43710747056238775
231,8,0.8871032031898629,-0.10840559532727961
231,9,0.76934239094886,-0.4918959923386595
231,10,0.7914548447629667,-0.036603183804054806
231,11,0.8056487903028133,-0.2468965412047551
231,12,0.8110865089618648,-0.18725570575826536
231,13,0.6091866122256231,-0.375082861997614
231,14,0.8107427486637558,0.0006026286307027899
231,15,0.6808369255523895,0.01062232852828515
231,16,0.8163975509274466,-0.24098781241300637
231,17,0.7320921773946526,-0.2592794985242258
231,18,0.5740614453163969,-0.2957299112284838
231,19,0.6180097786162407,-0.1961176637184998
232,0,0.6255749337341524,-0.2365609571309768
232,1,0.6058989652068805,-0.5804188200676559
232,2,0.8915876144328698,-0.1515855946398486
232,3,0.7953228515870662,-0.14112408976757118
232,4,0.763524157326718,-0.3608284914501005
232,5,0.6509596071384973,0.041096999638289056
232,6,0.7745703945304767,-0.4192101755586562
232,7,0.516570570968756,-0.438853857441855
232,8,0.8907315760074993,-0.11050516024558645
232,9,0.7730578619171683,-0.49360070339867457
232,10,0.7952766471561283,-0.038599042555900645
232,11,0.8093468313877284,-0.2488515396138615
232,12,0.8147817068637155,-0.1892748765767243
232,13,0.6130701646269124,-0.37689331659700526
232,14,0.8144610237321734,-0.0015911388189101547
232,15,0.6846840319119873,0.008427018008482003
232,16,0.8200943980423708,-0.24293251281221237
232,17,0.7358686911712968,-0.2612040017745517
232,18,0.5780843924483616,-0.29739777735747275
232,19,0.6219119543366222,-0.1980822934216104
233,0,0.6294576793123333,-0.23850265951483457
233,1,0.6097674218732613,-0.5820277835364867
233,2,0.8952170701743338,-0.15362637414123487
233,3,0.7990491452062933,-0.14316687560233077
233,4,0.767259891172373,-0.3626560847620249
233,5,0.6548392329674951,0.038874160102728705
233,6,0.7782934780270271,-0.42097352896925266
233,7,0.5205387918390272,-0.44059850369709647
233,8,0.8943563328201682,-0.11260263275565532
233,9,0.7767696303247219,-0.4953037156710198
233,10,0.7990766508853075,-0.04062703060139563
233,11,0.8130411870229224,-0.2508045896810819
233,12,0.8184732217983506,-0.19129203490759125
233,13,0.616949846748606,-0.37870196692938246
233,14,0.8181755938808531,-0.003782720380665137
233,15,0.6885273047677756,0.006233895037047511
233,16,0.823787562346956,-0.2448752758949663
233,17,0.739641442310416,-0.263126587592935
233,18,0.5820868049012982,-0.29910336283875405
233,19,0.6257976643183454,-0.20006975411812428
234,0,0.6333365560978141,-0.24044242717393194
234,1,0.6136320230234882,-0.5836351434240497
234,2,0.8988429101997655,-0.15566512058871793
234,3,0.8027717266426756,-0.14520762638690204
234,4,0.7709919028759264,-0.3644818571299816
234,5,0.658714992915868,0.03665353553136121
234,6,0.7820128525905009,-0.4227351257284616
234,7,0.52450305760878,-0.44234141107450475
234,8,0.897977477256255,-0.1146980149570583
234,9,0.7804776998870048,-0.49700503086041203
234,10,0.8028558867327936,-0.04268453187940457
234,11,0.8167318609064487,-0.2527556933614213
234,12,0.82216105746098,-0.19330718277004377
234,13,0.6208256624742694,-0.3805088148052064
234,14,0.8218864628280832,-0.005972118248337451
234,15,0.6923667479668741,0.004042957418663423
234,16,0.8274770475380633,-0.24681610360597595
234,17,0.7434104345885375,-0.265047257903886
234,18,0.5860695465657894,-0.30084364102323735
234,19,0.6296795019067235,-0.20205523416512722
235,0,0.6372115679733543,-0.24238026204997823
235,1,0.6174927725260307,-0.5852409013393138
235,2,0.9024651381386343,-0.15770183602308502
235,3,0.8064905996225207,-0.14724634416407856
235,4,0.7747201961731255,-0.3663058103815706
235,5,0.6625868908632554,0.03443512370133921
235,6,0.7857285219439959,-0.4244949675996431
235,7,0.5284633722462484,-0.44408258131873185
235,8,0.9015950129405286,-0.116791308947275
235,9,0.7841820743157981,-0.4987046506698695
235,10,0.8066153499197448,-0.04476913770583283
235,11,0.8204188567326754,-0.25470485260793646
235,12,0.825845217543131,-0.1953203221812468
235,13,0.624697615683598,-0.38231386203313344
235,14,0.8255936342884471,-0.008159334613516511
235,15,0.6962023653525693,0.0018542029601990345
235,16,0.8311512403145487,-0.24877692285942957
235,17,0.7471756717784265,-0.2669660146299976
235,18,0.5900334677657059,-0.30261582404206816
235,19,0.6335574709874797,-0.2040387355500867
236,0,0.6410827188178445,-0.24431616608274803
236,1,0.621349674245503,-0.5868450588896443
236,2,0.9060837576167938,-0.15973652248309025
236,3,0.8102057678684241,-0.14928303097461879
236,4,0.7784447747959955,-0.36812794634257084
236,5,0.666454930685431,0.03221892239203026
236,6,0.7894300905657414,-0.42627484714281144
236,7,0.5324197397157111,-0.44582201617269085
236,8,0.9052089434941458,-0.11888251682169479
236,9,0.7878827573191843,-0.5004025768007133
236,10,0.8103559972155344,-0.04687862953755077
236,11,0.8241021781922893,-0.2566520693717377
236,12,0.8295257057326514,-0.19733145515635492
236,13,0.6285657102524209,-0.3841171104200178
236,14,0.8292971119728271,-0.010344371665608046
236,15,0.700034160764318,-0.0003323705292910188
236,16,0.8348217710854534,-0.25073578779761296
236,17,0.750937157649089,-0.2688828596919471
236,18,0.5939793992472225,-0.30441734329596426
236,19,0.6374315754424649,-0.20602026025848957
237,0,0.6449500125063105,-0.2462501412100832
237,1,0.6252027320426674,-0.5884476176808046
237,2,0.9096987722564859,-0.16176918200545679
237,3,0.8139048514861775,-0.15134011680021742
237,4,0.7821656424728434,-0.3699482668369422
237,5,0.6703191162543065,0.030004929385014686
237,6,0.7931279699338402,-0.4280529527280267
237,7,0.536372163977496,-0.4475597173775578
237,8,0.9088192725346548,-0.12097164067361879
237,9,0.7915797526015508,-0.5020988109525693
237,10,0.8140787450523544,-0.049010963214067664
237,11,0.8277818289722985,-0.2585973456019908
237,12,0.8332025257137134,-0.19934058370851418
237,13,0.6324299500527044,-0.38591856177091277
237,14,0.832996899588408,-0.012527231591836288
237,15,0.7038621380377511,-0.0025167652385689465
237,16,0.8384886435249823,-0.25269270038135183
237,17,0.754694895965776,-0.2707977950084983
237,18,0.5979081476286434,-0.3062458315478137
237,19,0.6413018191496613,-0.20799981027384404
238,0,0.6488134529099171,-0.24818218936789474
238,1,0.6290519497744386,-0.5900485793169573
238,2,0.9132980804869779,-0.1638211966517582
238,3,0.8176002482525208,-0.15339515234240514
238,4,0.7858828029282612,-0.3717667736868273
238,5,0.6741794514379355,0.027793142464083317
238,6,0.7968221637498729,-0.42982928613517424
238,7,0.5403206489879836,-0.4492956866727733
238,8,0.9124260036759984,-0.12305868259426204
238,9,0.7952730638635933,-0.5037933548233693
238,10,0.8177844684541896,-0.05116425455490588
238,11,0.8314578127560371,-0.26054068324591934
238,12,0.8368756811668177,-0.20134770984886424
238,13,0.6362903389525564,-0.38771821788907296
238,14,0.8366930008386808,-0.014707916577246165
238,15,0.7076863010046777,-0.004698983354215998
238,16,0.8421518613036785,-0.25464766256951765
238,17,0.7584488904899874,-0.2727108224965034
238,18,0.6018204920532222,-0.3080991065003249
238,19,0.6451682059831869,-0.20997738757768158
239,0,0.6526730438959719,-0.25011231249016475
239,1,0.6328973312938871,-0.5916479454006669
239,2,0.9168938013690374,-0.16587116610185706
239,3,0.8212919618665495,-0.15544813965827453
239,4,0.7895962598831302,-0.3735834687125533
239,5,0.678035940100517,0.02558355941523527
239,6,0.8005126757117315,-0.4316038491423656
239,7,0.5442651986996112,-0.45102992579604434
239,8,0.9160291405285179,-0.12514364467275557
239,9,0.7989626948023202,-0.5054862101093536
239,10,0.821486498718344,-0.05331539991761074
239,11,0.8351301332231686,-0.26248208424880615
239,12,0.8405451757687962,-0.20335283558654035
239,13,0.64014688081623,-0.38951608057595594
239,14,0.8403854194234466,-0.01688642880470549
239,15,0.7115066534930885,-0.0068790270606346494
239,16,0.8458114280884264,-0.25660067631902944
239,17,0.7621991449794753,-0.27462194407090473
239,18,0.605717181828434,-0.3099751557443904
239,19,0.6490307398132986,-0.21195299414955904
240,0,0.6565287893279294,-0.2520405125089484
240,1,0.636738880450244,-0.5932457175329002
240,2,0.9204859385019846,-0.16791909240777478
240,3,0.8249799960236728,-0.15749908080286792
240,4,0.7933060170546246,-0.3753983537326337
240,5,0.6818885861024003,0.023376178026675742
240,6,0.8041995095136217,-0.4333766435259401
240,7,0.5482058170608771,-0.45276243648334596
240,8,0.919628686698957,-0.12722652899614845
240,9,0.8026486491110556,-0.5071773785050718
240,10,0.8251848395505534,-0.055464401455480865
240,11,0.8387987940496894,-0.2644215505539955
240,12,0.8442110131928168,-0.20535596292867533
240,13,0.6439995795041273,-0.39131215163122396
240,14,0.8440741590388199,-0.01906277045490714
240,15,0.7153231993271603,-0.009056898540050791
240,16,0.8494673475424559,-0.25855174358485594
240,17,0.7659456631882481,-0.2765311616447369
240,18,0.6096099882772563,-0.3118493353729725
240,19,0.6528894245063966,-0.21392663196706052
241,0,0.6565287893279294,-0.2520405125089484
241,1,0.6405766010889035,-0.5948418973130288
241,2,0.9240744954815522,-0.16996497761948762
241,3,0.8286643544156164,-0.15954797782917943
241,4,0.7970120781562148,-0.37721143056377016
241,5,0.6857373933000876,0.0211709960888138
241,6,0.8041995095136217,-0.4333766435259401
241,7,0.5521425080163441,-0.4544932204689231
241,8,0.9232246457904649,-0.12930733764940994
241,9,0.8063309304794435,-0.5088668617033852
241,10,0.8288794946528608,-0.05761126131966891
241,11,0.8424637989079323,-0.26635908410289516
241,12,0.8478731971083863,-0.20735709388040166
241,13,0.6478484388728036,-0.393106432852746
241,14,0.8477592233772326,-0.021236943706371237
241,15,0.7191359423272591,-0.011232599972515911
241,16,0.8531196233253462,-0.26050086632001734
241,17,0.7696884488665743,-0.2784384771291285
241,18,0.6134989152963922,-0.3137216472621269
241,19,0.656744263925028,-0.21589830300579943
242,0,0.6565287893279294,-0.2520405125089484
242,1,0.6444104970514277,-0.5964364863388303
242,2,0.9276594758998893,-0.17200882378492868
242,3,0.8323450407304267,-0.16159483278815698
242,4,0.8007144468976717,-0.37902270102085434
242,5,0.6895823655462389,0.01896801139426016
242,6,0.8041995095136217,-0.4333766435259401
242,7,0.5560752755066437,-0.4562222794852922
242,8,0.9268170214026002,-0.13138607271543154
242,9,0.810009542593451,-0.5105546613954682
242,10,0.8325704677236195,-0.05975598165918372
242,11,0.8461251514665711,-0.26829468683497804
242,12,0.8515317311813544,-0.20935623044485335
242,13,0.6516934627749709,-0.39489892603659926
242,14,0.8514406161274379,-0.023408950735447343
242,15,0.7229448863099445,-0.01340613353590928
242,16,0.8567682590930288,-0.26244804647558745
242,17,0.773427505760986,-0.28034389243330426
242,18,0.6173839667786615,-0.3155920932860397
242,19,0.660595261927891,-0.2178680092394204
243,0,0.6565287893279294,-0.2520405125089484
243,1,0.6482405721755504,-0.5980294862064897
243,2,0.9312408833455649,-0.17405063294999001
243,3,0.8360220586524744,-0.16363964772870443
243,4,0.80441312698507,-0.3808321669169698
243,5,0.6934235066896749,0.016767221737824974
243,6,0.8041995095136217,-0.4333766435259401
243,7,0.56000412346848,-0.45794961526324307
243,8,0.9304058171313345,-0.1334627362750291
243,9,0.8136844891353726,-0.51224077927081
243,10,0.8362577624574973,-0.06189856462089245
243,11,0.8497828553906231,-0.2702283606877844
243,12,0.8551866190739174,-0.21135337462316808
243,13,0.6555346550595018,-0.3966896329770712
243,14,0.8551183409745136,-0.025578793716316623
243,15,0.726750035087973,-0.015577501405940126
243,16,0.8604132584977917,-0.26439328600069556
243,17,0.7771628376142827,-0.28224740946458676
243,18,0.6212651466130044,-0.31746067531702915
243,19,0.6644424223698382,-0.2198357526396013
244,0,0.6565287893279294,-0.2520405125089484
244,1,0.6520668302951805,-0.5996208985106015
244,2,0.9348187214035713,-0.1760904071585246
244,3,0.839695411862458,-0.16568242469768352
244,4,0.8081081221207921,-0.38263983006339364
244,5,0.6972608205753819,0.01456862491651564
244,6,0.8041995095136217,-0.4333766435259401
244,7,0.5639290558346338,-0.4596752295318405
244,8,0.9339910365690557,-0.13553733040694488
244,9,0.8173557737838333,-0.5139252170172162
244,10,0.8399413825454797,-0.06403901234952276
244,11,0.8534369143414537,-0.2721601075969236
244,12,0.8588378644446215,-0.21334852841448915
244,13,0.6593720195714337,-0.3984785554666612
244,14,0.8587924015998657,-0.02774647482099403
244,15,0.7305513924703024,-0.01774670575614982
244,16,0.8640546251882829,-0.2663365868425283
244,17,0.7808944481655353,-0.2841490301283984
244,18,0.6251424586844858,-0.3193273952255477
244,19,0.6682857491018811,-0.22180153517605525
245,0,0.6565287893279294,-0.2520405125089484
245,1,0.6558892752404062,-0.601210724844171
245,2,0.9383929936553279,-0.17812814845234837
245,3,0.8433651040374077,-0.167723165739916
245,4,0.8117994360035318,-0.38444569226959846
245,5,0.7010943110445147,0.012372218729534583
245,6,0.8041995095136217,-0.4333766435259401
245,7,0.5678500765339661,-0.46139912401842603
245,8,0.937572683304572,-0.13760985718784965
245,9,0.8210234002137926,-0.5156079763208105
245,10,0.8436213316748741,-0.06617732698766493
245,11,0.8570873319767794,-0.2740899294960763
245,12,0.8624854709483671,-0.21534169381596746
245,13,0.6632055601519721,-0.4002656952960825
245,14,0.8624628016812326,-0.029911996219330474
245,15,0.7343489622620951,-0.019913748757914046
245,16,0.8676923628095141,-0.2682779509463317
245,17,0.7846223411500897,-0.2860487563282634
245,18,0.629015906874299,-0.3211922548801838
245,19,0.6721252459711935,-0.22376535881653245
246,0,0.6565287893279294,-0.2520405125089484
246,1,0.6597079108374986,-0.602798966798616
246,2,0.9419637036786849,-0.18016385887124242
246,3,0.847031138850689,-0.16976187289818567
246,4,0.8154870723282978,-0.3862497553432541
246,5,0.7049239819344012,0.010178000978277056
246,6,0.8041995095136217,-0.4333766435259401
246,7,0.5717671894914226,-0.4631213004486198
246,8,0.9411507609231154,-0.13968031869234476
246,9,0.8246873720965483,-0.5172890588660367
246,10,0.8472976135293132,-0.06831351067577401
246,11,0.860734111950672,-0.27601782831699606
246,12,0.8661294422364119,-0.21733287282276356
246,13,0.6670352806384949,-0.4020510542542638
246,14,0.8661295448926882,-0.032075360079015
246,15,0.7381427482647223,-0.022078632580444974
246,16,0.8713264750028642,-0.27021738025541325
246,17,0.7883465202995703,-0.2879465899658094
246,18,0.6328854950597693,-0.3230552561476639
246,19,0.6759609168211155,-0.22572722552682234
247,0,0.6565287893279294,-0.2520405125089484
247,1,0.6635227409089156,-0.6043856259637681
247,2,0.9455308550479263,-0.1821975404529549
247,3,0.8506935199720064,-0.17179854821324042
247,4,0.8191710347864177,-0.38805202109022946
247,5,0.7087498370785456,0.007985969466328935
247,6,0.8041995095136217,-0.4333766435259401
247,7,0.5756803986280371,-0.46484176054632215
247,8,0.9447252730063451,-0.1417487169929642
247,9,0.8283476930997398,-0.5189684663356602
247,10,0.8509702317887587,-0.07044756555217198
247,11,0.8643772579135615,-0.2779438059895115
247,12,0.8697697819563746,-0.21932206742804955
247,13,0.6708611848645561,-0.40383463412835113
247,14,0.8697926349046463,-0.03423656856557695
247,15,0.7419327542757673,-0.024241359390793436
247,16,0.874956965406083,-0.27215487671114347
247,17,0.7920669893418842,-0.28984253294076984
247,18,0.6367512271143584,-0.32491640089285395
247,19,0.6797927654911574,-0.2276871372707554
248,0,0.6565287893279294,-0.2520405125089484
248,1,0.667333769273306,-0.6059707039278748
248,2,0.9490944513337743,-0.184229195233203
248,3,0.8543522510674068,-0.17383319372379424
248,4,0.8228513270655416,-0.3898524913145943
248,5,0.7125718803066327,0.005796121999464525
248,6,0.8041995095136217,-0.4333766435259401
248,7,0.5795897078609359,-0.46656050603371524
248,8,0.9482962231323512,-0.1438150541601767
248,9,0.8320043668873519,-0.5206462004107694
248,10,0.8546391901295052,-0.07257949375304987
248,11,0.8680167735122408,-0.2798678644415282
248,12,0.8697697819563746,-0.21932206742804955
248,13,0.6746832766598897,-0.4056164367037097
248,14,0.8734520753838635,-0.03639562384238814
248,15,0.74571898408903,-0.026401931353851087
248,16,0.8785838376532951,-0.27409044225295826
248,17,0.7957837520012245,-0.29173658715098544
248,18,0.6406131069076677,-0.32677569097876175
248,19,0.6836207958170035,-0.22964509601020522
249,0,0.6565287893279294,-0.2520405125089484
249,1,0.6711409997455129,-0.6075542022776006
249,2,0.9526544961033924,-0.18625882524567522
249,3,0.8580073357992837,-0.17586581146652927
249,4,0.8265279528496458,-0.39165116781862114
249,5,0.7163901154445315,0.003608456385644364
249,6,0.8041995095136217,-0.4333766435259401
249,7,0.5834951211033413,-0.46827753863126503
249,8,0.9518636148756582,-0.1458793322623878
249,9,0.8356573971197189,-0.5223222627707778
249,10,0.8583044922241835,-0.07470929741246989
249,11,0.8716526623898686,-0.28179000559903056
249,12,0.8697697819563746,-0.21932206742804955
249,13,0.6785015598504132,-0.4073964637639257
249,14,0.8771078699934433,-0.03855252807066502
249,15,0.7495014414945301,-0.028560350632352585
249,16,0.8822070953750031,-0.27602407881836066
249,17,0.7994968119980743,-0.2936287544924064
249,18,0.6444711383054429,-0.3286331282665385
249,19,0.687445011630516,-0.2316011037050904
250,0,0.6605251426950601,-0.2536457764617175
250,1,0.6749444361365777,-0.6091361225980291
250,2,0.9562109929203886,-0.18828643252203317
250,3,0.8616587778263807,-0.1778964034760979
250,4,0.830200915819036,-0.39344805240278685
250,5,0.720204546314299,0.0014229704350130277
250,6,0.8041995095136217,-0.4333766435259401
250,7,0.587396642264576,-0.46999286005772284
250,8,0.9554274518072288,-0.14794155336594192
250,9,0.8393067874535274,-0.5239966550934254
250,10,0.8619661417417646,-0.0768369786623676
250,11,0.8752849281859733,-0.2837102313860837
250,12,0.8697697819563746,-0.21932206742804955
250,13,0.6823160382582318,-0.4091747170908079
250,14,0.8807600223928396,-0.040707283409470836
250,15,0.7532801302785113,-0.030716619386877746
250,16,0.8858267421980915,-0.2779557883429227
250,17,0.8032061730492103,-0.295519036859094
250,18,0.6483253251695771,-0.33048871461548074
250,19,0.6912654167597385,-0.23355516231337659
251,0,0.6644983745322054,-0.255296407187924
251,1,0.678744082253744,-0.6107164664726639
251,2,0.9597639453448199,-0.19031201909191373
251,3,0.8653065808037946,-0.17992497178512468
251,4,0.8338702196503519,-0.39524314686577466
251,5,0.7240151767341844,-0.0007603380401030647
251,6,0.8079435185620925,-0.4350151176457257
251,7,0.5912942752500663,-0.4717064720301271
251,8,0.9589877374944672,-0.1500017195351244
251,9,0.8429525415418208,-0.5256693790547806
251,10,0.8656241423475632,-0.07896253963255405
251,11,0.8789135745364564,-0.2856285437248356
251,12,0.8697697819563746,-0.21932206742804955
251,13,0.6861267157016423,-0.4109511984643896
251,14,0.8844085362378606,-0.04285989201571779
251,15,0.7570550542234445,-0.032870739775853704
251,16,0.8894427817458305,-0.27988557276028764
251,17,0.8069118388677065,-0.29740743614322274
251,18,0.652175671358115,-0.33234245188303224
251,19,0.6950820150289004,-0.23550727379107836
252,0,0.6684493738958387,-0.2569888020633772
252,1,0.6825399419004613,-0.6122952354834308
252,2,0.9633133569331952,-0.19233558698293104
252,3,0.86895074838298,-0.1819515184242085
252,4,0.8375358680165703,-0.39703645300447593
252,5,0.7278220105186324,-0.002941471225197839
252,6,0.8116708097889893,-0.4366813542833879
252,7,0.5951880239613467,-0.4734183762638051
252,8,0.962544475501223,-0.1520598328321636
252,9,0.8465946630340024,-0.5273404363292418
252,10,0.8692784977032417,-0.08108598245071783
252,11,0.8825386050735964,-0.2875449445355187
252,12,0.8697697819563746,-0.21932206742804955
252,13,0.6899335959951365,-0.4127259096629305
252,14,0.8880534151806724,-0.04501035604416922
252,15,0.7608262171080326,-0.03502271395555709
252,16,0.8930552176378791,-0.28181343400217146
252,17,0.8106025280738015,-0.2993159374865499
252,18,0.6560221807252572,-0.3341943419247858
252,19,0.6988948102584204,-0.23745744009226122
253,0,0.6723790360624425,-0.258719642170942
253,1,0.6863320188763888,-0.6138724312106792
253,2,0.9668592312384789,-0.19435713822067857
253,3,0.8725912842117521,-0.18397604542192458
253,4,0.8411978645870087,-0.39882797261399183
253,5,0.7316250514782874,-0.005120431303587752
253,6,0.8153820692554345,-0.43837324000564387
253,7,0.5990778922960636,-0.47512857447237467
253,8,0.9660976693877944,-0.15411589531723294
253,9,0.8502331555758397,-0.5290098285895388
253,10,0.8729292114668133,-0.0832073092424273
253,11,0.8861600234260526,-0.28945943573645216
253,12,0.8697697819563746,-0.21932206742804955
253,13,0.6937366829494053,-0.4144988524629182
253,14,0.8916946628698021,-0.047158677647441714
253,15,0.7645936227072131,-0.03717254408011616
253,16,0.8966640534902892,-0.28373937399836524
253,17,0.8142895388506404,-0.3012225366683065
253,18,0.6598648571213632,-0.3360443865944852
253,19,0.7027038062649101,-0.23940566316904355
254,0,0.6762882521391199,-0.2604858693432143
254,1,0.6901203169773993,-0.6154480552331836
254,2,0.9704015718100948,-0.19637667482873108
254,3,0.8762281919342909,-0.1859985548048264
254,4,0.8448562130273294,-0.40061770748763526
254,5,0.7354243034199972,-0.007297220456413978
254,6,0.8190779640493642,-0.4400888173920768
254,7,0.6029638841479789,-0.4768370683677458
254,8,0.9696473227109319,-0.156169909048453
254,9,0.853868022809467,-0.5306775575067351
254,10,0.8765762872926461,-0.08532652213113265
254,11,0.8897778332188683,-0.29137201924404355
254,12,0.8697697819563746,-0.21932206742804955
254,13,0.6975359803713423,-0.41627002863907014
254,14,0.8953322829501424,-0.0493048589760073
254,15,0.7683572747921628,-0.03932023230151298
254,16,0.9002692929155091,-0.28566339467673674
254,17,0.8179728748889246,-0.3031272355970002
254,18,0.6637037043929559,-0.337892587744027
254,19,0.7065090068611785,-0.24135194497159856
255,0,0.6801779008654922,-0.2622846650134611
255,1,0.693904839995583,-0.617022109128145
255,2,0.9739403821939291,-0.19839419882864673
255,3,0.8798614751911445,-0.18801904859744786
255,4,0.8485109169995425,-0.40240565941693257
255,5,0.7392197701468166,-0.009471840862644595
255,6,0.8227591398762543,-0.44182627304741784
255,7,0.6068460034069743,-0.47854385966012264
255,8,0.973193439023842,-0.1582218760818935
255,9,0.853868022809467,-0.5306775575067351
255,10,0.8802197288314666,-0.08744362323816808
255,11,0.8933920380734746,-0.29328269697279086
255,12,0.8697697819563746,-0.21932206742804955
255,13,0.7013314920640482,-0.4180394399643355
255,14,0.8989662790629546,-0.0514489021781956
255,15,0.772117177130301,-0.04146578076958556
255,16,0.9038709395223868,-0.28758549796323263
255,17,0.8216525398756771,-0.3050300361792366
255,18,0.6675387263827252,-0.33973894722346226
255,19,0.7103104158562348,-0.24329628744815626
256,0,0.6840488422377321,-0.26411343076348115
256,1,0.6976855917192509,-0.6185945944711931
256,2,0.9774756659323346,-0.200409712239969
256,3,0.8834911376192331,-0.1900375288223052
256,4,0.8521619801620105,-0.4041918301916254
256,5,0.7430114554580116,-0.011644294699076761
256,6,0.8264262193247561,-0.44358392655696255
256,7,0.6107242539590549,-0.48024895005800494
256,8,0.9767360218761907,-0.16027179847157552
256,9,0.853868022809467,-0.5306775575067351
256,10,0.8838595397303632,-0.08955861468275388
256,11,0.897002641607694,-0.2951914708352843
256,12,0.8697697819563746,-0.21932206742804955
256,13,0.7051232218268338,-0.4198070882098967
256,14,0.9025966548458721,-0.053590809400195956
256,15,0.7758733334852939,-0.04360919163203003
256,16,0.9074689969161744,-0.28950568578188013
256,17,0.8253285374942463,-0.30693094031972085
256,18,0.6713699269295317,-0.3415834668809987
256,19,0.7141080370552934,-0.24523869254500538
257,0,0.6879019126429987,-0.2659697704542002
257,1,0.7014625759329395,-0.6201655128363873
257,2,0.9810074265641338,-0.2024232170802288
257,3,0.8871171828518525,-0.19205399749989915
257,4,0.8557989833165239,-0.40599737089482923
257,5,0.7467993631490628,-0.013814584140338896
257,6,0.8300896445528502,-0.4453398285764142
257,7,0.6145986396863535,-0.48195234126818987
257,8,0.9802750748141067,-0.16231967826947336
257,9,0.853868022809467,-0.5306775575067351
257,10,0.8874957236327904,-0.09167149858199854
257,11,0.9006096474357445,-0.2970983427422084
257,12,0.8735494944732675,-0.22102161392156652
257,13,0.7089111734552245,-0.4215729751451714
257,14,0.9062234139329048,-0.05573058278605959
257,15,0.7796257476170575,-0.045750467034402754
257,16,0.9110634686985308,-0.29142396005478916
257,17,0.8290008714243092,-0.3088299499212599
257,18,0.6751973098684111,-0.34342614856300235
257,19,0.7179018742597766,-0.24717916220649533
258,0,0.6917379212414453,-0.26785147382537705
258,1,0.7052357964174135,-0.6217348657962183
258,2,0.9845356676246224,-0.20443471536494648
258,3,0.8907396145186772,-0.1940684566487168
258,4,0.8594323615669396,-0.40780111206374187
258,5,0.7505834970116696,-0.015982711358892857
258,6,0.8337494192276286,-0.44709398086343244
258,7,0.618469164467134,-0.4836540349957737
258,8,0.9838106013801856,-0.1643655175255167
258,9,0.853868022809467,-0.5306775575067351
258,10,0.8911282841785717,-0.09378227705090093
258,11,0.9042130591682421,-0.2990033146023439
258,12,0.8773068011506469,-0.22276041785343725
258,13,0.7126953507409634,-0.4233371025378141
258,14,0.9098465599544422,-0.05786822447770178
258,15,0.7833744232817621,-0.047889609120122516
258,16,0.9146543584675257,-0.2933403227021541
258,17,0.8326695453418759,-0.31072706688476426
258,18,0.6790208790305774,-0.34526699411399936
258,19,0.7216919312673193,-0.2491176983750381
259,0,0.6955576473745403,-0.26975650145372965
259,1,0.7090052569496704,-0.62330265492161
259,2,0.9880603926455734,-0.20644420910763375
259,3,0.8943584362457652,-0.19608090828523378
259,4,0.8630621185502727,-0.40960305550391
259,5,0.7543638608337537,-0.018148678525036117
259,6,0.8374055470125294,-0.44884638517392544
259,7,0.6223358321757954,-0.4853540329441535
259,8,0.987342605113493,-0.16640931828759264
259,9,0.853868022809467,-0.5306775575067351
259,10,0.8947572250039039,-0.09589095220235239
259,11,0.9078128804122058,-0.30090638832256944
259,12,0.8810426013001639,-0.2245354411441982
259,13,0.7164757574720156,-0.42509947215371807
259,14,0.9134660965372569,-0.06000373661490392
259,15,0.7871193642318356,-0.05002662003047264
259,16,0.9182416698176433,-0.2952547756422559
259,17,0.8363345629192924,-0.3126222931092498
259,18,0.6828406382434271,-0.3471060053766779
259,19,0.7254782118717724,-0.25105430299111037
260,0,0.6993618388137346,-0.2716829709633057
260,1,0.7127709613029439,-0.6248688817819208
260,2,0.99158160515524,-0.20845170031979587
260,3,0.8979736516555604,-0.19809135442391612
260,4,0.8666882578999136,-0.4114032030190808
260,5,0.758140458399463,-0.020312487806903933
260,6,0.8410580315673403,-0.45059704326205163
260,7,0.6261986466828758,-0.48705233681502896
260,8,0.990871089549568,-0.16845108260154779
260,9,0.853868022809467,-0.5306775575067351
260,10,0.8983825497413601,-0.0979975261471388
260,11,0.9114091147710599,-0.30280756580786367
260,12,0.8847577866294579,-0.22634387805646633
260,13,0.7202523974325722,-0.42686008575701706
260,14,0.9170820273045085,-0.06213712133531578
260,15,0.7908605742159677,-0.05216150190460314
260,16,0.9218254063397858,-0.2971673207914638
260,17,0.8399959278252451,-0.31451563049183995
260,18,0.686656591330543,-0.3489431841918901
260,19,0.7292607198632064,-0.2529889779932552
261,0,0.7031622387414325,-0.273607520424585
261,1,0.7165329132467079,-0.6264335479449453
261,2,0.9950993086783592,-0.2104571910109335
261,3,0.9015852643668971,-0.2000997970772224
261,4,0.8703107832456313,-0.41320155641120365
261,5,0.7619132934891754,-0.022474141370471514
261,6,0.8447068765482016,-0.45234595688022144
261,7,0.6300576118550566,-0.4887489483084039
261,8,0.9943960582204271,-0.1704908125111902
261,9,0.853868022809467,-0.5306775575067351
261,10,0.9020042620198941,-0.10010200099394276
261,11,0.9150017658446388,-0.3047068489613071
261,12,0.8884532342854864,-0.22818313679062954
261,13,0.7240252744030533,-0.428618945110087
261,14,0.9206943558757473,-0.06426838077445754
261,15,0.7945980569791131,-0.05429425687953287
261,16,0.925405571621277,-0.2990779600642374
261,17,0.8436536437247638,-0.3164070809277672
261,18,0.6904687421116978,-0.3507785323986537
261,19,0.7330394590279155,-0.2549217253180842
262,0,0.706958850961838,-0.2755301517640436
262,1,0.7202911165466797,-0.627996654976916
262,2,0.9986135067361558,-0.21246068318854477
262,3,0.905193277995003,-0.20210623825560567
262,4,0.8739296982135772,-0.41499811748043214
262,5,0.7656823698795023,-0.024633641379556197
262,6,0.848352085607611,-0.45409312777909916
262,7,0.6339127315551655,-0.490443869122588
262,8,0.9979175146545674,-0.17252851005829148
262,9,0.853868022809467,-0.5306775575067351
262,10,0.9056223654648435,-0.10220437884934563
262,11,0.9185908372291895,-0.30660423968408407
262,12,0.8921298014335127,-0.23005082252613657
262,13,0.7277943921601125,-0.4303760519735479
262,14,0.9243030858669178,-0.06639751706572199
262,15,0.7983318162624958,-0.05642488709015164
262,16,0.9289821692458659,-0.30098669537312855
262,17,0.8473077142792257,-0.3182966463103753
262,18,0.6942770944028582,-0.35261205183415406
262,19,0.7368144331484212,-0.25685254690027937
263,0,0.7107516792753638,-0.27745086690623727
263,1,0.7240455749648246,-0.6295582044425045
263,2,1.0021242028463455,-0.21446217885812735
263,3,0.9087976961515035,-0.20411067996751556
263,4,0.877545006426289,-0.41679288802512565
263,5,0.7694476913432932,-0.02679098999581961
263,6,0.8519936623944262,-0.45583855770760456
263,7,0.6377640096421812,-0.49213710095419877
263,8,1.0014354623769701,-0.1745641772825889
263,9,0.853868022809467,-0.5306775575067351
263,10,0.9092368636979333,-0.10430466181782974
263,11,0.9221763325173763,-0.30849973987548457
263,12,0.8957883211152937,-0.2319447218129328
263,13,0.7315597544766406,-0.4321314081062653
263,14,0.9278954170587472,-0.06854608615329835
263,15,0.8020618558036126,-0.05855339466922239
263,16,0.9325552027937302,-0.30289352862878305
263,17,0.850958143146359,-0.3201843285311211
263,18,0.6980816520161887,-0.354443744333746
263,19,0.7405856460034765,-0.25878144467259495
264,0,0.7145407274786346,-0.2793696677738038
264,1,0.7277962922593593,-0.6311181979048234
264,2,1.0056314005231386,-0.21646168002318036
264,3,0.9123985224444247,-0.20611312421940015
264,4,0.8811567115026935,-0.41858586984185125
264,5,0.7732092616496383,-0.028946189378769825
264,6,0.8556316105538692,-0.4575822484129147
264,7,0.6416114499712368,-0.4938286454981629
264,8,1.0049499049091044,-0.17659781622178738
264,9,0.853868022809467,-0.5306775575067351
264,10,0.9128477603372799,-0.10640285200178039
264,11,0.9257582552982833,-0.3103933514329061
264,12,0.8994295991691492,-0.23386278821814674
264,13,0.7353213651217686,-0.43388501526535256
264,14,0.9314841678307186,-0.07069251379594199
264,15,0.8057881793362366,-0.060679781747383275
264,16,0.93612467584148,-0.3047984617399429
264,17,0.8546049339802465,-0.32207012947957636
264,18,0.701882418760055,-0.3562736117309554
264,19,0.7443531013680691,-0.2607084205658595
265,0,0.7183259993644915,-0.2812865562874647
265,1,0.7315432721847553,-0.6326766369254276
265,2,1.0091351032772433,-0.21845918868520645
265,3,0.915995760478197,-0.20811357301570813
265,4,0.8847648170581112,-0.4203770647253855
265,5,0.7732092616496383,-0.028946189378769825
265,6,0.8592659337275296,-0.4593242016404658
265,7,0.6454550563936239,-0.4955185044477181
265,8,1.0084608457689308,-0.17862942891156147
265,9,0.8575690980020775,-0.5321821394499996
265,10,0.9164550589973942,-0.10849895150148801
265,11,0.9293366091574187,-0.3122850762518557
265,12,0.9030544120280372,-0.23580312913554233
265,13,0.7390792278608727,-0.43563687520617206
265,14,0.9350693417751751,-0.07283680214222908
265,15,0.8095107905904213,-0.06280405045314987
265,16,0.9396905919621612,-0.3067014966134481
265,17,0.8582480904313295,-0.32395405104342967
265,18,0.7056793984390284,-0.35810165585748144
265,19,0.7481168030134254,-0.26263347650897784
266,0,0.7221074987219953,-0.28320153436602724
266,1,0.7352865184917434,-0.6342335230643162
266,2,1.0126353146158695,-0.2204547068437137
266,3,0.9195894138536594,-0.2101120283588907
266,4,0.8883693267042592,-0.42216647446871625
266,5,0.7732092616496383,-0.028946189378769825
266,6,0.8628966355533685,-0.4610644191339546
266,7,0.6492948327567962,-0.4972066794944149
266,8,1.0119682884709045,-0.18065901738555745
266,9,0.8612536576442128,-0.5337164483318736
266,10,0.9200587632891858,-0.11059296241515026
266,11,0.9329113976767182,-0.3141749162259518
266,12,0.9066635052402862,-0.23776399366891807
266,13,0.7428333464555771,-0.43738698968233736
266,14,0.9386509424808793,-0.07497895333859436
266,15,0.8132296932925043,-0.0649262029129172
266,16,0.9432529547252595,-0.3086026351542383
266,17,0.8618876161464113,-0.3258360951084883
266,18,0.7094725948538894,-0.359927878543198
266,19,0.7518767547070146,-0.26455661442893275
267,0,0.7258852293364307,-0.28511460392638643
267,1,0.7390260349273167,-0.6357888578799337
267,2,1.0161320380427323,-0.2224482364962178
267,3,0.9231794861680626,-0.21210849224940365
267,4,0.8919702440492552,-0.4239541008630444
267,5,0.7732092616496383,-0.028946189378769825
267,6,0.8665237196657221,-0.4628029026353406
267,7,0.6531307829043738,-0.49889317232811814
267,8,1.015472236525979,-0.1826865836753954
267,9,0.8649223273108828,-0.5352782854136533
267,10,0.9236588768199663,-0.11268488683887413
267,11,0.9364826244345487,-0.31606287324692606
267,12,0.9102690027633825,-0.23972290462035015
267,13,0.7465837246637582,-0.4391353604457148
267,14,0.942228973533017,-0.0771189695293333
267,15,0.8169448911651108,-0.06704624125096198
267,16,0.9468117676967035,-0.31050187926535516
267,17,0.8655235147686606,-0.32771626355868033
267,18,0.7132620118016312,-0.36175228161615586
267,19,0.755632960212552,-0.26647783625078725
268,0,0.7296591949893098,-0.28702576688352677
268,1,0.7427618252347348,-0.6373426429291716
268,2,1.0196252770580554,-0.22443977963824388
268,3,0.9267659810150722,-0.21410296668570927
268,4,0.895567572697621,-0.4257399456977857
268,5,0.7732092616496383,-0.028946189378769825
268,6,0.8701471896953049,-0.4645396538848474
268,7,0.6569629106761463,-0.5005779846370089
268,8,1.0189726934416097,-0.18471212981067114
268,9,0.8685757220468747,-0.5368656107100441
268,10,0.9272554031934528,-0.11477472686667801
268,11,0.9400502930057116,-0.3179489492046253
268,12,0.9138709082064328,-0.2416798639507103
268,13,0.7503303662395483,-0.44088198924642513
268,14,0.9458034385132009,-0.07925685285660419
268,15,0.8206563879271576,-0.06916416758944464
268,16,0.9503670344388685,-0.3123992308479438
268,17,0.8691557899376156,-0.32959455827605616
268,18,0.7170476530754639,-0.3635748669025842
268,19,0.7593854232900029,-0.26839714389768626
269,0,0.7334293994583756,-0.2889350251505242
269,1,0.7464938931535274,-0.6388948797673706
269,2,1.0231150351585743,-0.22642933826332856
269,3,0.9303489019847733,-0.21609545366427843
269,4,0.8991613162502862,-0.42752401076057267
269,5,0.7732092616496383,-0.028946189378769825
269,6,0.8737670492692142,-0.46627467462096484
269,7,0.6607912199080777,-0.5022611181075858
269,8,1.0224696627217575,-0.18673565781895837
269,9,0.8722144429934078,-0.5384765311102121
269,10,0.9308483460097716,-0.11686248459049382
269,11,0.9436144069614468,-0.3198331459870134
269,12,0.9174692251749478,-0.2436348736189168
269,13,0.7540732749333393,-0.4426268778328456
269,14,0.9493743409994739,-0.08139260546043037
269,15,0.8243641872938564,-0.07127998404841154
269,16,0.95391875851058,-0.3142946918012551
269,17,0.8727844452891871,-0.33147098114079065
269,18,0.7208295224648182,-0.36539563622689275
269,19,0.7631341476955866,-0.27031453929085864
270,0,0.7371958465176068,-0.2908423806385482
270,1,0.7502222424194983,-0.640445569948321
270,2,1.0266013158375402,-0.228416914363022
270,3,0.9339282526636732,-0.21808595517959256
270,4,0.9027514783045916,-0.42930629783725616
270,5,0.7732092616496383,-0.028946189378769825
270,6,0.877383302010933,-0.4680079665804503
270,7,0.664615714432309,-0.5039425744246672
270,8,1.0224696627217575,-0.18673565781895837
270,9,0.8758390747894246,-0.5401092893962277
270,10,0.9344377088654622,-0.1189481621001691
270,11,0.9471749698694357,-0.3217154654801732
270,12,0.9210639572708463,-0.2455879355819362
270,13,0.7578124544917865,-0.44437002795161135
270,14,0.9529416845663129,-0.08352622947870228
270,15,0.8280682929767181,-0.07339369274579703
270,16,0.9574669434671171,-0.31618826402264727
270,17,0.8764094844556628,-0.33334553403118494
270,18,0.724607623755349,-0.36721459141167334
270,19,0.76687913718178,-0.272230024349619
271,0,0.7409585399372205,-0.2927478352568635
271,1,0.7539468767647287,-0.6419947150242654
271,2,1.0300841225847237,-0.23040250992688982
271,3,0.9375040366347055,-0.22007447322414564
271,4,0.9063380624542929,-0.43108680871190724
271,5,0.7732092616496383,-0.028946189378769825
271,6,0.8809959515403336,-0.46973953149833075
271,7,0.6684363980771632,-0.5056223552713924
271,8,1.0224696627217575,-0.18673565781895837
271,9,0.8794501836208122,-0.5417622540971929
271,10,0.9380234953534803,-0.12103176148346907
271,11,0.9507319852938054,-0.32359590956830836
271,12,0.9246551080924589,-0.24753905179478544
271,13,0.7615479086578122,-0.4461114413476173
271,14,0.9565054727846323,-0.08565772704717967
271,15,0.8280682929767181,-0.07339369274579703
271,16,0.9610115928602166,-0.318079949407588
271,17,0.8800309110657105,-0.3352182188236683
271,18,0.7283819607289395,-0.3690317342777019
271,19,0.7706203954973211,-0.27414360099136986
272,0,0.7447174834836765,-0.29465139091283193
272,1,0.7576677999175813,-0.6435423165458994
272,2,1.0335634588864178,-0.23238612694251512
272,3,0.9410762574772334,-0.22206100978844617
272,4,0.9099210722895645,-0.4328655451668191
272,5,0.7732092616496383,-0.028946189378769825
272,6,0.884605001473682,-0.4714693711079044
272,7,0.6722532746671481,-0.5073004623292239
272,8,1.0224696627217575,-0.18673565781895837
272,9,0.8830576949608043,-0.5434135720667617
272,10,0.9416057090632016,-0.12311328482607876
272,11,0.9542854567951318,-0.32547448013374525
272,12,0.9282426812345308,-0.24948822421053377
272,13,0.7652796411706096,-0.4478511197640201
272,14,0.9600657092217876,-0.0877871002994937
272,15,0.8280682929767181,-0.07339369274579703
272,16,0.9645527102380761,-0.3199697498496562
272,17,0.8836487287443818,-0.3370890373928001
272,18,0.7321525371637045,-0.37084706664394024
272,19,0.7743579263872131,-0.2760552711316032
273,0,0.748472680919681,-0.2965530495119147
273,1,0.7613850156027038,-0.6450883760623738
273,2,1.0370393282254413,-0.2343677673955005
273,3,0.9446449187670536,-0.2240455668610192
273,4,0.9135005113970026,-0.4346425089825086
273,5,0.7732092616496383,-0.028946189378769825
273,6,0.8882104554236406,-0.47319748714074233
273,7,0.6760663480229613,-0.5089768972779483
273,8,1.0224696627217575,-0.18673565781895837
273,9,0.8866616124205235,-0.5450632449579048
273,10,0.9451843535804256,-0.1251927342116051
273,11,0.9578353879304432,-0.32735117905693484
273,12,0.9318266802882265,-0.25143545478030466
273,13,0.7690076557656469,-0.44958906494223944
273,14,0.9636223974415791,-0.08991435136714909
273,15,0.8280682929767181,-0.07339369274579703
273,16,0.9680902991453574,-0.321857667240544
273,17,0.8872629411131158,-0.33895799161127155
273,18,0.735919356833995,-0.37266059032753784
273,19,0.7780917335927283,-0.2779650366839028
274,0,0.7522241360041904,-0.29845281295767384
274,1,0.7650985275410327,-0.6466328951212955
274,2,1.040511734081143,-0.23634743326947
274,3,0.9482100240763994,-0.22602814642840832
274,4,0.9170763833596294,-0.4364177019377184
274,5,0.7770975658945496,-0.030853532397318244
274,6,0.8918123169992723,-0.47492388132669044
274,7,0.6798756219614926,-0.5106516617956787
274,8,1.0224696627217575,-0.18673565781895837
274,9,0.8902619396074946,-0.5467112744219467
274,10,0.948759432487379,-0.12727011172157893
274,11,0.9613817822532243,-0.3292260082164546
274,12,0.9354071088411323,-0.2533807454532779
274,13,0.7727319561746702,-0.4513252786219602
274,14,0.9671755410042551,-0.09203948237952626
274,15,0.8280682929767181,-0.07339369274579703
274,16,0.9716243631231906,-0.32374370347005854
274,17,0.8908735517897425,-0.34082508334990763
274,18,0.7396824235104009,-0.37447230714383367
274,19,0.7818218208514112,-0.2798728995599458
275,0,0.7559718524924148,-0.3003506831517745
275,1,0.7688083394497971,-0.6481758752687298
275,2,1.0439806799294045,-0.23832512654607108
275,3,0.9517715769739449,-0.22800875047517763
275,4,0.9206486917568961,-0.43819112580941827
275,5,0.7809613851542495,-0.032800504588470315
275,6,0.8954105898060442,-0.47664855539387097
275,7,0.6836811002958293,-0.5123247575588561
275,8,1.0224696627217575,-0.18673565781895837
275,9,0.8938586801256485,-0.5483576621085663
275,10,0.9523309493627193,-0.1293454194354572
275,11,0.9649246433134193,-0.33109896948901035
275,12,0.9389839704772609,-0.25532409817669127
275,13,0.7764525461257078,-0.45305976254113395
275,14,0.9707251434665157,-0.09416249546388344
275,15,0.8280682929767181,-0.07339369274579703
275,16,0.9751549057091771,-0.32562786042612396
275,17,0.8944805643884868,-0.342690314477669
275,18,0.7434417409597559,-0.37628221890635805
275,19,0.7818218208514112,-0.2798728995599458
276,0,0.7597158341358222,-0.30224666199398653
276,1,0.7725144550425224,-0.6497173180492012
276,2,1.047446169242644,-0.24030084920497666
276,3,0.9553295810248078,-0.2299873809839137
276,4,0.9242174401646871,-0.43996278237280734
276,5,0.784801821186249,-0.034783885420268695
276,6,0.8990052774458307,-0.47837151106868436
276,7,0.6874827868352587,-0.513996186242251
276,8,1.0224696627217575,-0.18673565781895837
276,9,0.8974518375753262,-0.5500024096657993
276,10,0.9558989077815383,-0.13141865943062495
276,11,0.9684639746574355,-0.3329700647494382
276,12,0.9425572687770541,-0.25726551489584276
276,13,0.780169429343074,-0.4547925184359808
276,14,0.9742712083815167,-0.09628339274535883
276,15,0.8280682929767181,-0.07339369274579703
276,16,0.9786819304373935,-0.3275101399947832
276,17,0.8980839825199718,-0.34455368686165394
276,18,0.7471973129451402,-0.37809032742683446
276,19,0.7818218208514112,-0.2798728995599458
277,0,0.7634560846821419,-0.3041407513821867
277,1,0.7762168780290339,-0.6512572250056954
277,2,1.0509082054898198,-0.24227460322388708
277,3,0.9588840397905538,-0.23196403993522763
277,4,0.9242174401646871,-0.43996278237280734
277,5,0.7886199527962899,-0.03680071253905053
277,6,0.9025963835169178,-0.480092750075811
277,7,0.6912806853852728,-0.5156659495189649
277,8,1.0224696627217575,-0.18673565781895837
277,9,0.9010414155532818,-0.5516455187400396
277,10,0.9594633113153659,-0.13348983378239748
277,11,0.9719997798281471,-0.33483929587070627
277,12,0.9461270073173872,-0.25920499755409243
277,13,0.7838826095473724,-0.4565235480409911
277,14,0.9778137392988725,-0.09840217634697267
277,15,0.8280682929767181,-0.07339369274579703
277,16,0.9822054408383951,-0.3293905440601999
277,17,0.9016838097912228,-0.34641520236709994
277,18,0.7509491432258852,-0.37989663451518124
277,19,0.7818218208514112,-0.2798728995599458
278,0,0.7671926078753682,-0.30603295321236035
278,1,0.7799156121154608,-0.6527955976796609
278,2,1.0543667921364335,-0.24424639057853204
278,3,0.9624349568291997,-0.23393872930775697
278,4,0.9242174401646871,-0.43996278237280734
278,5,0.7924168294030309,-0.038848260194579876
278,6,0.9061839116140062,-0.4818122741382127
278,7,0.6950747997475717,-0.5173340490604328
278,8,1.0224696627217575,-0.18673565781895837
278,9,0.9046180942809805,-0.5533072080724131
278,10,0.9630241635321736,-0.13555894456402232
278,11,0.9755320623648985,-0.33670666472391675
278,12,0.9496931896715719,-0.26114254809286436
278,13,0.7875920904555002,-0.4582528530889272
278,14,0.98135273976466,-0.10051884838962943
278,15,0.8280682929767181,-0.07339369274579703
278,16,0.9857254404392193,-0.3312690745046605
278,17,0.9052800498056701,-0.3482748628573859
278,18,0.7546972355575767,-0.3817011419795136
278,19,0.7818218208514112,-0.2798728995599458
279,0,0.7709254074557648,-0.3079232693786033
279,1,0.7836106610042394,-0.6543324376110101
279,2,1.0578219326445337,-0.2462162132426726
279,3,0.9659823356952167,-0.23591145107816772
279,4,0.9242174401646871,-0.43996278237280734
279,5,0.7961934662594392,-0.0409240194845885
279,6,0.9097678653282151,-0.48353008497713484
279,7,0.6988651337200678,-0.5190004865364238
279,8,1.0261025768580037,-0.18849431745842388
279,9,0.9081912082993312,-0.5549672412763087
279,10,0.9665814679963779,-0.1376259938466814
279,11,0.9790608258035081,-0.33857217317830773
279,12,0.9532558194093602,-0.2630781684516485
279,13,0.7912978757806512,-0.45998043531082516
279,14,0.9848882133214221,-0.10263341099211992
279,15,0.8280682929767181,-0.07339369274579703
279,16,0.989241932763389,-0.3331457332085757
279,17,0.9088727061631537,-0.35013267019403377
279,18,0.7584415936920588,-0.38350385162614525
279,19,0.7818218208514112,-0.2798728995599458
280,0,0.7746544871598675,-0.30981170177312395
280,1,0.7873020283941172,-0.6558677463381215
280,2,1.0612736304727195,-0.2481840731881032
280,3,0.9695261799395348,-0.2378822072211563
280,4,0.9242174401646871,-0.43996278237280734
280,5,0.7999508410333528,-0.04302568028124754
280,6,0.9133482482470856,-0.4852461843121077
280,7,0.702651691096889,-0.5206652636150436
280,8,1.0297131897289056,-0.190289386092082
280,9,0.9117607611850244,-0.5566256200134214
280,10,0.9701352282688441,-0.13969098369949307
280,11,0.9825860736762714,-0.34043582310125503
280,12,0.9568036364401091,-0.2650324496130832
280,13,0.7949999692323204,-0.4617062964359964
280,14,0.9884201635081713,-0.10474586627112338
280,15,0.8318902884793443,-0.07527632235062268
280,16,0.9927549213309166,-0.3350205220504828
280,17,0.9124617824599263,-0.3519886262367105
280,18,0.7621822213774375,-0.38530476525959034
280,19,0.7818218208514112,-0.2798728995599458
281,0,0.7783798507204889,-0.3116982522862449
281,1,0.7909897179801567,-0.6574015253978405
281,2,1.0647218890761438,-0.2501499723846536
281,3,0.9730664931095454,-0.23985099970945156
281,4,0.9242174401646871,-0.43996278237280734
281,5,0.8036898914978148,-0.045151114706649766
281,6,0.9169250639545845,-0.48696057386094843
281,7,0.7064344756683829,-0.5223283819627356
281,8,1.0333024082553621,-0.19211809233404345
281,9,0.915326756511186,-0.55828234594379
281,10,0.9736854479068897,-0.14175391618951422
281,11,0.9861078095119651,-0.342297616358274
281,12,0.9603479174675518,-0.26698478300083395
281,13,0.7986983745163069,-0.46343043819202967
281,14,0.9919485938603932,-0.10685621634120962
281,15,0.8318902884793443,-0.07527632235062268
281,16,0.996264409658307,-0.33689344290704726
281,17,0.9160472822886565,-0.35384273284323
281,18,0.7659191223580849,-0.3871038846825652
281,19,0.7818218208514112,-0.2798728995599458
282,0,0.7821015018667214,-0.3135829228064052
282,1,0.7946737334537387,-0.6589337763254813
282,2,1.0681667119065168,-0.25211391280019074
282,3,0.9766032787491055,-0.2418178305138167
282,4,0.9242174401646871,-0.43996278237280734
282,5,0.8074115141224932,-0.04729836203065133
282,6,0.9204983160311079,-0.48867325533976264
282,7,0.7102134912211208,-0.5239898432442828
282,8,1.0368711265460908,-0.19397787287823814
282,9,0.918889197847381,-0.5599374207257988
282,10,0.977232130464288,-0.14381479338174227
282,11,0.9896260368358502,-0.3441575548130215
282,12,0.963888666039517,-0.2689351705691883
282,13,0.8023930953347178,-0.4651528623047925
282,14,0.9954735079100502,-0.10896446331484114
282,15,0.8318902884793443,-0.07527632235062268
282,16,0.9997704012585615,-0.3387644976530646
282,17,0.9196292092384333,-0.35569499186955467
282,18,0.7696523003746426,-0.38890121169599007
282,19,0.7818218208514112,-0.2798728995599458
283,0,0.7858194443239417,-0.3154657152201618
283,1,0.7983540785025665,-0.6604645006548289
283,2,1.0716081024121096,-0.254075896400621
283,3,0.9801365403985409,-0.2437827016030513
283,4,0.9242174401646871,-0.43996278237280734
283,5,0.8111294285201818,-0.04944346983614607
283,6,0.9240680080534845,-0.4903842304629461
283,7,0.7139887415379007,-0.5256496491228096
283,8,1.0404202202883133,-0.1958663562477354
283,9,0.9224480887596166,-0.5615908460161791
283,10,0.9807752794912719,-0.14587361733911733
283,11,0.9931407591696756,-0.3460156403272978
283,12,0.9674258857002975,-0.2708836142704862
283,13,0.8060841353859726,-0.4668735704984332
283,14,0.9989949091855845,-0.11107060930237522
283,15,0.8318902884793443,-0.07527632235062268
283,16,1.0032728996411813,-0.34063368816146256
283,17,0.923207566894769,-0.3575454051697977
283,18,0.7733817591640254,-0.39069674809899113
283,19,0.7818218208514112,-0.2798728995599458
284,0,0.7895336818138137,-0.3173466314121918
284,1,0.8020307568106688,-0.6619936999181396
284,2,1.0750460640377575,-0.2560359251498918
284,3,0.9836662815946502,-0.24574561494399322
284,4,0.9242174401646871,-0.43996278237280734
284,5,0.8148436384125164,-0.051586440270389
284,6,0.9276341435949796,-0.49209350094318666
284,7,0.717760230397752,-0.5273078012597835
284,8,1.0439505424102051,-0.19778134781195716
284,9,0.926003432810346,-0.5632426234700115
284,10,0.9843148985345368,-0.14793039012252418
284,11,0.9966519800316819,-0.3478718747610483
284,12,0.9709595799906539,-0.2728301160551217
284,13,0.8097714983648057,-0.4685925644953823
284,14,1.0025128012119224,-0.11317465641206609
284,15,0.8318902884793443,-0.07527632235062268
284,16,1.0067719083121704,-0.3425010163033026
284,17,0.9267823588396032,-0.35939397459622463
284,18,0.7771075024594252,-0.39249049568890204
284,19,0.7818218208514112,-0.2798728995599458
285,0,0.7932442180542927,-0.31922567326529416
285,1,0.8057037720584044,-0.6635213756461436
285,2,1.0784806002248633,-0.2579940010099939
285,3,0.9871925058707076,-0.24770657250152067
285,4,0.9242174401646871,-0.43996278237280734
285,5,0.8148436384125164,-0.051586440270389
285,6,0.9311967262252985,-0.49380106849146577
285,7,0.7215279615759388,-0.5289643013150163
285,8,1.047462919804466,-0.19972081598661054
285,9,0.9295552335584722,-0.5648927547407266
285,10,0.987850991137245,-0.1499851137907944
285,11,1.0001597029366045,-0.34972625997236545
285,12,0.9744897524478174,-0.27477467787154497
285,13,0.8134551879622712,-0.47030984601635445
285,14,1.0060271875104774,-0.11527660675006696
285,15,0.8318902884793443,-0.07527632235062268
285,16,1.0102674307740402,-0.3443664839477821
285,17,0.9303535886513062,-0.3612407019992553
285,18,0.7808295339903146,-0.3942824562612659
285,19,0.7818218208514112,-0.2798728995599458
286,0,0.7969510567596293,-0.3211028426603916
286,1,0.8093731279224651,-0.6650475293680456
286,2,1.0819117144114012,-0.2599501259409632
286,3,0.9907152167564672,-0.24966557623855407
286,4,0.9242174401646871,-0.43996278237280734
286,5,0.8148436384125164,-0.051586440270389
286,6,0.9347557595105896,-0.49550693481706015
286,7,0.7252919388439636,-0.5306191509466661
286,8,1.0509581509340544,-0.20168287953247757
286,9,0.9331034945593514,-0.5665412414801076
286,10,0.9913835608390285,-0.15203779040070842
286,11,1.0036639313956777,-0.3515787978174907
286,12,0.9780164066054943,-0.27671730166626435
286,13,0.817135207865746,-0.4720254167803502
286,14,1.0095380715991533,-0.11737646242043218
286,15,0.8318902884793443,-0.07527632235062268
286,16,1.013759470525812,-0.3462300929622359
286,17,0.9339212599046824,-0.3630855892274656
286,18,0.7845478574824509,-0.39607263160983697
286,19,0.7818218208514112,-0.2798728995599458
287,0,0.8006542016403726,-0.3229781414765325
287,1,0.8130388280758797,-0.666572162611527
287,2,1.0853394100319198,-0.2619043019008826
287,3,0.994234417778166,-0.25162262811605807
287,4,0.9278457627623214,-0.4415993590775124
287,5,0.8148436384125164,-0.051586440270389
287,6,0.938311247013449,-0.49721110162754373
287,7,0.7290521659695713,-0.5322723518112391
287,8,1.054437004168265,-0.2036657958718584
287,9,0.936648219364796,-0.5681880853382913
287,10,0.9949126111759932,-0.1540884220069975
287,11,1.0071646689166374,-0.3534294901508162
287,12,0.9815395459938687,-0.2786579893838481
287,13,0.8208115617589337,-0.4737392785046575
287,14,1.0130454569923488,-0.11947422552511934
287,15,0.8318902884793443,-0.07527632235062268
287,16,1.0172480310630208,-0.34809184521213854
287,17,0.9374853761709744,-0.3649286381275894
287,18,0.7882624766578796,-0.39786102352658254
287,19,0.7818218208514112,-0.2798728995599458
288,0,0.8043536564033742,-0.32485157159089284
288,1,0.8167008761880177,-0.6680952769027472
288,2,1.088763690517546,-0.2638565308458842
288,3,0.9977501124585276,-0.2535777300930436
288,4,0.9314575609143766,-0.44326266324732494
288,5,0.8148436384125164,-0.051586440270389
288,6,0.941863192292923,-0.4989135706287891
288,7,0.7328086467167532,-0.5339239055635909
288,8,1.0579002167205493,-0.20566795034502247
288,9,0.9401894115230793,-0.5698332879637701
288,10,0.9984381456807219,-0.1561370106623459
288,11,1.0106619190037254,-0.3552783388248869
288,12,0.9850591741396068,-0.2805967429669266
288,13,0.8244742632900719,-0.47547270098644245
288,14,1.0165493472009601,-0.12156989816399139
288,15,0.8318902884793443,-0.07527632235062268
288,16,1.0207331158777193,-0.3499517425611058
288,17,0.941045941017866,-0.36676985054452055
288,18,0.7919733952349381,-0.3996476338016847
288,19,0.7818218208514112,-0.2798728995599458
289,0,0.8080494247517921,-0.326723134878778
289,1,0.8203592759245928,-0.669616873766345
289,2,1.0921845592959876,-0.265806814730151
289,3,1.0012623043167659,-0.25553088412656955
289,4,0.9350535005025084,-0.44495070283843813
289,5,0.8148436384125164,-0.051586440270389
289,6,0.9454115989045124,-0.5006143435249695
289,7,0.7365613848457498,-0.5355738138569286
289,8,1.0613599792482977,-0.20766811028797705
289,9,0.943727074578938,-0.5714768510033933
289,10,1.001960167882278,-0.15818355841739287
289,11,1.0141556851576925,-0.35712534569040205
289,12,0.9885752945658596,-0.2825335643561941
289,13,0.8281333143244658,-0.4772043958218242
289,14,1.0200497457323845,-0.12366348243481867
289,15,0.8318902884793443,-0.07527632235062268
289,16,1.024214728458481,-0.35180978687089676
289,17,0.944602958009486,-0.3686092283213145
289,18,0.7956806169282595,-0.4014324642235421
289,19,0.7818218208514112,-0.2798728995599458
290,0,0.8117415103850939,-0.3285928332136247
290,1,0.8240140309476668,-0.6711369547254405
290,2,1.095602019791538,-0.26775515550591916
290,3,1.0047709968685883,-0.25748209217174506
290,4,0.9386342293011825,-0.44666162966871475
290,5,0.8148436384125164,-0.051586440270389
290,6,0.9489564704001757,-0.5023134220185601
290,7,0.740310384113056,-0.5372220783428119
290,8,1.0648048214578179,-0.20968599413730027
290,9,0.9472612120735764,-0.5731187761023692
290,10,1.0054786813062093,-0.16022806732073475
290,11,1.0176354894040933,-0.3589902043207237
290,12,0.9920879107922673,-0.28446845549041067
290,13,0.831788718524829,-0.478934364744231
290,14,1.0235466560905246,-0.12575498043328112
290,15,0.8318902884793443,-0.07527632235062268
290,16,1.0276928722904033,-0.3536659800014156
290,17,0.9481564307064121,-0.3704467732991901
290,18,0.7993841454487763,-0.4032155165787717
290,19,0.7818218208514112,-0.2798728995599458
291,0,0.8154299169990611,-0.3304606684670028
291,1,0.827665144915653,-0.6726555213016363
291,2,1.099016075425078,-0.2697015551234797
291,3,1.0082761936261997,-0.25943135618173135
291,4,0.9422003747810828,-0.4483937285890796
291,5,0.8148436384125164,-0.051586440270389
291,6,0.9524978103283327,-0.5040108078103402
291,7,0.7440556482714237,-0.5388687006711551
291,8,1.0682462303313442,-0.21170186684276562
291,9,0.9507918275446695,-0.5747590649042663
291,10,1.008993689474551,-0.1622705394189269
291,11,1.0211118254867082,-0.3608532043306432
291,12,0.9955970263349622,-0.28640141830640425
291,13,0.8354404795502249,-0.48066260948536343
291,14,1.0270400817757912,-0.12784439425297028
291,15,0.8357007807467788,-0.07717268865137018
291,16,1.0311675508551117,-0.35552032381071347
291,17,0.9517063626656739,-0.37228248731753183
291,18,0.8030839845037243,-0.40499679265221067
291,19,0.7818218208514112,-0.2798728995599458
292,0,0.8191146482857922,-0.33232664250861715
292,1,0.8313126214833201,-0.6741725750150188
292,2,1.102426729614081,-0.27164601553118056
292,3,1.0117778980983052,-0.26137867810774357
292,4,0.9457525425167793,-0.45014540748973547
292,5,0.8148436384125164,-0.051586440270389
292,6,0.9560356222338682,-0.5057065025993948
292,7,0.7477971810698658,-0.5405136824902289
292,8,1.0716842093137304,-0.2137157304222637
292,9,0.9543189245263669,-0.5763977190510154
292,10,1.01250519590583,-0.16431097675648595
292,11,1.024584696885353,-0.36271434758502547
292,12,0.9991026447065722,-0.28833245473907254
292,13,0.8390886010560697,-0.48238913177519616
292,14,1.0305300262851065,-0.12993172598539143
292,15,0.8394882577124587,-0.07910536489138925
292,16,1.0346387676307627,-0.35737282015499033
292,17,0.9552527574407567,-0.3741163722138911
292,18,0.8067801377966459,-0.4067762942269181
292,19,0.7818218208514112,-0.2798728995599458
293,0,0.8227957079337069,-0.3341907572063097
293,1,0.8349564643017956,-0.6756881173841605
293,2,1.1058339857726152,-0.2735885386754285
293,3,1.0152761137901147,-0.26332405989905283
293,4,0.9493011713423157,-0.451895341249193
293,5,0.8148436384125164,-0.051586440270389
293,6,0.9595699096581353,-0.5074005080831158
293,7,0.7515349862536604,-0.5421570254466616
293,8,1.075118761846397,-0.21572758689167387
293,9,0.9578425065492961,-0.578034740182911
293,10,1.0160132041150676,-0.16634938137589164
293,11,1.0280541070763751,-0.36457363594687664
293,12,1.002604769416225,-0.29026156672138487
293,13,0.8427330866941367,-0.4841139333419797
293,14,1.0340164931119087,-0.1320169777199657
293,15,0.8432537504136673,-0.08107144418136959
293,16,1.0381065260920477,-0.35922347088859685
293,17,0.9587956185816051,-0.3759484298239886
293,18,0.8104621231134703,-0.40857564072121094
293,19,0.7818218208514112,-0.2798728995599458
294,0,0.8264730996275496,-0.33605301442606106
294,1,0.8385966770185699,-0.6772021499261205
294,2,1.1092378473113471,-0.27552912650069106
294,3,1.0187708442033454,-0.2652675035029883
294,4,0.952846264809873,-0.4536435316191377
294,5,0.8186862552929669,-0.053479941977796125
294,6,0.9631006761389591,-0.5090928259572044
294,7,0.7552690675643542,-0.5437987311854411
294,8,1.0785498913673344,-0.21773743826486647
294,9,0.9613625771405663,-0.5796701299386128
294,10,1.0195177176137833,-0.16838575531758898
294,11,1.0315200595326577,-0.36643107127734625
294,12,1.0061034039695507,-0.2921887561843842
294,13,0.8463739401125596,-0.48583701591224215
294,14,1.0374994857461544,-0.13410015154403213
294,15,0.8469982647996653,-0.08306824832304537
294,16,1.0415708297101964,-0.36107227786403623
294,17,0.9623349496346267,-0.37777866198171567
294,18,0.8141404386872796,-0.41037319385169024
294,19,0.7818218208514112,-0.2798728995599458
295,0,0.8301468270483928,-0.33791341603199254
295,1,0.8422332632774994,-0.678714674156447
295,2,1.1126383176375456,-0.2774677809494986
295,3,1.0222620928362258,-0.2672090108649388
295,4,0.9563878264680931,-0.4553899803495098
295,5,0.8225048881407536,-0.05541199471565764
295,6,0.9666279252106404,-0.5107834579156726
295,7,0.7589994287397662,-0.5454388013499165
295,8,1.0819776013111064,-0.2197452865537047
295,9,0.9648791398237715,-0.5813038899551475
295,10,1.0230187399099986,-0.1704201006199903
295,11,1.0349825577236227,-0.3682866554357289
295,12,1.0095985518686859,-0.2941140250571892
295,13,0.8500111649558363,-0.48755838121079087
295,14,1.0409790076743226,-0.1361812495428497
295,15,0.8507227767611146,-0.08509330902057868
295,16,1.0450316819529801,-0.36291924293196604
295,17,0.9658707541426954,-0.37960707051913656
295,18,0.8178150882000712,-0.4121689554177084
295,19,0.7856318817242052,-0.28160551864061495
296,0,0.8338168938736414,-0.33977196388636793
296,1,0.8458662267188105,-0.6802256915891783
296,2,1.116035400155085,-0.2794045039624461
296,3,1.0257498631834994,-0.2691485839283552
296,4,0.9599258598620827,-0.45713468918850614
296,5,0.8263006058157123,-0.05737949561967341
296,6,0.9701516604039591,-0.5124724056508445
296,7,0.7627260735139917,-0.5470772375817997
296,8,1.0854018951088544,-0.22175113376804667
296,9,0.9683921981189945,-0.5829360218679106
296,10,1.0265162745082403,-0.17245241931947722
296,11,1.038441605115234,-0.37014039027946616
296,12,1.0130902166122773,-0.2960373752669958
296,13,0.8536447648648323,-0.48927803096071415
296,14,1.0444550623794182,-0.13826027379959965
296,15,0.8544282284903274,-0.08714435065954163
296,16,1.0484890862847154,-0.36476436794120015
296,17,0.969403035645155,-0.38143365726649003
296,18,0.8214860753301729,-0.41396292721682454
296,19,0.7894223176281623,-0.2833708557446175
297,0,0.837483303777036,-0.3416286598495955
297,1,0.8494955709791032,-0.6817352037368444
297,2,1.119429098264448,-0.2813392974781952
297,3,1.0292341587364275,-0.27108622463475207
297,4,0.9634603685334168,-0.45887765988258206
297,5,0.8300744546305419,-0.05937958799154926
297,6,0.9736718852461773,-0.5141596708533586
297,7,0.7664490056174056,-0.548714041521167
297,8,1.0888227761882998,-0.22375498191574741
297,9,0.97190175554281,-0.5845665273106677
297,10,1.0299985273048604,-0.174502882175847
297,11,1.0418972051700017,-0.3719922776641484
297,12,1.0165784016954844,-0.29795880873907954
297,13,0.8572747434767848,-0.49099596688338315
297,14,1.0479276533409754,-0.14033722639538723
297,15,0.858115525934206,-0.08921927453376818
297,16,1.0519430461662673,-0.3666076547387105
297,17,0.9729317976778226,-0.3832584240521912
297,18,0.8251534037522466,-0.41575511104480617
297,19,0.7931939630386592,-0.285166357341818
298,0,0.8411460604286563,-0.34348350578022974
298,1,0.8531212996913546,-0.6832432121104682
298,2,1.1228194153627298,-0.28327216343347605
298,3,1.0327149829827935,-0.2730219349237096
298,4,0.966991356020142,-0.4606188941764529
298,5,0.8338274523483362,-0.061409640933930885
298,6,0.9771886032610438,-0.5158452552121688
298,7,0.7701682287766667,-0.5503492148064606
298,8,1.0922402479737476,-0.2257568330026609
298,9,0.9754078156082885,-0.5861954079155564
298,10,1.0334773094533256,-0.17655130140254804
298,11,1.0453493613469846,-0.3738423194435167
298,12,1.0200631106099842,-0.29987832739679715
298,13,0.8609011044253059,-0.49271219069845335
298,14,1.051396784035061,-0.14241210940924406
298,15,0.8617855371398571,-0.0913161444052515
298,16,1.055393565055053,-0.3684491051696289
298,17,0.9764570437729925,-0.3850813727028333
298,18,0.8288170771372914,-0.4175455086956311
298,19,0.7969476325792233,-0.2869896647728284
299,0,0.8448051674949253,-0.34533650353497325
299,1,0.8567434164849228,-0.6847497182195678
299,2,1.1262063548436412,-0.28520310376308944
299,3,1.036192339406906,-0.27495571673287567
299,4,0.9705188258567802,-0.4623583938130959
299,5,0.8375605837191488,-0.06346723068666067
299,6,0.9806923767593388,-0.5175487180341911
299,7,0.7738837467147209,-0.5519827590744907
299,8,1.0956543138860908,-0.227756689032642
299,9,0.9789103818249996,-0.5878226653130876
299,10,1.0369526244359002,-0.17859767905005003
299,11,1.0487980771017946,-0.37569051746946475
299,12,1.0235443468439738,-0.3017959331615887
299,13,0.8645238513403865,-0.4944267041238665
299,14,1.0548624579342787,-0.14448492491813006
299,15,0.8654390913251689,-0.0934331732882819
299,16,1.0588406464050455,-0.3702887210772492
299,17,0.9799787774594395,-0.3869025050431899
299,18,0.8324770991526481,-0.41933412196148917
299,19,0.8006841171395519,-0.28883859876439916
300,0,0.8484606286386128,-0.34718765496867854
300,1,0.8603534255883047,-0.6862749982443285
300,2,1.1295899200975117,-0.28713212039990854
300,3,1.039666231489602,-0.2768875719979678
300,4,0.9740427815743321,-0.4640961605337519
300,5,0.8412747972815691,-0.06555012353677632
300,6,0.9841926582200438,-0.5192504830991492
300,7,0.7775955631508055,-0.5536146759604366
300,8,1.0990649773428125,-0.22975455200754866
300,9,0.9824094576990153,-0.5894483011321476
300,10,1.0404244757313779,-0.18064201716677897
300,11,1.0522433558865996,-0.3775368735920406
300,12,1.0270221138821738,-0.30371162795297946
300,13,0.8681429878483998,-0.4961395088758523
300,14,1.058324678507771,-0.1465556749969356
300,15,0.8690890042028699,-0.09554809223862946
300,16,1.0622842936667765,-0.37212650430302857
300,17,0.9834970022624225,-0.38872182289621615
300,18,0.8361334734620024,-0.421120952632784
300,19,0.804404181010593,-0.2907111451960531
301,0,0.8521124475188392,-0.3490369619343501
301,1,0.8639598367742094,-0.6877987580979479
301,2,1.1329701145112936,-0.2890592152748808
301,3,1.0431366627082508,-0.27881750265277505
301,4,0.977563226700281,-0.4658321960779271
301,5,0.8449710031992109,-0.06765626017894451
301,6,0.9876894511469436,-0.5209505521105117
301,7,0.7813036818004522,-0.5552449670978488
301,8,1.1024722417579902,-0.2317504239272436
301,9,0.9859050467329143,-0.5910723169999996
301,10,1.0438928668150853,-0.18268431779911934
301,11,1.0556852011501268,-0.37938138965944845
301,12,1.0304964152058327,-0.30562541368858176
301,13,0.8717585175721051,-0.4978506066689299
301,14,1.0617834492212241,-0.14862436171848353
301,15,0.8727352794265265,-0.09766090337333011
301,16,1.06572451028734,-0.3739624566865899
301,17,0.987011721703688,-0.39053932808305103
301,18,0.8397862037253885,-0.42290600249813476
301,19,0.80810855985859,-0.2926054420242585
302,0,0.8557606277910785,-0.3508844262831459
302,1,0.867562653652658,-0.689320999305711
302,2,1.136346941468565,-0.2909843903170302
302,3,1.0466036365367575,-0.2807455106291598
302,4,0.9810801647585957,-0.46756650218339474
302,5,0.8486500719392167,-0.06978374140882675
302,6,0.9911827590403316,-0.5226489267700491
302,7,0.7850081063754915,-0.5568736341186502
302,8,1.105876110542299,-0.2337443067895966
302,9,0.9893971524257845,-0.5926947145422851
302,10,1.0473578011588853,-0.18472458299141611
302,11,1.059123616337667,-0.3812240675180508
302,12,1.0339672542927294,-0.30753729228409704
302,13,0.8753704441306511,-0.4995599992159099
302,14,1.0652387735368711,-0.15069098715353133
302,15,0.8763779206460637,-0.09977160880730988
302,16,1.0691612997103965,-0.3757965800657233
302,17,0.9905229393014736,-0.392355022423019
302,18,0.8434352935991929,-0.4246892733443782
302,19,0.8118092483778929,-0.2944978517404197
303,0,0.8594051731071629,-0.3527300498643797
303,1,0.8711618798300735,-0.6908417233913828
303,2,1.1397204043495326,-0.29290764745345876
303,3,1.0500671564455664,-0.28267159785706
303,4,0.9845935992697349,-0.46929908058619696
303,5,0.8523254749242487,-0.07190910285638055
303,6,0.9946725853970124,-0.5243456087778364
303,7,0.788708840584056,-0.5585006786531382
303,8,1.1092765871030148,-0.23573620259048636
303,9,0.9928857782732272,-0.5943154953830254
303,10,1.0508192822311806,-0.18676281478597673
303,11,1.062558604891077,-0.38306490901237
303,12,1.0374346346171772,-0.30944726565331765
303,13,0.87897877113958,-0.5012676882278959
303,14,1.0686906549134951,-0.15275555337077304
303,15,0.8800169315077689,-0.10188021065338698
303,16,1.0725946653761755,-0.3776288762763881
303,17,0.9940306585705115,-0.3941689077336319
303,18,0.8470807467361583,-0.4264707669565702
303,19,0.8155062502728947,-0.2963883762388408
304,0,0.8630460871152859,-0.35457383452552244
304,1,0.8747575189092851,-0.6923609318772097
304,2,1.1430905065310364,-0.2948289886093488
304,3,1.0535272259016644,-0.28459576626449073
304,4,0.9880937847058083,-0.4710495639832203
304,5,0.8559972158333888,-0.0740323466490948
304,6,0.9981589337103056,-0.5260405998322538
304,7,0.7924058881305842,-0.5601261023299859
304,8,1.1126736748440182,-0.23772611332380256
304,9,0.9963709277673602,-0.5959346611446239
304,10,1.0542773134969172,-0.1887990152230732
304,11,1.0659901702487837,-0.3849039159850901
304,12,1.0408985596500273,-0.3113553357081288
304,13,0.8825835022108305,-0.5029736754142864
304,14,1.0721390968064326,-0.15481806243684149
304,15,0.8836523156542957,-0.10398671102227394
304,16,1.0760246107214795,-0.37945934715271457
304,17,0.9975348830220322,-0.3959809858305907
304,18,0.8507225667853868,-0.42825048511798763
304,19,0.8191995692442978,-0.29827701741193857
305,0,0.8666833734600058,-0.35641578211220437
305,1,0.878349574489531,-0.6938786262839208
305,2,1.1464572513865519,-0.2967484157079647
305,3,1.0569838483685843,-0.2865180177775466
305,4,0.9915904816783,-0.4727983027590821
305,5,0.8596652983420533,-0.07615347491233863
305,6,1.0016418074700493,-0.5277339016299891
305,7,0.7960898216237058,-0.5617711910380657
305,8,1.1160673771657972,-0.23971404098144777
305,9,0.9998526043968217,-0.597552213447867
305,10,1.0577318984175879,-0.1908331863409442
305,11,1.0694183158457875,-0.38674109027705894
305,12,1.044359032858672,-0.3132615043585105
305,13,0.886184640952742,-0.5046779624827761
305,14,1.0755841026675772,-0.15687851641631026
305,15,0.887284076724667,-0.1060911120225797
305,16,1.079451139179687,-0.38128799452700585
305,17,1.0010356161637677,-0.39779125852778735
305,18,0.8543607573923439,-0.4300284296101301
305,19,0.8228779536174382,-0.3001856274192705
306,0,0.8703170357822498,-0.3582558944682169
306,1,0.8819380501664623,-0.6953948081307298
306,2,1.1498206422861939,-0.2986659306706548
306,3,1.0604370273064085,-0.2884383543204032
306,4,0.9950836936874069,-0.47454529866427153
306,5,0.8633297261219964,-0.0782724897693635
306,6,1.0051212101626035,-0.529425515866039
306,7,0.7997700834522355,-0.5634146401362092
306,8,1.119457697465451,-0.24169998755333955
306,9,1.0033308116467732,-0.5991681539119263
306,10,1.0611830404512352,-0.19286533017579702
306,11,1.0728430451136655,-0.38857643372728984
306,12,1.0478160577070483,-0.3151657735125395
306,13,0.889782190970058,-0.5063805511393581
306,14,1.0790256759453833,-0.15893691737169582
306,15,0.8909122183542795,-0.10819341576081173
306,16,1.0828640578242694,-0.3831337991711049
306,17,1.0045328614999554,-0.3995997276373066
306,18,0.8579953221988619,-0.43180460221272177
306,19,0.8265526718273071,-0.3020923351577804
307,0,0.8739470777193177,-0.3600941734355142
307,1,0.8855229495321467,-0.6969094789353362
307,2,1.15318068259672,-0.3005815354168535
307,3,1.0638867661717728,-0.29035677781531927
307,4,0.9985734242298377,-0.4762905534475333
307,5,0.866990502841314,-0.08038939334130536
307,6,1.0085971452708538,-0.5311154442337112
307,7,0.8034466773001191,-0.5650564512695107
307,8,1.122844639136694,-0.24368395502741236
307,9,1.0068055529989037,-0.6007824841543598
307,10,1.064630743052456,-0.1948954487618096
307,11,1.076264361480575,-0.3904099481729633
307,12,1.0512696376556416,-0.317068145076391
307,13,0.8933761558639295,-0.5080814430883253
307,14,1.082463820084869,-0.16099326736345956
307,15,0.8945367441749063,-0.11029362434137814
307,16,1.0862735749919394,-0.38497776419857804
307,17,1.0080266225313412,-0.4014063949694278
307,18,0.8616262648431438,-0.4335790047037132
307,19,0.830223727552301,-0.30399714253608456
308,0,0.8775735029048848,-0.3619306208542154
308,1,0.889104276175072,-0.6984226402139267
308,2,1.1565267440522076,-0.3025137608938297
308,3,1.0673330684178688,-0.29227329018263865
308,4,1.0020596767988161,-0.47803406885586913
308,5,0.870647632164447,-0.08250418774718678
308,6,1.0120696162742147,-0.5328036884246253
308,7,0.8071196068476305,-0.5666966260814245
308,8,1.1262282055698578,-0.24566594538961958
308,9,1.0102768319314328,-0.6023952057911134
308,10,1.0680750096724039,-0.19692354413113267
308,11,1.079682268371257,-0.3922416354494292
308,12,1.0512696376556416,-0.317068145076391
308,13,0.8969665392319189,-0.5097806400322722
308,14,1.0858985385276203,-0.16304756845000984
308,15,0.8981576578147012,-0.11239173986658978
308,16,1.0896796940956273,-0.38681989145523604
308,17,1.0115169027551836,-0.4032112623326267
308,18,0.8652535889597667,-0.43535163885928296
308,19,0.8338911244671503,-0.30590005146089705
309,0,0.8811963149690063,-0.3637652385626061
309,1,0.8926820336801498,-0.6999342934811776
309,2,1.159869470667479,-0.3044440606251753
309,3,1.0707650950307346,-0.2942072617595398
309,4,1.0055424548840846,-0.47977584663453965
309,5,0.8743011177521854,-0.084616875103919
309,6,1.015538626648633,-0.5344902501287156
309,7,0.8107888757713759,-0.5683351662137673
309,8,1.1296084001518958,-0.24764596062393554
309,9,1.013744651919114,-0.6040063204365232
309,10,1.0715158437587933,-0.19894961831389169
309,11,1.08309676920704,-0.3940714973902082
309,12,1.0512696376556416,-0.317068145076391
309,13,0.9005533446680036,-0.5114781436720967
309,14,1.0893298347117935,-0.16509982268770404
309,15,0.9017749628982027,-0.11448776443666236
309,16,1.0930824185448615,-0.38866018278505016
309,17,1.0150037056652563,-0.40501433153357735
309,18,0.8688772981796857,-0.43712250645383965
309,19,0.837554866242923,-0.3078010638370316
310,0,0.8848155175381207,-0.3655980283971405
310,1,0.8962562256287188,-0.7014444402502551
310,2,1.1632088657886068,-0.30637243654312235
310,3,1.0741937010866855,-0.29613930582812115
310,4,1.009021761971907,-0.48151588852706617
310,5,0.8779509632616721,-0.08672745752630417
310,6,1.0190041798665916,-0.5361751310342321
310,7,0.8144544877442972,-0.5699720733067195
310,8,1.132985226266386,-0.24962400271235743
310,9,1.0172090164332386,-0.6056158297033166
310,10,1.0749532487559024,-0.20097367333818889
310,11,1.0865078674058422,-0.39589953582699394
310,12,1.0512696376556416,-0.317068145076391
310,13,0.9041365757625792,-0.5131739557070014
310,14,1.0927577120721192,-0.1671500321308507
310,15,0.9053886630463365,-0.11658170014971854
310,16,1.0964817517457726,-0.3904986400301538
310,17,1.0184870347518524,-0.4068156043771537
310,18,0.8724973961302374,-0.43889160926002346
310,19,0.8412149565470282,-0.3097001815674035
311,0,0.8884311142350533,-0.36742899219244296
311,1,0.8998268555985486,-0.7029530820328177
311,2,1.1665449327583288,-0.30829889057797694
311,3,1.07761889001776,-0.2980694243223606
311,4,1.0124976015450735,-0.4832541962752323
311,5,0.8815971723464059,-0.08883593712703736
311,6,1.0224662793971127,-0.5378583328277421
311,7,0.8181164464356755,-0.5716073489988266
311,8,1.1363586872935347,-0.25160007363490733
311,9,1.0206699289416388,-0.607223735202614
311,10,1.0783872281045768,-0.20299571123010535
311,11,1.0899155663821765,-0.3977257525896547
311,12,1.0512696376556416,-0.317068145076391
311,13,0.9077162361024637,-0.5148680778344961
311,14,1.0961821740399065,-0.16919819883171144
311,15,0.9089987618764199,-0.11867354910179002
311,16,1.0998776971010964,-0.3923352650308444
311,17,1.021966893501788,-0.4086150826664317
311,18,0.8761138864351431,-0.44065894904870806
311,19,0.8448713990432198,-0.31159740655303136
312,0,0.8920431086790199,-0.36925813178131006
312,1,0.9033939271638434,-0.7044602203390172
312,2,1.1698776749160513,-0.31022342465812147
312,3,1.081040665252575,-0.2999976191743088
312,4,1.015969977082903,-0.4849907716190858
312,5,0.8852397486562457,-0.0909423160167087
312,6,1.025924928705761,-0.5395398571941323
312,7,0.821774755511135,-0.5732409949270012
312,8,1.13972878661018,-0.25357417536963417
312,9,1.0241273929086916,-0.6088300385439301
312,10,1.0818177852422335,-0.205015734013703
312,11,1.0933198695471529,-0.39955014950623524
312,12,1.0512696376556416,-0.317068145076391
312,13,0.9112923292709004,-0.5165605117503985
312,14,1.099603224043045,-0.17124432484050317
312,15,0.9126052630021656,-0.12076331338681967
312,16,1.1032702580101776,-0.39417005962558554
312,17,1.0254432853984048,-0.41041276820269085
312,18,0.8797267727145134,-0.44242452758900225
312,19,0.8485241973916005,-0.31349274069303934
313,0,0.8956515044856306,-0.37108544899471235
313,1,0.9069574438952452,-0.7059658566775007
313,2,1.1732070955978526,-0.3121460407100165
313,3,1.0844590302163313,-0.30192389231409056
313,4,1.0194388920612465,-0.48672561629694033
313,5,0.888878695837414,-0.09304659630380555
313,6,1.0293801312546482,-0.5412197058166104
313,7,0.8254294186326467,-0.5748730127265246
313,8,1.1430955275897943,-0.2555463098926157
313,9,1.0275814117953217,-0.6104347413351764
313,10,1.0852449236028634,-0.20703374371102662
313,11,1.0967207803084822,-0.4013727284029587
313,12,1.0512696376556416,-0.317068145076391
313,13,0.9148648588475624,-0.5182512591488367
313,14,1.1030208655060088,-0.17328841220540003
313,15,0.9162081700336847,-0.12285099509666358
313,16,1.1066594378689731,-0.39600302565100837
313,17,1.0289162139215746,-0.4122086627854162
313,18,0.8833360585848509,-0.44418834664825196
313,19,0.8521733552486249,-0.3153861858846588
314,0,0.8992563052668929,-0.3729109456617961
314,1,0.9105174093598379,-0.7074699925554114
314,2,1.176533198136486,-0.31406674065820256
314,3,1.0878739883308155,-0.30384824566990726
314,4,1.0229043499524915,-0.4884587320453771
314,5,0.8925140175325004,-0.09514878009471452
314,6,1.0328318905024354,-0.5428978803767063
314,7,0.829080439458532,-0.576503404031048
314,8,1.1464589136024887,-0.2575164791779605
314,9,1.0310319890590054,-0.6120378451826619
314,10,1.0886686466170354,-0.2090497423421059
314,11,1.0967207803084822,-0.4013727284029587
314,12,1.0512696376556416,-0.317068145076391
314,13,0.9148648588475624,-0.5182512591488367
314,14,1.1064351018498606,-0.17533046297253546
314,15,0.9198074865774907,-0.1249365963210932
314,16,1.1100452400700551,-0.39783416494191365
314,17,1.0323856825477022,-0.41400276821229987
314,18,0.8869417476590543,-0.4459504079920418
314,19,0.8558188762671037,-0.31727774402323017
315,0,0.9028575146312162,-0.3747346236098853
315,1,0.9140738271211505,-0.708972629478391
315,2,1.1798559858613833,-0.31598552642530214
315,3,1.091285543014404,-0.30577068116803846
315,4,1.0263663542255648,-0.49019012059924666
315,5,0.8925140175325004,-0.09514878009471452
315,6,1.036280209904337,-0.5445743825542745
315,7,0.8327278216434665,-0.5781321704725949
315,8,1.149818948015016,-0.25948468519781004
315,9,1.0344791281537737,-0.6136393516910951
315,10,1.0920889577118997,-0.21106373192495748
315,11,1.0967207803084822,-0.4013727284029587
315,12,1.0512696376556416,-0.317068145076391
315,13,0.9148648588475624,-0.5182512591488367
315,14,1.1098459364922544,-0.1773704791860043
315,15,0.9234032162365029,-0.1270201191477974
315,16,1.113427668002615,-0.3996634793312736
315,17,1.0358516947497294,-0.4157950862792432
315,18,0.8869417476590543,-0.4459504079920418
315,19,0.859460764096207,-0.319167417002205
316,0,0.9064551361834144,-0.3765564846644833
316,1,0.9176267007391604,-0.7104737689505805
316,2,1.1831754620986583,-0.31790239993202174
316,3,1.0946936976820663,-0.307691200732844
316,4,1.0298249083459359,-0.49191978369167066
316,5,0.8925140175325004,-0.09514878009471452
316,6,1.039725092912124,-0.5462492140274953
316,7,0.8363715688384831,-0.579759313681562
316,8,1.153175634190774,-0.2614509299223404
316,9,1.0379228325302166,-0.6152392624635855
316,10,1.095505860311191,-0.21307571447558687
316,11,1.0967207803084822,-0.4013727284029587
316,12,1.0512696376556416,-0.317068145076391
316,13,0.9148648588475624,-0.5182512591488367
316,14,1.1098459364922544,-0.1773704791860043
316,15,0.9269953626100503,-0.1291015656623846
316,16,1.1168067250524665,-0.40149097065023376
316,17,1.0393142539971374,-0.4175856187803584
316,18,0.8869417476590543,-0.4459504079920418
316,19,0.8630990223814681,-0.3210552067131479
317,0,0.9100491735247104,-0.37837653064927496
317,1,0.9211760337702978,-0.7119734124746219
317,2,1.1864916301711101,-0.3198173630971536
317,3,1.0980984557453686,-0.3096098062867659
317,4,1.033280015775621,-0.4936477230540436
317,5,0.8925140175325004,-0.09514878009471452
317,6,1.0431665429741277,-0.5479223764728766
317,7,0.8400116846909764,-0.5813848352867212
317,8,1.1565289754898085,-0.2634152153197646
317,9,1.0413631056354853,-0.6168375791016455
317,10,1.098919357835232,-0.21508569200799063
317,11,1.0967207803084822,-0.4013727284029587
317,12,1.0512696376556416,-0.317068145076391
317,13,0.9148648588475624,-0.5182512591488367
317,14,1.1098459364922544,-0.1773704791860043
317,15,0.930583929293875,-0.13118093794838476
317,16,1.120182414602049,-0.4033166407281147
317,17,1.0427733637559518,-0.4193743675079702
317,18,0.8869417476590543,-0.4459504079920418
317,19,0.866733654764787,-0.3229411150457382
318,0,0.9136396302527389,-0.38019476338612795
318,1,0.9247218297674484,-0.7134715615516598
318,2,1.1898044933982261,-0.3217304178375777
318,3,1.101499820612477,-0.3115264997503301
318,4,1.036731679973186,-0.4953739404160344
318,5,0.8925140175325004,-0.09514878009471452
318,6,1.0466045635352432,-0.5495938715652556
318,7,0.8436481728447061,-0.5830087369152214
318,8,1.1598789752688177,-0.26537754335633407
318,9,1.0447999509132966,-0.6184343032051915
318,10,1.1023294537009374,-0.2170936665341582
318,11,1.0967207803084822,-0.4013727284029587
318,12,1.0512696376556416,-0.317068145076391
318,13,0.9148648588475624,-0.5182512591488367
318,14,1.1098459364922544,-0.1773704791860043
318,15,0.9341689198801357,-0.13325823808725162
318,16,1.123554740030431,-0.405140491392414
318,17,1.0462290274887445,-0.4211613342526178
318,18,0.8869417476590543,-0.4459504079920418
318,19,0.8703646648844345,-0.3248251438877719
319,0,0.9172265099615506,-0.38201118469509504
319,1,0.9282640922799578,-0.7149682176813431
319,2,1.1931140550961858,-0.32364156606826383
319,3,1.101499820612477,-0.3115264997503301
319,4,1.0401799043937503,-0.4970984375055884
319,5,0.8925140175325004,-0.09514878009471452
319,6,1.0500391580369322,-0.5512637009778008
319,7,0.8472810369398002,-0.5846310201925896
319,8,1.1632256368811547,-0.2673379159963412
319,9,1.048233371803936,-0.6200294363725461
319,10,1.1057361513218162,-0.2190996400640741
319,11,1.0967207803084822,-0.4013727284029587
319,12,1.0512696376556416,-0.317068145076391
319,13,0.9148648588475624,-0.5182512591488367
319,14,1.1098459364922544,-0.1773704791860043
319,15,0.9377503379574116,-0.13533346815836467
319,16,1.1269237047133138,-0.40696252446880793
319,17,1.0496812486546383,-0.4229465208030567
319,18,0.8869417476590543,-0.4459504079920418
319,19,0.8739920563750552,-0.32670729512516383
320,0,0.9208098162416157,-0.3838257963944158
320,1,0.9318028248536339,-0.7164633823618259
320,2,1.1964203185778637,-0.3255508097022731
320,3,1.101499820612477,-0.3115264997503301
320,4,1.0436246924889896,-0.4988212160489289
320,5,0.8925140175325004,-0.09514878009471452
320,6,1.0534703299172272,-0.5529318663820129
320,7,0.8509102806127593,-0.586251686742733
320,8,1.166568963676831,-0.269296335202121
320,9,1.0516633717442614,-0.621622980200439
320,10,1.1091394541079764,-0.22110361460571976
320,11,1.0967207803084822,-0.4013727284029587
320,12,1.0512696376556416,-0.317068145076391
320,13,0.9148648588475624,-0.5182512591488367
320,14,1.1098459364922544,-0.1773704791860043
320,15,0.9413281871107055,-0.1374066302390312
320,16,1.1302893120230342,-0.4087827417811534
320,17,1.05313003070931,-0.42472992894626044
320,18,0.8869417476590543,-0.4459504079920418
320,19,0.8776158328676714,-0.32858757064194916
321,0,0.9243895526798274,-0.3856386003005182
321,1,0.9353380310307516,-0.7179570570897696
321,2,1.1997232871528325,-0.3274581506507604
321,3,1.101499820612477,-0.3115264997503301
321,4,1.0470660477071405,-0.5005422777705588
321,5,0.8925140175325004,-0.09514878009471452
321,6,1.0568980826107348,-0.554598369447727
321,7,0.8545359074964599,-0.5878707381879403
321,8,1.16990895900252,-0.2712528029340529
321,9,1.055089954167706,-0.6232149362840091
321,10,1.112539365466127,-0.22310559216507567
321,11,1.0967207803084822,-0.4013727284029587
321,12,1.0512696376556416,-0.317068145076391
321,13,0.9148648588475624,-0.5182512591488367
321,14,1.1098459364922544,-0.1773704791860043
321,15,0.9449024709214482,-0.13947772640448858
321,16,1.1336515653285684,-0.41060114515148977
321,17,1.0565753771049942,-0.4265115604674222
321,18,0.8869417476590543,-0.4459504079920418
321,19,0.8812359979896872,-0.3304659723202856
322,0,0.9279657228595052,-0.3874495982280209
322,1,0.9388697143500558,-0.7194492433603441
322,2,1.2030229641273673,-0.32936359082297584
322,3,1.101499820612477,-0.3115264997503301
322,4,1.0505039734930028,-0.5022616243932627
322,5,0.8925140175325004,-0.09514878009471452
322,6,1.0603224195486387,-0.5562632118431146
322,7,0.8581579212201581,-0.5894881761488838
322,8,1.1732456262015603,-0.27320732115056306
322,9,1.0585131225042819,-0.6248053062168062
322,10,1.1159358887995832,-0.22510557474612336
322,11,1.0967207803084822,-0.4013727284029587
322,12,1.0512696376556416,-0.317068145076391
322,13,0.9148648588475624,-0.5182512591488367
322,14,1.1098459364922544,-0.1773704791860043
322,15,0.9484731929675011,-0.141546758727906
322,16,1.1370104679955353,-0.41241773640004054
322,17,1.060007371457881,-0.42831047064650396
322,18,0.8869417476590543,-0.4459504079920418
322,19,0.8848525553648914,-0.33234250204045496
323,0,0.931538330360399,-0.38925879198973445
323,1,0.942397878346765,-0.7209399426672292
323,2,1.2063193528044478,-0.3312671321262669
323,3,1.101499820612477,-0.3115264997503301
323,4,1.0539384732879435,-0.5039792576381082
323,5,0.8925140175325004,-0.09514878009471452
323,6,1.0637433441587036,-0.5579263952346842
323,7,0.8617763254094932,-0.5911040022446203
323,8,1.176578968613959,-0.27515989180812617
323,9,1.061932880180584,-0.626394091590792
323,10,1.1193290275082677,-0.22710356435084733
323,11,1.1002682503652437,-0.4028806366010798
323,12,1.0512696376556416,-0.317068145076391
323,13,0.9148648588475624,-0.5182512591488367
323,14,1.1098459364922544,-0.1773704791860043
323,15,0.9520403568231606,-0.14361372928038693
323,16,1.1403660233861999,-0.4142325173452154
323,17,1.0634359453181454,-0.43010758794414033
323,18,0.8869417476590543,-0.4459504079920418
323,19,0.8884655086134613,-0.33421716168086546
324,0,0.9351073787586924,-0.39106618339666366
324,1,0.9459225265525748,-0.7224291565026164
324,2,1.2096124564837625,-0.3331687764660803
324,3,1.101499820612477,-0.3115264997503301
324,4,1.0573695505299006,-0.505695179224448
324,5,0.8962798812111908,-0.09699753373515993
324,6,1.0671608598652784,-0.5595879212872844
324,7,0.8653911236864914,-0.5927182180925935
324,8,1.1799089895763952,-0.27711051686126736
324,9,1.0653492306197936,-0.6279812939963422
324,10,1.1227187849887157,-0.22909956297923717
324,11,1.103795493102539,-0.4044258341519249
324,12,1.0512696376556416,-0.317068145076391
324,13,0.9185039319472972,-0.5197834546582241
324,14,1.1098459364922544,-0.1773704791860043
324,15,0.9556039660591611,-0.1456786401309709
324,16,1.143718234859476,-0.4160454898036118
324,17,1.0668611021177934,-0.4319029141592476
324,18,0.8869417476590543,-0.4459504079920418
324,19,0.8920748613519668,-0.3360899531180532
325,0,0.9386728716270064,-0.39287177425800907
325,1,0.9494436624956615,-0.7239168863572103
325,2,1.2129022784617112,-0.33506852574596385
325,3,1.101499820612477,-0.3115264997503301
325,4,1.0607972086533854,-0.5074093908699211
325,5,0.9000222681170327,-0.09888416961789766
325,6,1.0705749700892995,-0.5612477916641041
325,7,0.8690023196695692,-0.5943308253086349
325,8,1.1832356924222232,-0.2790591982625642
325,9,1.0687621772416802,-0.6295669150222479
325,10,1.1261051646340778,-0.23109357262928945
325,11,1.1073032076062617,-0.4060056333686832
325,12,1.0512696376556416,-0.317068145076391
325,13,0.9221266791321453,-0.5213439884846628
325,14,1.1133915984267126,-0.17915717488763205
325,15,0.959164024242679,-0.14774149334663567
325,16,1.1470671057709312,-0.41785665559001695
325,17,1.07028284528541,-0.433696451088949
325,18,0.8906069769948839,-0.44757517375091754
325,19,0.8956806171933736,-0.33796087822668425
326,0,0.9422348125344028,-0.39467556638116885
326,1,0.9529612897006855,-0.7254031337202298
326,2,1.216188822031409,-0.3369663818675685
326,3,1.101499820612477,-0.3115264997503301
326,4,1.0642214510894874,-0.5091218942904551
326,5,0.9037421924614841,-0.10080569696448466
326,6,1.0739856782482946,-0.5629060080266753
326,7,0.8726099169735374,-0.595941825506966
326,8,1.1865590804814756,-0.28100593796264867
326,9,1.0721717234626071,-0.6311509562557175
326,10,1.1294881698341237,-0.23308559529700978
326,11,1.1107920971075764,-0.4076175381645085
326,12,1.0512696376556416,-0.317068145076391
326,13,0.9257337240840594,-0.5229307798691427
326,14,1.1169152312246835,-0.18097840879161367
326,15,0.962720534937336,-0.14980229099229936
326,16,1.1504126394727883,-0.41966601651740965
326,17,1.0737011782461638,-0.43548820052857684
326,18,0.8942556015879989,-0.44922726654873985
326,19,0.8992827797470466,-0.3398299388795565
327,0,0.945793205046388,-0.39647756157174074
327,1,0.9564754116887952,-0.7268879000794101
327,2,1.2194720904826895,-0.3388623467306501
327,3,1.101499820612477,-0.3115264997503301
327,4,1.0676422812658763,-0.5108326912002676
327,5,0.9074406495810082,-0.1027593578364065
327,6,1.0773929877563861,-0.5645625720348743
327,7,0.8762139192096045,-0.5975512203001994
327,8,1.1898791570808676,-0.28295073791020914
327,9,1.0755778726955334,-0.6327334192823777
327,10,1.1328678039752447,-0.23507563297641482
327,11,1.1142628624125468,-0.40925923000113795
327,12,1.0512696376556416,-0.317068145076391
327,13,0.9293256780976493,-0.5245418968552064
327,14,1.1204177349231244,-0.18283157978054973
327,15,0.9662735017032029,-0.15186103513082244
327,16,1.1537548393139296,-0.4214735743969619
327,17,1.0771161044218094,-0.437278164271674
327,18,0.8978882901923201,-0.45090464005500547
327,19,0.9028813526187544,-0.34169713694760145
328,0,0.949337735571915,-0.3982979916400456
328,1,0.9599860319776303,-0.7283711869210037
328,2,1.2227520871021074,-0.3407564222330713
328,3,1.1050447078284378,-0.31315327702325924
328,4,1.0710597026068067,-0.5125417833118681
328,5,0.911118610023125,-0.10474260824666887
328,6,1.0807969020242942,-0.5662174853469231
328,7,0.8798143299853801,-0.599159011299341
328,8,1.1931959255437985,-0.2848936000519923
328,9,1.0789806283500176,-0.6343143056862757
328,10,1.1362440704404577,-0.23706368765953423
328,11,1.1177161965844853,-0.4109285548354097
328,12,1.0548187354667542,-0.3187767026549805
328,13,0.9329031371844527,-0.5261755452393987
328,14,1.123899994110119,-0.1847142796394091
328,15,0.9698229280968029,-0.15391772782300983
328,16,1.1570937086399007,-0.423279331038041
328,17,1.0805276272306912,-0.43906634410999595
328,18,0.9015056939312128,-0.4526053965844921
328,19,0.9064763394106716,-0.34356247429988623
329,0,0.9528787333931447,-0.40011660735209675
329,1,0.963493154081325,-0.7298529957297822
329,2,1.2260288151729426,-0.34264861027080357
329,3,1.1085687305366456,-0.31481577489644125
329,4,1.0744737185331208,-0.5142491723360593
329,5,0.9147770150816844,-0.10675310081292864
329,6,1.0841974244593404,-0.5678707496193917
329,7,0.8834111529048791,-0.6007652001137912
329,8,1.196509389190357,-0.28683452633280504
329,9,1.0823799938322216,-0.6358936170498801
329,10,1.139616972609409,-0.2390497613364127
329,11,1.121152780688263,-0.4126235110101673
329,12,1.0583489078619759,-0.32051521645948267
329,13,0.9364666798639367,-0.5278300583535983
329,14,1.1273628731077863,-0.18662427813736351
329,15,0.9733688176711153,-0.1559723711276129
329,16,1.160429250792913,-0.425083288248211
329,17,1.083935750087747,-0.44085274183351253
329,18,0.9051084439259872,-0.45432777585282824
329,19,0.9100677437213838,-0.3454259528036154
330,0,0.9564162020546192,-0.4019334105283303
330,1,0.9669967815105119,-0.7313333279890378
330,2,1.229302277975203,-0.34453891273792897
330,3,1.1120726709820565,-0.3165113723948268
330,4,1.0778843324622516,-0.5159548599819394
330,5,0.9147770150816844,-0.10675310081292864
330,6,1.0875945584654507,-0.5695223665071992
330,7,0.8870043915685248,-0.6023697883513466
330,8,1.1998195513373238,-0.2887735186955165
330,9,1.0857759725449136,-0.6374713549540834
330,10,1.1429865138583768,-0.24103385599511196
330,11,1.1245732804326227,-0.4143422380340159
330,12,1.0618609207630403,-0.32228146111216543
330,13,0.9400168655288698,-0.5295038876215081
330,14,1.130807212270695,-0.18855950926772108
330,15,0.9769111739755789,-0.15802496710133163
330,16,1.1637614691118474,-0.42688544783323495
330,17,1.087340476404511,-0.4426373592304096
330,18,0.908697149564711,-0.4560701446020045
330,19,0.9136555691458901,-0.3472875743241327
331,0,0.9599501450973482,-0.403748402987368
331,1,0.9704969177723257,-0.7328121851805844
331,2,1.2325724787856283,-0.3464273315266421
331,3,1.1155573064921878,-0.3182376383775924
331,4,1.0812915478082272,-0.5176588479569034
331,5,0.9147770150816844,-0.10675310081292864
331,6,1.0909883074431599,-0.5711723376636157
331,7,0.8905940495731526,-0.6039727776182016
331,8,1.2031264152981742,-0.29071057908105985
331,9,1.0891685678874716,-0.6390475209782025
331,10,1.1463526975602754,-0.24301597362171268
331,11,1.1279783435697635,-0.4160830061939531
331,12,1.0653555228764438,-0.3240733727017388
331,13,0.9435635141046137,-0.5311760492348312
331,14,1.1342338252158872,-0.190518058567355
331,15,0.980450000556096,-0.1600755177988166
331,16,1.1670903669322579,-0.4286858115970763
331,17,1.0907418095891175,-0.4444201980870909
331,18,0.9122822799088601,-0.4578107774936981
331,19,0.9172398192756074,-0.34914734072492315
332,0,0.9634805660588123,-0.4055615865460192
332,1,0.9739935663704061,-0.7342895687847596
332,2,1.2358394208776924,-0.34831386852725216
332,3,1.1190234038247033,-0.31999231729806926
332,4,1.0846953679816735,-0.519361137966645
332,5,0.9147770150816844,-0.10675310081292864
332,6,1.094378674789614,-0.5728206647402642
332,7,0.8941801305120136,-0.6055741695189498
332,8,1.2064299843830821,-0.29264570942843454
332,9,1.0925577832558868,-0.6406221166999813
332,10,1.1497155270846577,-0.24499611620031655
332,11,1.1313685979315584,-0.4178442069456144
332,12,1.0688334425152848,-0.3258890365569615
332,13,0.9471066291413672,-0.5328465448674029
332,14,1.137643496828019,-0.19249815143869253
332,15,0.9839853009550354,-0.16212402527267109
332,16,1.1704159475863742,-0.430484381341901
332,17,1.0941397530463046,-0.44620126018817985
332,18,0.9158638385471534,-0.4595496762702842
332,19,0.9208204976983735,-0.3510052538676147
333,0,0.9670074684729661,-0.40737296301928233
333,1,0.9774867308049019,-0.7357654802804258
333,2,1.239103107521608,-0.3501985256281844
333,3,1.1224717146805463,-0.32177331601769293
333,4,1.088095796389818,-0.521061731715158
333,5,0.9147770150816844,-0.10675310081292864
333,6,1.097765663898574,-0.5744673493871213
333,7,0.8977626379747784,-0.6071739656565864
333,8,1.2097302618989236,-0.2945789116747079
333,9,1.0959436220427672,-0.6421951436955916
333,10,1.1530750057977197,-0.24697428571304827
333,11,1.1347446499991178,-0.41962434402740795
333,12,1.0722953852095818,-0.32772667596076843
333,13,0.950646214185792,-0.534515376191391
333,14,1.1410369819066464,-0.19449814240006968
333,15,0.9875170787112364,-0.16417049157345306
333,16,1.173738214403106,-0.43228115886807905
333,17,1.0975343101774169,-0.4479805473165214
333,18,0.9194418290647346,-0.4612868426724022
333,19,0.924397607998451,-0.3528613156119803
334,0,0.9705308558702426,-0.409182534220347
334,1,0.980976414572474,-0.7372399211449717
334,2,1.2423635419843282,-0.3520813047159824
334,3,1.1259029721991096,-0.3235786916099839
334,4,1.0914928364364924,-0.5227606309047386
334,5,0.9147770150816844,-0.10675310081292864
334,6,1.1011492781604193,-0.5761123932525203
334,7,0.9013415755475405,-0.6087721676325087
334,8,1.21302725114928,-0.29651018775501725
334,9,1.0993260876373407,-0.643766603539635
334,10,1.1564311370623028,-0.24895048414005744
334,11,1.138107083917381,-0.42142202524691996
334,12,1.0757420319742106,-0.329584641738557
334,13,0.9541822727810161,-0.5361825448772973
334,14,1.144415004342841,-0.19651650519370448
334,15,0.9910453373600119,-0.16621491874967734
334,16,1.1770571707080457,-0.4340761459741866
334,17,1.1009254843804095,-0.4497580612531838
334,18,0.9230162550431757,-0.46302227843895744
334,19,0.9279711537565309,-0.35471552781593957
335,0,0.9740507317775559,-0.4109903019605958
335,1,0.9844626211662993,-0.7387128928543143
335,2,1.2456207275295514,-0.35396220767531006
335,3,1.129317888278385,-0.325406640090298
335,4,1.0948864915221375,-0.5244578372359864
335,5,0.9147770150816844,-0.10675310081292864
335,6,1.104529520962151,-0.5777557979831515
335,7,0.9049169468128199,-0.6103687770465186
335,8,1.21632095543444,-0.29843953960257186
335,9,1.1027051834254586,-0.6453364978051443
335,10,1.1597839242378976,-0.2509247134595206
335,11,1.1414661678883196,-0.4232179154610061
335,12,1.0791740381230361,-0.33146140265680424
335,13,0.9577148084666376,-0.5378480525939594
335,14,1.1477782567295556,-0.19855182368442273
335,15,0.9945700804331522,-0.16825730884781748
335,16,1.1803728198234718,-0.4358693444570075
335,17,1.104313279049851,-0.4515338037774601
335,18,0.9265871200604807,-0.46475598530712275
335,19,0.931541138549736,-0.3565678923355607
336,0,0.9775670997183054,-0.41279626804960606
336,1,0.9879453540760741,-0.7401843968828996
336,2,1.2488746674177233,-0.35584123638895293
336,3,1.1327171515858407,-0.3272554860081189
336,4,1.0982767650438052,-0.5261533524078067
336,5,0.9147770150816844,-0.10675310081292864
336,6,1.1079063956873958,-0.5793975652240647
336,7,0.9084887553495667,-0.6119637954968236
336,8,1.2196113780514057,-0.30036696914865485
336,9,1.1060809127895992,-0.6469048280635853
336,10,1.1631333706806473,-0.2528969756476433
336,11,1.14482190527438,-0.42501201646735426
336,12,1.0825920325344935,-0.3333555365712428
336,13,0.9612438247787283,-0.5395119010085521
336,14,1.1511381571351162,-0.20058511367759202
336,15,0.9980913114589287,-0.170297663912308
336,16,1.1836851650683522,-0.4376607561115351
336,17,1.1076976975769275,-0.45330777666687044
336,18,0.9301544276910889,-0.4664879650123404
336,19,0.9351075659516245,-0.3584184110250624
337,0,0.9810799632123787,-0.41460043429515153
337,1,0.9914246167880174,-0.7416544347037046
337,2,1.252125364906041,-0.3577183927378207
337,3,1.1361014261454352,-0.3291236728406192
337,4,1.1016636603951628,-0.5278471781174119
337,5,0.9147770150816844,-0.10675310081292864
337,6,1.1112799057164082,-0.5810376966186707
337,7,0.9120570047331649,-0.6135572245800386
337,8,1.2228985222938928,-0.30229247832262507
337,9,1.109453279108871,-0.648471595884858
337,10,1.166479479743351,-0.2548672726786619
337,11,1.1481742994346587,-0.4268043300618613
337,12,1.0860066205175993,-0.3352477827612759
337,13,0.9647693252498368,-0.5411740917865892
337,14,1.1544947089227866,-0.20261637720853765
337,15,1.001609033962097,-0.17233598598554634
337,16,1.1869942097583477,-0.4394503827309743
337,17,1.111078743349445,-0.45507998169716335
337,18,0.9337181815058788,-0.4682182192883238
337,19,0.9386704395321939,-0.3602670857368157
338,0,0.9845893257761557,-0.41640280250320444
338,1,0.9949004127848746,-0.7431230077882386
338,2,1.2553728232484562,-0.3595936786009486
338,3,1.1394713504030836,-0.33100975412879424
338,4,1.1050471809664957,-0.5295393160603231
338,5,0.9147770150816844,-0.10675310081292864
338,6,1.1146500544260753,-0.5826761938087424
338,7,0.9156216985354355,-0.6151490658911879
338,8,1.2261823914523362,-0.30421606905191906
338,9,1.1128222857590155,-0.6500368028372987
338,10,1.1698222547754675,-0.2568356065248456
338,11,1.1515233537249052,-0.42859485803863484
338,12,1.0894178054903594,-0.33713814312104395
338,13,0.9682913134089928,-0.5428346265919254
338,14,1.1578479154524786,-0.20464561631055636
338,15,1.005123251463901,-0.17437227710789488
338,16,1.1902999572058155,-0.4412382261067431
338,17,1.1144564197518334,-0.45685042064231784
338,18,0.9372783850721714,-0.46994674986705914
338,19,0.942229762857884,-0.3621139183213458
339,0,0.9880951909225117,-0.41820337447793715
339,1,0.9983727455459209,-0.7445901176065447
339,2,1.2586170456956776,-0.36146709585549974
339,3,1.1428379174135226,-0.33289395643077935
339,4,1.1084273301447114,-0.5312297679303721
339,5,0.9185477107056543,-0.1085344579552662
339,6,1.1180168451899193,-0.5843130584344172
339,7,0.9191828403246406,-0.6167393210237061
339,8,1.229462988813892,-0.30613774326205306
339,9,1.1161879361124123,-0.6516004504876809
339,10,1.1731616991231177,-0.2588019791564986
339,11,1.1548690714975265,-0.4303836021899952
339,12,1.0928255908673732,-0.33902661954279945
339,13,0.9718097927817096,-0.5444935070867576
339,14,1.161197780080755,-0.20667283301491854
339,15,1.0086339674820757,-0.17640653931768302
339,16,1.193602410719812,-0.4430242880284745
339,17,1.1178307301651507,-0.45861909527454503
339,18,0.940835041953734,-0.47167355847880726
339,19,0.945785539491581,-0.363958910627334
340,0,0.9915975621608214,-0.420002152021724
340,1,1.0018416185469647,-0.7460557656272012
340,2,1.261858035495175,-0.36333864637676655
340,3,1.1462011305466893,-0.33477628163266293
340,4,1.1118041113133426,-0.5329185354197029
340,5,0.9222937966344664,-0.11035762947075098
340,6,1.1213802813781009,-0.5859482921341981
340,7,0.9227404336654865,-0.6183279915694402
340,8,1.2327403176624412,-0.3080575028766248
340,9,1.1161879361124123,-0.6516004504876809
340,10,1.1764978161290887,-0.2607663925419618
340,11,1.1582114561015893,-0.43217056430647705
340,12,1.0962299800598372,-0.34091321391690915
340,13,0.9753247668899888,-0.5461507349316268
340,14,1.1645443061608334,-0.20869802935087006
340,15,1.0121411855308513,-0.17843877465120925
340,16,1.1969015736060962,-0.44480857028401816
340,17,1.1212016779670844,-0.4603860073642899
340,18,0.9443881557107836,-0.47339864685210525
340,19,0.9493377729926208,-0.36580206450161934
341,0,0.9950964429969616,-0.421799136935143
341,1,1.0053070352603515,-0.7475199533173233
341,2,1.2650957958911824,-0.365208332038173
341,3,1.1495609931691633,-0.3366567316186543
341,4,1.1151775278525504,-0.5346056202187733
341,5,0.9260162809365021,-0.11221933912818483
341,6,1.124740366357423,-0.5875818965449557
341,7,0.9262944821191278,-0.6199150791186508
341,8,1.2360143812785935,-0.3099753498173156
341,9,1.1161879361124123,-0.6516004504876809
341,10,1.1798306091328368,-0.2627288486476149
341,11,1.1615505108828237,-0.43395574617683114
341,12,1.0996309764755483,-0.3427979281318559
341,13,0.9788362392523228,-0.5478063117854198
341,14,1.1678874970425899,-0.2107212073456345
341,15,1.0156449091209565,-0.1804689851427431
341,16,1.2001974491671334,-0.4465910746594424
341,17,1.1245692665319569,-0.4621511586802333
341,18,0.9479279450583608,-0.4751420263230042
341,19,0.9528864669167927,-0.36764338178920064
342,0,0.9985918369333157,-0.42359433101697785
342,1,1.0087689991549667,-0.7489826821425644
342,2,1.268330330124701,-0.3670761547112762
342,3,1.1529175086441703,-0.33853530827108574
342,4,1.1185475831391283,-0.536291024016357
342,5,0.9297161640573742,-0.11411656513896165
342,6,1.128097103491334,-0.5892138733019298
342,7,0.9298449892431703,-0.6215005852600144
342,8,1.2392851829396896,-0.3118912860038921
342,9,1.1161879361124123,-0.6516004504876809
342,10,1.1831600814704912,-0.2646893494378785
342,11,1.164886239183627,-0.4357391495880263
342,12,1.1030285835189073,-0.3446807640742405
342,13,0.9823442133836987,-0.5494602393053706
342,14,1.171227356072562,-0.21274236902441496
342,15,1.019145141759622,-0.1824971728245273
342,16,1.2034900407020985,-0.44837180293903595
342,17,1.1279334992307275,-0.46391455098929335
342,18,0.9514642064491632,-0.47688366824208533
342,19,0.9564316248163427,-0.3694828643332384
343,0,1.002083747468776,-0.42538773606421965
343,1,1.0122275136962395,-0.7504439535671172
343,2,1.2715616414335031,-0.36894211626576856
343,3,1.1562706803315856,-0.34041201347041433
343,4,1.1219142805465045,-0.5379747484995446
343,5,0.9333944306878426,-0.11604651967855574
343,6,1.1314504961399312,-0.5908442240387305
343,7,0.9333919585916752,-0.623084511580624
343,8,1.2425527259198053,-0.3138053133542083
343,9,1.1161879361124123,-0.6516004504876809
343,10,1.186486236474857,-0.2666478968752156
343,11,1.1682186443430664,-0.4375207763252511
343,12,1.1064228045909223,-0.3465617236287835
343,13,0.9858486927956023,-0.5511125191470622
343,14,1.1745638865939516,-0.2147615164103963
343,15,1.0226418869505842,-0.18452333972677967
343,16,1.2067793515068788,-0.4501507569053094
343,17,1.1312943794309966,-0.46567618605662753
343,18,0.954996943422992,-0.47862357435273406
343,19,0.9599732502399774,-0.3713205139750564
344,0,1.005572178098749,-0.4271793538720685
344,1,1.0156825823461466,-0.7519037690537161
344,2,1.2747897330521343,-0.3708062185694794
344,3,1.1596205115879374,-0.34228684909522383
344,4,1.125277623444747,-0.5396567953537462
344,5,0.9370520434311594,-0.11800663003507775
344,6,1.1348005476599639,-0.5924729503873405
344,7,0.9369353937151623,-0.6246668596659913
344,8,1.2458170134897542,-0.31571743378420747
344,9,1.1161879361124123,-0.6516004504876809
344,10,1.1898090774754184,-0.26860449292013433
344,11,1.1715477296968828,-0.4393006281719156
344,12,1.109813643089212,-0.3484408086783274
344,13,0.9893496809960207,-0.5527631529644284
344,14,1.1778970919466294,-0.21677865152474707
344,15,1.0261351481940884,-0.18654748787769532
344,16,1.2100653848740774,-0.4519279383389976
344,17,1.1346519104970085,-0.4674360656456342
344,18,0.9585261595161204,-0.480361746396598
344,19,0.9635113467328672,-0.3731563325541437
345,0,1.0090571323151567,-0.4289691862339357
345,1,1.019134208563215,-0.7533621300636377
345,2,1.2780146082119175,-0.3726684634883769
345,3,1.1629670057664099,-0.34415981702222653
345,4,1.128637615200565,-0.5413371662626922
345,5,0.9406899379670769,-0.11999452127860269
345,6,1.138147261404837,-0.5941000539781166
345,7,0.9404752981606137,-0.6262476311000487
345,8,1.2490780489170914,-0.31762764920792397
345,9,1.1161879361124123,-0.6516004504876809
345,10,1.1931286077983427,-0.2705591395311891
345,11,1.1748734985774938,-0.44107870690965334
345,12,1.1132011024080088,-0.3503180211038381
345,13,0.9928471814894467,-0.5544121424097552
345,14,1.181226975467137,-0.21879377638662145
345,15,1.0296249289868926,-0.18856961930344848
345,16,1.2133481440930174,-0.45370334901906073
345,17,1.138006095789655,-0.46919419151795466
345,18,0.9620518582612971,-0.4820981861135892
345,19,0.9670459178366503,-0.37499032190815657
346,0,1.012538613606442,-0.43075723494144513
346,1,1.0225823958025255,-0.7548190380567029
346,2,1.2812362701409559,-0.3745288528865701
346,3,1.1662998574812926,-0.3460492201892898
346,4,1.1319942591773136,-0.5430158629084357
346,5,0.9443090194563376,-0.12200800034465532
346,6,1.141490640724614,-0.595725536439791
346,7,0.9440116754714771,-0.6278268274651495
346,8,1.2523358354661167,-0.31953596153748537
346,9,1.1161879361124123,-0.6516004504876809
346,10,1.196444830766483,-0.27251183866498313
346,11,1.1781959543139973,-0.4428550143183228
346,12,1.116585185938163,-0.35219336278440705
346,13,0.9963411977768817,-0.5560594891336827
346,14,1.1845535404886909,-0.22080689301316145
346,15,1.0331112328222707,-0.19058973602819473
346,16,1.2166276324497436,-0.4554769907226867
346,17,1.1413569386664788,-0.4709505654334746
346,18,0.9655740431877502,-0.4838328952418854
346,19,0.9705769670894357,-0.3768224838729201
347,0,1.0160166254575709,-0.43254350178443535
347,1,1.0260271475157174,-0.7562744944912779
347,2,1.2844547220641362,-0.37638738862631066
347,3,1.1696293875369956,-0.34793674029826616
347,4,1.1353475587349966,-0.5446928869713537
347,5,0.9479101599692303,-0.12404504142734411
347,6,1.144830688966021,-0.5973493993994733
347,7,0.9475445291876698,-0.629404450342071
347,8,1.2555903763978775,-0.32144237268311415
347,9,1.1161879361124123,-0.6516004504876809
347,10,1.1997577496993816,-0.2744625922761702
347,11,1.1815151002321749,-0.44462955217600947
347,12,1.1199658970671456,-0.35406683559725316
347,13,0.9998317333558393,-0.5577051947852067
347,14,1.1878767903411862,-0.22281800341949876
347,15,1.0365940631900163,-0.1926078400740729
347,16,1.2199038532270272,-0.4572488652252926
347,17,1.1447044424816772,-0.472705189150326
347,18,0.9690927178211901,-0.48556587551793223
347,19,0.9741044980258075,-0.37865282028243025
348,0,1.0194911713500368,-0.4343279885509612
348,1,1.0294684671509904,-0.7577285008242761
348,2,1.287669967203132,-0.3782440725679946
348,3,1.1729555992663818,-0.34982237923856513
348,4,1.1386975172302702,-0.5463682401301486
348,5,0.9514941967556672,-0.12610377258139818
348,6,1.1481674094724494,-0.5989716444826518
348,7,0.9510738628455818,-0.6309805013100154
348,8,1.2588416749701725,-0.32334688455312977
348,9,1.1161879361124123,-0.6516004504876809
348,10,1.2030673679132737,-0.2764114023174566
348,11,1.1848213572988755,-0.4464201300298728
348,12,1.1233432391790514,-0.35593844141772457
348,13,1.0033096664496512,-0.5593684780411483
348,14,1.1911967283511993,-0.22482710961875688
348,15,1.0400734235764462,-0.19462393346120707
348,16,1.2231768097043685,-0.45901897430052657
348,17,1.1480486105861047,-0.47445806442488897
348,18,0.9726078856838136,-0.48729712867644465
348,19,0.9776285141768272,-0.3804813329688555
349,0,1.0229622547618635,-0.4361106970272957
349,1,1.0329063581531088,-0.7591810585111594
349,2,1.2908820087764068,-0.3800989065701644
349,3,1.1762784959989923,-0.3517061388977131
349,4,1.1420441380164463,-0.5480419240618509
349,5,0.9550619312030587,-0.1281824634372022
349,6,1.1515008055839602,-0.6005922733131955
349,7,0.9545996799780795,-0.632554981946611
349,8,1.2620897344375548,-0.32524949905395045
349,9,1.1161879361124123,-0.6516004504876809
349,10,1.2063736887210905,-0.278358270739603
349,11,1.1881243192290025,-0.44820892332843526
349,12,1.1267172156546035,-0.35780818211930054
349,13,1.0067841332851446,-0.5610301035971669
349,14,1.1945133578419913,-0.2268342136220531
349,15,1.0435493174644033,-0.19663801820770874
349,16,1.226446505158,-0.4607873197202695
349,17,1.151389446327277,-0.4762091930117934
349,18,0.9761195502943073,-0.4890266564504087
349,19,0.9811490190700387,-0.3823080237625389
350,0,1.026429879167609,-0.4378916289979318
350,1,1.036340823963405,-0.7606321690059392
350,2,1.2908820087764068,-0.3800989065701644
350,3,1.17959808106105,-0.3535880211613554
350,4,1.1453874244434956,-0.5497139404418198
350,5,0.9586261107932038,-0.1302590831048724
350,6,1.1548308806372858,-0.6022112875133555
350,7,0.9581219841145092,-0.6341278938279146
350,8,1.2653345580513349,-0.3271502180900952
350,9,1.1196333526960571,-0.6529694915541842
350,10,1.2096767154324621,-0.2803031994914267
350,11,1.1914239893288239,-0.4499959338622807
350,12,1.1300878298711556,-0.35967605957359333
350,13,1.0102551373402642,-0.5626900731165512
350,14,1.1978266821335117,-0.22883931743850053
350,15,1.047021748333261,-0.19865009632967867
350,16,1.2297129428608902,-0.46255390325463686
350,17,1.1547269530493733,-0.4779585766639206
350,18,0.9796277151678507,-0.49075446057108346
350,19,0.9846660162294708,-0.3841328944919997
351,0,1.0298940480383685,-0.43967078624558414
351,1,1.0397718680197827,-0.7620818337611787
351,2,1.2908820087764068,-0.3800989065701644
351,3,1.1829143577754628,-0.355468027913258
351,4,1.1487273798580508,-0.5513842909437452
351,5,0.9621867390938497,-0.13233363366310713
351,6,1.1581576379658347,-0.6038286887037665
351,7,0.961640778780701,-0.6356992385284125
351,8,1.2685761490595846,-0.32904904356418563
351,9,1.1230632988052645,-0.6543671486642023
351,10,1.2129764513537218,-0.2822461905198032
351,11,1.1947203709013126,-0.4517811634202084
351,12,1.1334550852026959,-0.3615420756503501
351,13,1.0137226820894885,-0.5643483882609324
351,14,1.2011367045424013,-0.23084242307521002
351,15,1.0504907196589257,-0.20066016984120907
351,16,1.232976126082746,-0.46431872667198054
351,17,1.1580611340932419,-0.47970621713240547
351,18,0.9831323838161206,-0.4924805427680025
351,19,0.988179509175641,-0.38595594698393537
352,0,1.0333547648417787,-0.44144817055119084
352,1,1.0397718680197827,-0.7620818337611787
352,2,1.2908820087764068,-0.3800989065701644
352,3,1.186227329461827,-0.3573461610353095
352,4,1.1520640076034108,-0.5530529772396496
352,5,0.9657438196691888,-0.13440611718853354
352,6,1.161481080899694,-0.6054444785034487
352,7,0.9651560674989718,-0.6372690176210223
352,8,1.2718145107071397,-0.33094597737694786
352,9,1.1264782905621373,-0.655791450222121
352,10,1.2162728997879082,-0.2841872457696685
352,11,1.1980134672461498,-0.45356461378923496
352,12,1.1368189850198502,-0.3634062322174548
352,13,1.0171867710038331,-0.5660050506902855
352,14,1.2044434283819956,-0.23284353253729229
352,15,1.0539562349138414,-0.2026682407543855
352,16,1.2362360580900176,-0.4660817917388905
352,17,1.161391992796401,-0.48145211616663774
352,18,0.9866335597472935,-0.49420490476897583
352,19,0.9916895014255593,-0.3877771830632231
353,0,1.0368120330420203,-0.44322378369391535
353,1,1.0397718680197827,-0.7620818337611787
353,2,1.2908820087764068,-0.3800989065701644
353,3,1.1895369994364307,-0.359222422407523
353,4,1.1553973110195432,-0.5547200009998897
353,5,0.9692973560798621,-0.13647653575570964
353,6,1.1648012127656338,-0.6070586585298093
353,7,0.9686678537881289,-0.6388372326770945
353,8,1.2750496462356034,-0.33284102142721456
353,9,1.12987884115323,-0.6572405576009354
353,10,1.2195660640347694,-0.28612636718402074
353,11,1.2013032816597282,-0.4553462867545959
353,12,1.1401795326898856,-0.36526853114093
353,13,1.0206474075508545,-0.5676600620629314
353,14,1.2077468569623286,-0.23484264782785988
353,15,1.0574182975669921,-0.2046743110792889
353,16,1.2394927421458999,-0.46784310022019665
353,17,1.1647195324930433,-0.4831962755142641
353,18,0.9901312464660501,-0.4959275483000915
353,19,0.9951959964927314,-0.3895966045529221
354,0,1.0402658560998224,-0.44499762745114824
354,1,1.0397718680197827,-0.7620818337611787
354,2,1.2908820087764068,-0.3800989065701644
354,3,1.1928433710122563,-0.361096813908038
354,4,1.1587272934430881,-0.556385363893158
354,5,0.9728473518829632,-0.13854489143712648
354,6,1.168118036887109,-0.6086712303986441
354,7,0.972176141163474,-0.6404038852664138
354,8,1.2782815588833494,-0.33473417761192664
354,9,1.1332654574619816,-0.6587127558794108
354,10,1.2228559473907663,-0.2880635567039224
354,11,1.2045898174351555,-0.4571261840997476
354,12,1.1435367315767135,-0.36712897428493874
354,13,1.0241045951946532,-0.569313424035538
354,14,1.2110469935901356,-0.23683977094802916
354,15,1.060876911083906,-0.20667838282399764
354,16,1.2427461815103367,-0.46960265387897043
354,17,1.1680437565140394,-0.48493869692118974
354,18,0.9936254474735782,-0.4976484750857174
354,19,0.9986989978871622,-0.39141421327427506
355,0,1.0437162374724651,-0.44676970359850876
355,1,1.0397718680197827,-0.7620818337611787
355,2,1.2908820087764068,-0.3800989065701644
355,3,1.1961464474989856,-0.3629693374131222
355,4,1.162053958207361,-0.5580490675864842
355,5,0.9763938106320414,-0.1406111863032101
355,6,1.1714315565842637,-0.6102821957241391
355,7,0.975680933136806,-0.641968976957201
355,8,1.2815102518855255,-0.3366254478261353
355,9,1.136638637356937,-0.6602064452202997
355,10,1.2261425531490753,-0.2899988162685021
355,11,1.207873077862257,-0.4589043076063691
355,12,1.1468905850408935,-0.3689875635117864
355,13,1.0275583373958777,-0.5709651382631222
355,14,1.2143438415688566,-0.23883490389692233
355,15,1.0643320789266586,-0.20868045799458948
355,16,1.2459963794400242,-0.4713604544765268
355,17,1.1713646681869407,-0.48667938213158024
355,18,0.9971161662675764,-0.4993676868485029
355,19,1.0021985091153596,-0.39323001104671007
356,0,1.0471631806137836,-0.44854001390984694
356,1,1.0397718680197827,-0.7620818337611787
356,2,1.2908820087764068,-0.3800989065701644
356,3,1.199446232203001,-0.3648399947971735
356,4,1.1653773086423564,-0.5597111137452374
356,5,0.9799367358771054,-0.1426754224223237
356,6,1.1747417751739346,-0.6118915561188722
356,7,0.9791822332164253,-0.6435325093161144
356,8,1.2847357284740564,-0.33851483396300386
356,9,1.1399988675381847,-0.6617201328517689
356,10,1.2294258845995918,-0.2919321478149565
356,11,1.2111530662275798,-0.46068065905436373
356,12,1.150241096439636,-0.37084430068192265
356,13,1.031008637611727,-0.5726152063990517
356,14,1.2176374041986395,-0.24082804867166946
356,15,1.0677838045538761,-0.21068053859514363
356,16,1.2492433391884137,-0.4731165037724259
356,17,1.1746822708359834,-0.4884183328878632
356,18,1.0006034063422578,-0.5010851853093807
356,19,1.0056945336803378,-0.3950439996878425
357,0,1.0506066889741714,-0.4503085601572451
357,1,1.0397718680197827,-0.7620818337611787
357,2,1.2908820087764068,-0.3800989065701644
357,3,1.2027427284273904,-0.36670878793272177
357,4,1.1686973480747518,-0.5613715040331275
357,5,0.9834761311646267,-0.14473760186076967
357,6,1.178048695969654,-0.6134993131938148
357,7,0.9826800449071366,-0.6450944839082514
357,8,1.2879478641412594,-0.34041952214271
357,9,1.1433466218577477,-0.6632524256145649
357,10,1.232705945028934,-0.29386355327855246
357,11,1.2144297858143953,-0.4624552402218611
357,12,1.1535882691268062,-0.3726991876539432
357,13,1.0344554992959551,-0.5742636300950462
357,14,1.220927684776344,-0.2428192072674104
357,15,1.0712320914207394,-0.21267862662774276
357,16,1.2524870640057149,-0.4748708035244748
357,17,1.1779965677820907,-0.49015555093073
357,18,1.0040871711883528,-0.5028009721875685
357,19,1.0091870750816208,-0.3968561810134767
358,0,1.0540467660005837,-0.45207534411101974
358,1,1.0397718680197827,-0.7620818337611787
358,2,1.2908820087764068,-0.3800989065701644
358,3,1.2060359394719498,-0.3685757186904308
358,4,1.1720140798279095,-0.5630302401122068
358,5,0.9870120000375436,-0.14679772668279165
358,6,1.1813523222816522,-0.6151054685583331
358,7,0.9861743717102529,-0.6466549022971502
358,8,1.2911567984851142,-0.34232231204557717
358,9,1.14668236004122,-0.6648020230383369
358,10,1.2359827377204453,-0.2957930345926287
358,11,1.217703239902703,-0.4642280528852186
358,12,1.1569321064529274,-0.3745522262845918
358,13,1.037898925898874,-0.5759104110011796
358,14,1.2242146865955439,-0.24480838167729688
358,15,1.074676942978987,-0.21467472409247493
358,16,1.2557275571388997,-0.47662335548872925
358,17,1.1813075623428773,-0.49189103799913764
358,18,1.0075674642931138,-0.5045150492005704
358,19,1.012676136815246,-0.398666556837608
359,0,1.057483415136541,-0.4538403675397234
359,1,1.0397718680197827,-0.7620818337611787
359,2,1.2942402443927936,-0.381664943720214
359,3,1.2093258686331865,-0.3704407889391001
359,4,1.1753275072218816,-0.5646873236428717
359,5,0.9905443460352642,-0.1488557989505766
359,6,1.184652657416863,-0.6167100238201904
359,7,0.9896652171235987,-0.6482137660447911
359,8,1.2943625347177674,-0.3442232055763
359,9,1.1500065267479882,-0.6663677109118067
359,10,1.2392562659541988,-0.2977205936885979
359,11,1.2209734317692338,-0.46599909881902357
359,12,1.160272611765184,-0.37640341842876185
359,13,1.0413389208673571,-0.577555550765881
359,14,1.2274984129465314,-0.24679557389249443
359,15,1.0781183626769189,-0.21666883298743564
359,16,1.2589648218317049,-0.4783741614194955
359,17,1.1846152578326519,-0.4936247958303104
359,18,1.0110442891403175,-0.5062274180641795
359,19,1.0161617223737673,-0.4004751289724244
360,0,1.0609166398221326,-0.45560363221014627
360,1,1.0397718680197827,-0.7620818337611787
360,2,1.2975785964647342,-0.38326450183050526
360,3,1.212612519204323,-0.3723040005456668
360,4,1.178637633573412,-0.5663427562838643
360,5,0.9940731726936703,-0.15091182072425688
360,6,1.1879497046789247,-0.6183129805855478
360,7,0.9931525846415137,-0.6497710767115982
360,8,1.297565076048164,-0.34612220463767474
360,9,1.153327380683359,-0.667931838464612
360,10,1.2425265330069992,-0.2996462324959486
360,11,1.224240364687453,-0.46776837979609465
360,12,1.163609788407425,-0.3782527659394986
360,13,1.0447754876448427,-0.5791990510359372
360,14,1.2307788671163198,-0.24878078590218441
360,15,1.0815563539593993,-0.21866095530872987
360,16,1.2621988613246355,-0.480123223069332
360,17,1.1879196575624207,-0.49535682615974147
360,18,1.014517649210269,-0.5079380804924785
360,19,1.0196438352462598,-0.4022818992283083
361,0,1.0643464434940195,-0.457365139887318
361,1,1.0397718680197827,-0.7620818337611787
361,2,1.3008977649606044,-0.38489522842740975
361,3,1.2158958944752996,-0.3741653553752076
361,4,1.1819444621959403,-0.5679965396922746
361,5,0.997598483545121,-0.1529657940619123
361,6,1.191243467368185,-0.619914340458967
361,7,0.9966364777548562,-0.651326835856441
361,8,1.3007644256820512,-0.3480193111306013
361,9,1.1566449251715103,-0.6694944072624461
361,10,1.2457935421523871,-0.3015699529422471
361,11,1.2275040419275636,-0.4695358975874839
361,12,1.1669436397201676,-0.3801002706680006
361,13,1.0482086296713378,-0.5808409134564932
361,14,1.234056052388647,-0.250764019693566
361,15,1.084990920267861,-0.220651093050474
361,16,1.2654296788549684,-0.4818705421890511
361,17,1.1912207648398914,-0.49708713072119504
361,18,1.017987547979805,-0.5096470381978422
361,19,1.0231224789183215,-0.4040868694138386
362,0,1.0677728295854387,-0.4591248923345094
362,1,1.0432865163984306,-0.7633038024545108
362,2,1.3041984476295045,-0.38655493396282004
362,3,1.2191759977327783,-0.3760248552909405
362,4,1.1852479963996054,-0.5696486755235411
362,5,1.0011202821184557,-0.15501772101957217
362,6,1.1945339487817037,-0.6215141050434104
362,7,1.0001168999510066,-0.652881045036636
362,8,1.3039605868219808,-0.3499145269540852
362,9,1.1599591635333075,-0.6710554188694419
362,10,1.249057296660642,-0.3034917569531395
362,11,1.2307644667565096,-0.4713016539624783
362,12,1.1702741690406002,-0.381945934463622
362,13,1.0516383503834206,-0.5824811396710553
362,14,1.2373299720439785,-0.25274527725185814
362,15,1.088422065040308,-0.22263924820479788
362,16,1.2686572776567548,-0.4836161205277211
362,17,1.1945185829694756,-0.4988157112467076
362,18,1.0214539889222978,-0.511354292890939
362,19,1.0265976568720783,-0.40589004133579215
363,0,1.0711958015262062,-0.4608828913132346
363,1,1.0467862865998776,-0.7645568817588334
363,2,1.3074813350410948,-0.38824158013920296
363,3,1.2224528322601456,-0.3778825021542267
363,4,1.188548239491248,-0.5712991654314536
363,5,1.0046385719389985,-0.1570676036512174
363,6,1.1978211522132556,-0.6231122759402442
363,7,1.003593854713871,-0.654433705807948
363,8,1.3071535626673134,-0.3518078540052393
363,9,1.1632700990863063,-0.6726148748481734
363,10,1.2523177997987849,-0.3054116464523535
363,11,1.2340216424379797,-0.4730656506886018
363,12,1.173601379702586,-0.38378975917387403
363,13,1.055064653214245,-0.5841197313214913
363,14,1.2406006293595113,-0.2547245605603016
363,15,1.09184979171132,-0.22462542276184677
363,16,1.2718816609608246,-0.48535995983266755
363,17,1.1978131152522922,-0.5005425694665899
363,18,1.0249169755076581,-0.5130598462807326
363,19,1.0300693725861867,-0.40769141679914583
364,0,1.07461536274272,-0.4626391385832522
364,1,1.050271622538319,-0.7658389459150741
364,2,1.310747106582892,-0.38995326905389105
364,3,1.2257264013375162,-0.3797382978245726
364,4,1.191845194774415,-0.5729480110681541
364,5,1.0081533565285608,-0.15911544400878253
364,6,1.2011050809533348,-0.624708854749239
364,7,1.0070673455238845,-0.6559848197245921
364,8,1.310343356414221,-0.3536992941792858
364,9,1.1665777351447566,-0.6741727767596578
364,10,1.255575054830583,-0.3073296233617004
364,11,1.2372755722324098,-0.47482788953161675
364,12,1.1769252750366659,-0.38563174664442706
364,13,1.055064653214245,-0.5841197313214913
364,14,1.2438680276091765,-0.256701871600161
364,15,1.0952741037120544,-0.22660961870978333
364,16,1.2751028319947884,-0.4871020618494753
364,17,1.2011043649861715,-0.5022677071094288
364,18,1.0283765112023389,-0.5147637000744836
364,19,1.0335376295358374,-0.40949099760707824
365,0,1.0780315166579644,-0.4643936359025674
365,1,1.0537429737210389,-0.7671480119018226
365,2,1.3139964272719447,-0.39168823311717244
365,3,1.228996708241736,-0.3815922441596314
365,4,1.1951388655493618,-0.5745952140841386
365,5,1.0116646394054454,-0.16116124414215774
365,6,1.2043773683475065,-0.6263209451635263
365,7,1.0105373758580147,-0.6575343883392347
365,8,1.3135299712556905,-0.35558884936955826
365,9,1.1698820750196053,-0.6757291261633563
365,10,1.258818670051943,-0.3092632345997285
365,11,1.2405262593969868,-0.476588372255526
365,12,1.1802458583700626,-0.38747189871911236
365,13,1.055064653214245,-0.5841197313214913
365,14,1.2471321700636429,-0.25867721235072655
365,15,1.0986837315907672,-0.22861116640558354
365,16,1.2783207939830417,-0.48884242832199015
365,17,1.2043923354656576,-0.5039911259020888
365,18,1.0318325994693387,-0.5164658559777512
365,19,1.0370024311927593,-0.41128878556097154
366,0,1.0814442666915127,-0.4661463850274338
366,1,1.0572007908351702,-0.7684822296202322
366,2,1.3172299452574208,-0.3934448256979059
366,3,1.2322637562463852,-0.38344434301520525
366,4,1.198429255113056,-0.576240776128259
366,5,1.0151724240844497,-0.16320500609919097
366,6,1.207646394511235,-0.6279314289345995
366,7,1.0140039491897657,-0.6590824132029957
366,8,1.3167134103815261,-0.35747652146750325
366,9,1.1731831220184998,-0.6772839246171762
366,10,1.262059052557332,-0.31119491872387156
366,11,1.2437737071856518,-0.4783471006225746
366,12,1.1835631330266831,-0.38931021723992393
366,13,1.055064653214245,-0.5841197313214913
366,14,1.2503930599903204,-0.26065058478931624
366,15,1.102089961248674,-0.2306107192499613
366,16,1.2815355501467676,-0.4905810609923207
366,17,1.2076770299820123,-0.5057128275697138
366,18,1.0352852437682054,-0.5181663156943951
366,19,1.040463781025222,-0.41308478246041325
367,0,1.084853616259531,-0.46789738771235495
367,1,1.0606455221201143,-0.7698398727350373
367,2,1.3204482899076992,-0.39522151245058795
367,3,1.235527548621782,-0.3852945962452469
367,4,1.2017163667591806,-0.5778846988477244
367,5,1.01867671407687,-0.16524673192568998
367,6,1.2109121627168185,-0.6295403076745545
367,7,1.0174670689891803,-0.6606288958654493
367,8,1.3198936769783536,-0.3593623123626824
367,9,1.1764808794457915,-0.6788371736774723
367,10,1.2652962055903763,-0.3131246776677473
367,11,1.2470179188491033,-0.4801040763932512
367,12,1.186877102327123,-0.3911467040470204
367,13,1.055064653214245,-0.5841197313214913
367,14,1.253650700653363,-0.2626219908912779
367,15,1.1054927960954142,-0.23260827924447094
367,16,1.28474710370394,-0.4923179616008399
367,17,1.2109584518232182,-0.5074328138357287
367,18,1.0387344475550393,-0.5198650809265772
367,19,1.0439216824980402,-0.414878990103198
368,0,1.0882595687747818,-0.4696466457100863
368,1,1.0640776104119725,-0.7712193301373882
368,2,1.3236520703903758,-0.3970168632787526
368,3,1.2387880886349862,-0.3871430057018618
368,4,1.2050002037781378,-0.5795269838881032
368,5,1.0221775128905037,-0.1672864236654243
368,6,1.2141746762332943,-0.6311475829938804
368,7,1.0209267387228451,-0.6621738378746261
368,8,1.323070774229623,-0.3612462239427742
368,9,1.1797753506025386,-0.6803888748990484
368,10,1.2685301323914688,-0.31505251336304635
368,11,1.2502588976348004,-0.4818593013262904
368,12,1.1901877695886685,-0.39298136097872693
368,13,1.055064653214245,-0.5841197313214913
368,14,1.2569050953136722,-0.26459143262999096
368,15,1.1088922395372287,-0.23460384838867201
368,16,1.2879554578693273,-0.494053131886187
368,17,1.2142366042739814,-0.5091510864218416
368,18,1.0421802142824967,-0.5215621533747633
368,19,1.0473761390725767,-0.41667141028532945
369,0,1.0916621276466267,-0.47139416077163676
369,1,1.0674974907615893,-0.7726190979944302
369,2,1.326841874666434,-0.3988295448910722
369,3,1.2387880886349862,-0.3871430057018618
369,4,1.2082807694570517,-0.5811676328933243
369,5,1.0256748240296543,-0.16932408336012733
369,6,1.2174339383264419,-0.6327532565014615
369,7,1.0243829618538929,-0.6637172407770149
369,8,1.326244705315612,-0.3631282580935761
369,9,1.1830665387865102,-0.6819390298351591
369,10,1.271760836197774,-0.31697842773953405
369,11,1.253496646786966,-0.483612777178674
369,12,1.1934951381253007,-0.3948141898715369
369,13,1.055064653214245,-0.5841197313214913
369,14,1.2601562472289003,-0.26655891197686854
369,15,1.112288294976964,-0.23659742868013117
369,16,1.2911606158544953,-0.4957865735852692
369,17,1.2175114906157358,-0.510867647048045
369,18,1.0456225473997935,-0.5232575347377245
369,19,1.0508271542067456,-0.4184620448010219
370,0,1.0950612962810307,-0.4731399346462707
370,1,1.0709055885410932,-0.7740377723505604
370,2,1.3300182688309734,-0.40065831390837886
370,3,1.2387880886349862,-0.3871430057018618
370,4,1.2115494291339761,-0.582823806955386
370,5,1.0291686509951332,-0.17135971304949846
370,6,1.2206899522587855,-0.6343573298045785
370,7,1.0278357418420063,-0.6652591061175632
370,8,1.3294154734134283,-0.365008416699006
370,9,1.186354447292189,-0.6834876400375108
370,10,1.274988320243229,-0.31890242272505265
370,11,1.25673116954659,-0.4853645057056331
370,12,1.1967992112476988,-0.39664519256011377
370,13,1.055064653214245,-0.5841197313214913
370,14,1.2634041596534533,-0.26852443090135936
370,15,1.1156809658140745,-0.23858902211442426
370,16,1.29436258086781,-0.49751828843326323
370,17,1.2207831141266459,-0.5125824974326177
370,18,1.0490614503527087,-0.5249512267125391
370,19,1.0542747313550167,-0.4202508954427023
371,0,1.0984570780805647,-0.4748839690815094
371,1,1.0743023179653923,-0.775474042245871
371,2,1.3331817967425106,-0.4025020104819058
371,3,1.2387880886349862,-0.3871430057018618
371,4,1.2148148311876752,-0.5844783304353673
371,5,1.0326589972842648,-0.17339331477120498
371,6,1.2239427212895984,-0.6359598045089103
371,7,1.0312850821434216,-0.6667994354396799
371,8,1.3325830816970141,-0.36688670164110465
371,9,1.1896390794107743,-0.685034707056264
371,10,1.274988320243229,-0.31890242272505265
371,11,1.2599624691514328,-0.48711448866064966
371,12,1.2000999922632434,-0.39847437087729304
371,13,1.055064653214245,-0.5841197313214913
371,14,1.266648835838495,-0.2704879913709498
371,15,1.1190702554446272,-0.24057863068513827
371,16,1.2975523157002176,-0.4992648906331133
371,17,1.22405147808161,-0.5142956392921267
371,18,1.0524969265835873,-0.5266432309945946
371,19,1.0577188739684182,-0.4220379640010118
372,0,1.1018494764444098,-0.4766262658231331
372,1,1.0776956635182564,-0.7769088813081465
372,2,1.336342172003102,-0.40434386969792907
372,3,1.2387880886349862,-0.3871430057018618
372,4,1.2180769788868195,-0.5861312049894478
372,5,1.0361458663908891,-0.17542489056088423
372,6,1.2271922486749054,-0.6375606822185358
372,7,1.034730986210932,-0.6683382302852361
372,8,1.3357475333371487,-0.36876311480003704
372,9,1.1929204384301864,-0.6865802324400342
372,10,1.274988320243229,-0.31890242272505265
372,11,1.2631905488360289,-0.48886272779545836
372,12,1.2033974844760194,-0.40030172665408403
372,13,1.055064653214245,-0.5841197313214913
372,14,1.2698902790319495,-0.27244959535116586
372,15,1.1224561672613045,-0.24256625638387336
372,16,1.300738871568039,-0.5010097521282243
372,17,1.2273165857522639,-0.5160070743414287
372,18,1.0559289795313445,-0.5283335492775889
372,19,1.0611595854945401,-0.4238232522648079
373,0,1.1052384947683598,-0.47836682661518254
373,1,1.0810856285964274,-0.778342290973662
373,2,1.3394993977762861,-0.40618389340015154
373,3,1.2387880886349862,-0.3871430057018618
373,4,1.2213358754968224,-0.5877824322721565
373,5,1.0396292618053655,-0.17745444245214553
373,6,1.230438537667487,-0.6391599645359349
373,7,1.0381734574938903,-0.6698754921945669
373,8,1.338908831501451,-0.3706376580540946
373,9,1.1961985276350686,-0.6881242177358938
373,10,1.274988320243229,-0.31890242272505265
373,11,1.266415411831689,-0.49060922486004827
373,12,1.2066916911868197,-0.40212726171967167
373,13,1.055064653214245,-0.5841197313214913
373,14,1.2731284924785042,-0.274409244805575
373,15,1.1258387046534073,-0.24455190120024478
373,16,1.30392225166102,-0.5027528746652042
373,17,1.2305784404069833,-0.5177168042936717
373,18,1.0593576126314685,-0.5300221832535322
373,19,1.064596869377538,-0.4256067620211658
374,0,1.1086241364448255,-0.4801056531999608
374,1,1.0844722165932639,-0.7797742726772622
374,2,1.3426534772224494,-0.4080220834304388
374,3,1.2387880886349862,-0.3871430057018618
374,4,1.2245915242798424,-0.5894320139363737
374,5,1.0431091870145763,-0.17948197247657235
374,6,1.2336815915168813,-0.6407576530619911
374,7,1.0416041719770537,-0.6714297366525047
374,8,1.3420669793543836,-0.37251033327969696
374,9,1.1994733503067916,-0.6896666644893737
374,10,1.274988320243229,-0.31890242272505265
374,11,1.2696370613665042,-0.49235398160266464
374,12,1.2099826156931488,-0.4039509779014183
374,13,1.0585655350218122,-0.5855824771295467
374,14,1.2763634794196144,-0.27636694169578824
374,15,1.129217871006859,-0.24653556712188496
374,16,1.3071024591657272,-0.5044942599889206
374,17,1.2338370453108878,-0.5194248308602973
374,18,1.0627828293160249,-0.5317091346127488
374,19,1.0680307290581363,-0.4273884950553806
375,0,1.1120064048628377,-0.48184274731803495
375,1,1.0878554308987436,-0.781204827852362
375,2,1.3458044134988285,-0.4098584416288208
375,3,1.2387880886349862,-0.3871430057018618
375,4,1.227843928494787,-0.591079951633332
375,5,1.0431091870145763,-0.17948197247657235
375,6,1.2369214134693887,-0.6423537493959919
375,7,1.0450314672933207,-0.6729824320974817
375,8,1.3452219800572556,-0.3743811423513939
375,9,1.2027449097234562,-0.6912075742444647
375,10,1.274988320243229,-0.31890242272505265
375,11,1.2728555006653488,-0.49409699976981075
375,12,1.213270261289225,-0.4057728770248657
375,13,1.0620507053673502,-0.5870727340111286
375,14,1.279595243093505,-0.27832268798146215
375,15,1.1325936697042083,-0.24851725613444542
375,16,1.3102794972655514,-0.5062339098425017
375,17,1.2370924037258444,-0.5211311557510416
375,18,1.0662046330136583,-0.5333944050438787
375,19,1.0714512730343115,-0.4291873949642274
376,0,1.1153853034080503,-0.4835781107082379
376,1,1.0912277224390998,-0.7826516892892633
376,2,1.3489522097595135,-0.4116929698334939
376,3,1.2387880886349862,-0.3871430057018618
376,4,1.2310930913973162,-0.5927262470126189
376,5,1.0431091870145763,-0.17948197247657235
376,6,1.2401580067680738,-0.6439482551356315
376,7,1.0484553468734172,-0.6745335800837473
376,8,1.3483738367682256,-0.37625008714186714
376,9,1.2060132091598963,-0.6927469485436187
376,10,1.274988320243229,-0.31890242272505265
376,11,1.2760707329498837,-0.49583828110624945
376,12,1.2165546312659847,-0.4075929609137366
376,13,1.0655207293162328,-0.5885885562670132
376,14,1.2828237867351744,-0.28027648562030066
376,15,1.1359661041246332,-0.25049697022159884
376,16,1.3134533691407109,-0.5079718259673388
376,17,1.2403445189104698,-0.5228357806739375
376,18,1.0696230271495981,-0.5350779962338792
376,19,1.0748684079358315,-0.4309845020050014
377,0,1.118760835462744,-0.48531174510767017
377,1,1.094596653079811,-0.7840971087523521
377,2,1.3520968691554516,-0.41352566988082273
377,3,1.2387880886349862,-0.3871430057018618
377,4,1.234339016239845,-0.5943709017221775
377,5,1.0431091870145763,-0.17948197247657235
377,6,1.2433913746527698,-0.6455411718770115
377,7,1.05187581414465,-0.6760831821640023
377,8,1.3515225526423058,-0.3781171695219322
377,9,1.209278251887683,-0.6942847889277511
377,10,1.274988320243229,-0.31890242272505265
377,11,1.2792827614385596,-0.49757782735500505
377,12,1.2198357289110857,-0.4094112313899368
377,13,1.0689761633024457,-0.5901281323719468
377,14,1.2860491135763983,-0.2822283365680571
377,15,1.1393351776439438,-0.2524747113650409
377,16,1.3166240779682543,-0.5097080101030877
377,17,1.2435933941201347,-0.5245387073353164
377,18,1.07303801514566,-0.5367599098680268
377,19,1.0782821371832514,-0.43277981797660836
378,0,1.12213300440583,-0.48704365225170143
378,1,1.0979622261931798,-0.7855410876884944
378,2,1.35523839483445,-0.41535654360534174
378,3,1.2421953255435603,-0.38869558175738056
378,4,1.2375817062715477,-0.596013917408309
378,5,1.0431091870145763,-0.17948197247657235
378,6,1.2466215203600814,-0.6471325012146434
378,7,1.0552928725309103,-0.6776312398894
378,8,1.3546681308313635,-0.3799823913605404
378,9,1.2125400411751275,-0.6958210969362416
378,10,1.274988320243229,-0.31890242272505265
378,11,1.28249158934662,-0.4993156402573651
378,12,1.22311355750891,-0.4112276902735568
378,13,1.0724175522863684,-0.5916897753771188
378,14,1.2892712268457318,-0.2841782427785362
378,15,1.142700893634586,-0.2544504815444925
378,16,1.3197916269220646,-0.5114424639876705
378,17,1.2468390326069663,-0.5262399374398093
378,18,1.0764496004202502,-0.5384401476299187
378,19,1.0816924641937178,-0.4345733446761615
379,0,1.1255018136128523,-0.48877383387397244
379,1,1.1013244451481485,-0.7869836275431147
379,2,1.358376789941179,-0.4171855928397574
379,3,1.2455826634473757,-0.39028242956969966
379,4,1.24082116473836,-0.5976552957156736
379,5,1.0431091870145763,-0.17948197247657235
379,6,1.2498484471233875,-0.6487222447414492
379,7,1.0587065254526768,-0.6791777548095476
379,8,1.3578105744841256,-0.38184575452478065
379,9,1.2157985802872837,-0.6973558741069359
379,10,1.274988320243229,-0.31890242272505265
379,11,1.285697219886105,-0.501051721552882
379,12,1.226388120340567,-0.41304233938287377
379,13,1.0758454275292908,-0.5932719140044241
379,14,1.2924901297685136,-0.28612620620359597
379,15,1.1460632554656447,-0.2564242827377015
379,16,1.3229560191728613,-0.5131751893572769
379,17,1.250081437619852,-0.5279394726903494
379,18,1.079857786388369,-0.5401187112014744
379,19,1.0850993923809713,-0.4363650838989827
380,0,1.1288672664559924,-0.49050229170639675
380,1,1.1046833133103013,-0.7884247297601968
380,2,1.3615120576171749,-0.4190128194149498
380,3,1.2489508018621749,-0.3919011272412132
380,4,1.2440573948829832,-0.5992950382872925
380,5,1.0431091870145763,-0.17948197247657235
380,6,1.2530721581728448,-0.650310404048764
380,7,1.0621167763270194,-0.680722728472508
380,8,1.3609498867461811,-0.3837072608798813
380,9,1.2190538724859528,-0.6988891219761476
380,10,1.274988320243229,-0.31890242272505265
380,11,1.2888996562658537,-0.5027860729793748
380,12,1.2296594206838976,-0.4148551805343532
380,13,1.079260304888635,-0.5948730843876425
380,14,1.2957058255668688,-0.2880722287931497
380,15,1.1494222665028475,-0.2583961169204449
380,16,1.3261172578882041,-0.514906187946367
380,17,1.253320612404442,-0.529637314788173
380,18,1.0832625764616137,-0.5417956022629378
380,19,1.0885029251553504,-0.43815503743860473
381,0,1.132229366304072,-0.4922290274791623
381,1,1.1080388340418688,-0.7898643957822855
381,2,1.364644201000844,-0.42083822515997443
381,3,1.2523004391473904,-0.39354942183750546
381,4,1.2472903999448868,-0.6009331467645497
381,5,1.0431091870145763,-0.17948197247657235
381,6,1.2562926567353914,-0.6518969807263365
381,7,1.0655236285676026,-0.6822661624248015
381,8,1.3640860707599851,-0.385566912289212
381,9,1.2223059210296852,-0.7004208420786593
381,10,1.274988320243229,-0.31890242272505265
381,11,1.292098901691508,-0.5045186962729311
381,12,1.2329274618134765,-0.41666621554265093
381,13,1.0826626835513882,-0.5964919224169722
381,14,1.2989183174597116,-0.29001631249516796
381,15,1.1527779301085677,-0.26036598606653055
381,16,1.3292753462324962,-0.516635461487672
381,17,1.2565565602031539,-0.5313334654328218
381,18,1.086663974048183,-0.5434708224928785
381,19,1.0919030659237947,-0.4399432070867728
382,0,1.135588116522556,-0.4939540429207333
382,1,1.1113910107017304,-0.7913026270504878
382,2,1.3677732232274649,-0.4226618119020643
382,3,1.2556322672508344,-0.3952252172051486
382,4,1.2505201831603119,-0.6025696227871934
382,5,1.0431091870145763,-0.17948197247657235
382,6,1.2595099460347494,-0.6534819763623317
382,7,1.068927085584689,-0.683808058211407
382,8,1.3672191296648606,-0.38742471061428574
382,9,1.2255547291737847,-0.7019510359477242
382,10,1.274988320243229,-0.31890242272505265
382,11,1.2952949593655163,-0.5062495931679084
382,12,1.236192247000616,-0.41847544622061467
382,13,1.0860616724247738,-0.5981091475982083
382,14,1.30212760866275,-0.2919584592556804
382,15,1.1561302496418278,-0.26233389214779945
382,16,1.3324302873669869,-0.5183630117121965
382,17,1.2597892842551743,-0.5330279263221441
382,18,1.0900619825528788,-0.5451443735681936
382,19,1.0952998180898483,-0.4417295946334465
383,0,1.1389435204735572,-0.4956773397578519
383,1,1.1147398466454181,-0.7927394250044747
383,2,1.370899127429192,-0.42448358146663157
383,3,1.2589469674674052,-0.39692656264823895
383,4,1.2537467477622748,-0.6042044679933378
383,5,1.0431091870145763,-0.17948197247657235
383,6,1.2627240292914286,-0.6550653925433317
383,7,1.0723271507851424,-0.6853484173757636
383,8,1.3703490665970026,-0.3892806577147604
383,9,1.2288003001703116,-0.7034797051150681
383,10,1.274988320243229,-0.31890242272505265
383,11,1.298487832487135,-0.5079787653969362
383,12,1.2394537795133693,-0.4202828743792862
383,13,1.0894572749111828,-0.5997247615501948
383,14,1.3053337023884874,-0.29389867101877787
383,15,1.159479228458303,-0.2642998371341275
383,16,1.3355820844497754,-0.5200888403492199
383,17,1.2630187877964634,-0.5347206991522971
383,18,1.093456605377111,-0.5468162571641093
383,19,1.0986931850536639,-0.44351420186680157
384,0,1.1422955815158378,-0.4973989197155399
384,1,1.1180853452251203,-0.7941747910824822
384,2,1.3740219167350582,-0.4263035356772693
384,3,1.2622452070593835,-0.39865164241608403
384,4,1.2569700969805697,-0.6058376840194645
384,5,1.046724102250851,-0.18124856325179392
384,6,1.2659349097227295,-0.6566472308543377
384,7,1.0757238275724312,-0.6868872414597723
384,8,1.3734758846894812,-0.39113475544844084
384,9,1.2320426372680857,-0.7050068511108901
384,10,1.274988320243229,-0.31890242272505265
384,11,1.3016775242524332,-0.5097062146909176
384,12,1.2427120626165338,-0.4220885018279028
384,13,1.0928494944096168,-0.6013387658901629
384,14,1.308536601846227,-0.29583694972661423
384,15,1.1628248699103247,-0.26626382299342766
384,16,1.338730740635814,-0.5218129491262983
384,17,1.2662450740597573,-0.536411785617748
384,18,1.0968478459189006,-0.5484864749541828
384,19,1.1020831702120046,-0.44529703057323156
385,0,1.1456443030048142,-0.49911878451710057
385,1,1.121427509789684,-0.7956087267213133
385,2,1.377141594270979,-0.4281216763557535
385,3,1.2655276366069386,-0.40039876595346424
385,4,1.2601902340417726,-0.6074692725004243
385,5,1.0503166293501618,-0.18305141041305859
385,6,1.2691425905427465,-0.6582274928787715
385,7,1.0791171193466325,-0.6884245320037977
385,8,1.3765995870722443,-0.3929870056712807
385,9,1.2352817437126895,-0.706532475463865
385,10,1.274988320243229,-0.31890242272505265
385,11,1.3048640378542955,-0.511431942779031
385,12,1.2459670995716539,-0.4238923303738994
385,13,1.0962383343156907,-0.6029511622337325
385,14,1.311736310242074,-0.2977732973194083
385,15,1.166167177346883,-0.2682258516916516
385,16,1.3418762590769104,-0.5235353397692664
385,17,1.2694681462745716,-0.5381011874112761
385,18,1.1002357075728826,-0.5501550286103037
385,19,1.1054697769582493,-0.44707808253734976
386,0,1.14898968829256,-0.5008369358841203
386,1,1.1247663436846196,-0.797041233356339
386,2,1.3802581631597544,-0.42993800532204474
386,3,1.2687948879757431,-0.40216635886504043
386,4,1.2634071621692435,-0.6090992350694389
386,5,1.0538876792678882,-0.18488775903562785
386,6,1.2723470749623713,-0.6598061801984768
386,7,1.0825070295044343,-0.6899602905466691
386,8,1.379720176872121,-0.39483741023738433
386,9,1.2385176227464718,-0.7080565797011442
386,10,1.274988320243229,-0.31890242272505265
386,11,1.3080473764824254,-0.513155951388732
386,12,1.2492188936370248,-0.42569436182291004
386,13,1.0996237980216366,-0.6045619521949138
386,14,1.3149328307789399,-0.2997077157354461
386,15,1.1695061541136307,-0.270185925192792
386,16,1.3450186429217317,-0.5252560140022388
386,17,1.272688007667205,-0.5397889062239741
386,18,1.1036201937303098,-0.5518219198026959
386,19,1.1088530086823947,-0.44885735954199096
387,0,1.1523317407278093,-0.5025533755364702
387,1,1.1281018502521027,-0.7984723124214999
387,2,1.383371626521073,-0.4317525243942901
387,3,1.2720475728044587,-0.40395295454644276
387,4,1.2666208845831308,-0.6107275733581025
387,5,1.0574381498273289,-0.18675506068047812
387,6,1.2755483661892961,-0.6613832943937212
387,7,1.0858935614391403,-0.6914945186256821
387,8,1.382837657212825,-0.3966859709990085
387,9,1.2417502776085505,-0.7095791653483575
387,10,1.274988320243229,-0.31890242272505265
387,11,1.3112275433233478,-0.514878242245755
387,12,1.2524674480676956,-0.42749459797877004
387,13,1.103005888916307,-0.6061711373861093
387,14,1.3181261666565445,-0.3016402069110822
387,15,1.1728418035528871,-0.2721440454588844
387,16,1.348157895315807,-0.5269749735476121
387,17,1.2759046614607414,-0.5414749437452503
387,18,1.1070013077790561,-0.5534871501999191
387,19,1.1122328687710588,-0.45063486336821323
388,0,1.1556704636559596,-0.504268105192308
388,1,1.131434032830979,-0.7999019653493074
388,2,1.3864819874715146,-0.43356523538882497
388,3,1.2752862814285875,-0.40575718643612313
388,4,1.269831404500374,-0.6123542889963832
388,5,1.0609689201765709,-0.18865095728984435
388,6,1.2787464674280165,-0.6629588370431976
388,7,1.0892767185406722,-0.6930272177766008
388,8,1.3859520312149567,-0.3985326898065643
388,9,1.2449797115348165,-0.7111002339296147
388,10,1.274988320243229,-0.31890242272505265
388,11,1.3144045415604129,-0.5165988170741146
388,12,1.2557127661154723,-0.42929304064351753
388,13,1.1063846103851782,-0.6077787194181149
388,14,1.3213163210714205,-0.3035707727807422
388,15,1.1761741290036407,-0.27410021445000904
388,16,1.3512940194015315,-0.5286922201260668
388,17,1.279109320938026,-0.5431759658989908
388,18,1.1103790531036202,-0.5551507214688706
388,19,1.115609360607485,-0.4524105957952996
389,0,1.159005860419076,-0.5059811265680799
389,1,1.1347628947567665,-0.8013301935708455
389,2,1.3895892491245538,-0.43537614012017484
389,3,1.2785115821690787,-0.4075777808439962
389,4,1.2730387251347064,-0.613979383612625
389,5,1.0644808465029854,-0.19057326633781904
389,6,1.2819413818798349,-0.6645328097240256
389,7,1.0926565041955736,-0.6945583895336584
389,8,1.389063301996008,-0.4003775685086191
389,9,1.2482059277579363,-0.712619786967507
389,10,1.274988320243229,-0.31890242272505265
389,11,1.3175783743737988,-0.518317677596108
389,12,1.2589548510289217,-0.4310896916173954
389,13,1.1097599658103536,-0.6093846999001218
389,14,1.3245032972169155,-0.30549941527692437
389,15,1.1795031338015523,-0.27605443412429304
389,16,1.3544270183181681,-0.530407755456568
389,17,1.2823107865975865,-0.5448752927853425
389,18,1.1137534330851282,-0.5568126352747867
389,19,1.118982487571545,-0.45418455860075996
390,0,1.162337934355894,-0.5076924413785219
390,1,1.138088439361659,-0.8027569985157721
390,2,1.3926934145905625,-0.4371852404010571
390,3,1.2817336698458202,-0.4093965615649093
390,4,1.2762428496966591,-0.6156028588335493
390,5,1.0679747587973785,-0.19251996715178574
390,6,1.2851331127428638,-0.6661052140117536
390,7,1.0960329217870133,-0.6960880354295594
390,8,1.3921714726703638,-0.4022206089518983
390,9,1.2514289295073553,-0.7141378259831084
390,10,1.274988320243229,-0.31890242272505265
390,11,1.3207490449405155,-0.5200348255323164
390,12,1.2621937060533739,-0.432884552698853
390,13,1.1131319585705675,-0.6109890804397179
390,14,1.3276870982831959,-0.3074261363302018
390,15,1.182828821278959,-0.27800670643791225
390,16,1.357556895201852,-0.5321215812563685
390,17,1.2855090616440932,-0.5465729261053336
390,18,1.117124451101338,-0.5584728932812449
390,19,1.1223522530397423,-0.45595675356033283
391,0,1.1656666888018226,-0.5094020513366618
391,1,1.1414106699745301,-0.8041823816123204
391,2,1.3957944869768133,-0.4389925380423829
391,3,1.2849525476841246,-0.4112135304194636
391,4,1.2794437813935642,-0.6172247162842562
391,5,1.0714514584910446,-0.1944891883217659
391,6,1.288321663212029,-0.6676760514803597
391,7,1.0994059746947886,-0.6976161569954809
391,8,1.395276546349306,-0.4040618129812872
391,9,1.2546487200093017,-0.7156543524959774
391,10,1.2783178751825712,-0.32063572792349476
391,11,1.3239165564344073,-0.5217502626016064
391,12,1.265429334430926,-0.4346776256845481
391,13,1.1165005920411877,-0.6125918626428899
391,14,1.3308677274572493,-0.30935093786922424
391,15,1.1861511947648775,-0.27995703334509314
391,16,1.3606836531855928,-0.5338336992410095
391,17,1.2887041492790225,-0.5482688675582965
391,18,1.1204921105266419,-0.5601314971501651
391,19,1.1257186603852152,-0.4577271824479871
392,0,1.1689921270889485,-0.5111099581538209
392,1,1.144729589920936,-0.8056063442873002
392,2,1.3988924693874827,-0.44079803485325897
392,3,1.2881585891504466,-0.4130456442310435
392,4,1.2826415234295572,-0.6188449575882269
392,5,1.0749117168157245,-0.19647919611738363
392,6,1.2915070364790724,-0.6692453237022538
392,7,1.102775666295329,-0.6991427557610738
392,8,1.3983785261410164,-0.4059011824398328
392,9,1.2578653024867887,-0.7171693680241586
392,10,1.2816291089258136,-0.32239587664418495
392,11,1.3270809120261564,-0.5234639905211322
392,12,1.2686617394004451,-0.4364689123693484
392,13,1.1198658695942199,-0.6141930481140242
392,14,1.334045187922889,-0.3112738218207198
392,15,1.1894702575850067,-0.28190541679811487
392,16,1.3638072953992786,-0.5355441111243229
392,17,1.2918960527006604,-0.5499631188418703
392,18,1.1238564147320702,-0.5617884485418113
392,19,1.1290817129777408,-0.4594958470359239
393,0,1.1723142525460386,-0.5128161635396156
393,1,1.1480452025231187,-0.8070288879660995
393,2,1.401987364923654,-0.4426017326409894
393,3,1.291361435378422,-0.4148759321023267
393,4,1.2858360790055812,-0.6204635843673243
393,5,1.0783562737593606,-0.19848838383566486
393,6,1.2946892357325561,-0.6708130322482789
393,7,1.1061419999616986,-0.7006678332544652
393,8,1.40147741515058,-0.40773871916874577
393,9,1.2610786801596188,-0.7186828740841841
393,10,1.2849227491103803,-0.324180942229034
393,11,1.3302421148832857,-0.5251760110063373
393,12,1.2718909241975718,-0.4382584145463338
393,13,1.12322779459831,-0.615792638455909
393,14,1.3372194828607558,-0.3131947901094972
393,15,1.1927860130617316,-0.28385185874731117
393,16,1.3669278249696781,-0.5372528186184325
393,17,1.2950847751041052,-0.5516556816520022
393,18,1.1272173670852947,-0.5634437491147936
393,19,1.1324414141837382,-0.4612627490945781
394,0,1.1756330684985437,-0.514520669201959
394,1,1.1513575111000096,-0.808450014072686
394,2,1.405079176683321,-0.44440363321107745
394,3,1.2945610895741029,-0.4167043958654331
394,4,1.2890274513193893,-0.6220805982417954
394,5,1.0817858375101144,-0.2005152620069558
394,6,1.2978682641578645,-0.6723791786877129
394,7,1.1095049790636011,-0.7021913910022592
394,8,1.4045732164799876,-0.40957442500740215
394,9,1.264288856244386,-0.7201948721910747
394,10,1.2881995053958866,-0.3259891325623339
394,11,1.3334001681701624,-0.5268863257709556
394,12,1.2751168920547231,-0.4400461340067976
394,13,1.1265863704187482,-0.617390635269736
394,14,1.340390615448322,-0.3151138446584476
394,15,1.1960984645141268,-0.2857963611410724
394,16,1.3700452450204448,-0.5389598234337564
394,17,1.2982703196812715,-0.5533465576829492
394,18,1.130574970950632,-0.5650974005260694
394,19,1.1357977673662716,-0.4630278903926205
395,0,1.1789485782686018,-0.5162234768470632
395,1,1.154666518967233,-0.8098697240296083
395,2,1.4081679077613902,-0.4462037383672273
395,3,1.2977575549403464,-0.41853103735065683
395,4,1.2922156435655485,-0.6236960008302728
395,5,1.0852119832786598,-0.2025401201447872
395,6,1.3010441249372082,-0.6739437645882698
395,7,1.1128646069673818,-0.7037134305295385
395,8,1.4076659332281394,-0.4114083017933453
395,9,1.2674958339544795,-0.7217053638583422
395,10,1.2914600671460246,-0.32781878022629757
395,11,1.336555075048001,-0.5285949365270141
395,12,1.278339646201096,-0.44183207254024875
395,13,1.1299416004174723,-0.6189870401551014
395,14,1.3435585888598947,-0.3170309873885465
395,15,1.1994076152579596,-0.28773892592584727
395,16,1.3731595586721188,-0.5406651272790078
395,17,1.3014526896208922,-0.5550357486272799
395,18,1.133929229689047,-0.5667494044309453
395,19,1.1391507758850536,-0.4647912726969592
396,0,1.1822516743585774,-0.5179422120147363
396,1,1.1579722294371089,-0.8112880192579975
396,2,1.4112535612496844,-0.44800204991134607
396,3,1.3009508346768173,-0.4203558583864678
396,4,1.2954006589354423,-0.6253097937497759
396,5,1.0886347144945718,-0.20456296027604406
396,6,1.304216821249627,-0.6755067915161016
396,7,1.1162208870360315,-0.7052339533598662
396,8,1.4107555684908477,-0.4132403513622877
396,9,1.2706996165000877,-0.7232143505979902
396,10,1.2947051017009472,-0.3296683333919147
396,11,1.3397068386748665,-0.5303018449848337
396,12,1.2815591898626708,-0.44361623193441346
396,13,1.1332934879530707,-0.6205818547100082
396,14,1.3467234062666182,-0.31894622021885566
396,15,1.202713468605693,-0.28967955504614507
396,16,1.3762707690421314,-0.5423687318611978
396,17,1.3046318881085228,-0.5567232561758761
396,18,1.137280146658156,-0.5683997624830791
396,19,1.1425004430964494,-0.46655289777274167
397,0,1.1855514784852201,-0.519659234240068
397,1,1.161274645818657,-0.8127049011775686
397,2,1.4143361402369456,-0.4497985696435453
397,3,1.304140931979992,-0.42217886079951356
397,4,1.2985825006172742,-0.6269219786157132
397,5,1.0920540345840082,-0.20658378442559133
397,6,1.307386356270993,-0.6770682610358
397,7,1.1195738226291898,-0.7067529610152871
397,8,1.4138421253608406,-0.4150705755481128
397,9,1.2739002070881995,-0.7247218339205159
397,10,1.297935253144728,-0.3315363473942615
397,11,1.3428554622056772,-0.5320070528530314
397,12,1.2847661024614787,-0.4454155143352837
397,13,1.1366335367977551,-0.622192822991549
397,14,1.349885070836478,-0.32085954506652503
397,15,1.2060160278664895,-0.2916182504445375
397,16,1.3793788792448072,-0.5440706388856361
397,17,1.3078079183265443,-0.5584090820179346
397,18,1.1406277252122299,-0.5700484763344806
397,19,1.1458467723534789,-0.46831276738335637
398,0,1.1888479939516372,-0.521374545241799
398,1,1.164573771417599,-0.8141203712066215
398,2,1.4174156478088387,-0.45159329936214304
398,3,1.3073278500431607,-0.4240000464146214
398,4,1.3017611717960709,-0.6285325570418832
398,5,1.0954699469697116,-0.208602594616276
398,6,1.3105527331740139,-0.6786281747103973
398,7,1.1229234171031486,-0.7082704550163295
398,8,1.4169256069277647,-0.4168989761828767
398,9,1.2770976089226096,-0.7262278153349117
398,10,1.3011511414861645,-0.3334214769434455
398,11,1.3460009487922082,-0.5337105618385222
398,12,1.2879698189750568,-0.4472130035285972
398,13,1.1399702568522536,-0.6238021857350708
398,14,1.3530435857343033,-0.3227709638467946
398,15,1.2093152963462144,-0.2935550140616605
398,16,1.3824838923913674,-0.5457708500559334
398,17,1.3109807834541658,-0.5600932278409686
398,18,1.1439719687021983,-0.5716955476355141
398,19,1.149189767005821,-0.47007088329043445
399,0,1.1921412240576441,-0.5230881467369575
399,1,1.167869609536363,-0.8155344307620433
399,2,1.4204920870479534,-0.4533862408636655
399,3,1.3105115920564319,-0.4258194170547999
399,4,1.3049366756536853,-0.6301415306404765
399,5,1.0988824550710135,-0.21061939286892903
399,6,1.313715955128236,-0.6801865341013686
399,7,1.1262696738108553,-0.7097864368820062
399,8,1.4200060162781878,-0.4187255550968103
399,9,1.2802918252039202,-0.7277322963486662
399,10,1.304353362183017,-0.33532246892473855
399,11,1.349143301583095,-0.53541237364652
399,12,1.2911703426103285,-0.44900870131364257
399,13,1.1433036514566264,-0.6254099445515475
399,14,1.3561989541217705,-0.32468047847299647
399,15,1.2126112773474382,-0.2954898478362164
399,16,1.3855858115899333,-0.5474693670740027
399,17,1.3141504866674287,-0.5617756953308097
399,18,1.147312880475652,-0.5733409780348995
399,19,1.1525294303998168,-0.47182724725385167
400,0,1.1954311720997672,-0.52480004044086
400,1,1.1711621634740863,-0.8169470812593091
400,2,1.4235654610338087,-0.4551773959428489
400,3,1.3136921612067343,-0.4276369745412409
400,4,1.3081090153688,-0.6317489010220773
400,5,1.1022915623038378,-0.21263418120236746
400,6,1.3168760253000478,-0.6817433407686334
400,7,1.1296125961019161,-0.7113009081298166
400,8,1.423083356495603,-0.4205503141183209
400,9,1.2802918252039202,-0.7277322963486662
400,10,1.3075523922847259,-0.3372215668155371
400,11,1.3522825237238354,-0.5371124899805402
400,12,1.2943676765710208,-0.4508026094879149
400,13,1.1466337239476045,-0.627016101050347
400,14,1.3593511791574064,-0.32658809085655666
400,15,1.2159039741694415,-0.29742275370497573
400,16,1.3886846399455293,-0.5491661916400613
400,17,1.3173170311392088,-0.5634564861716097
400,18,1.1506504638768473,-0.5749847691797142
400,19,1.1558657658784726,-0.47358186103173006
401,0,1.1954311720997672,-0.52480004044086
401,1,1.1744514365266185,-0.8183583241124833
401,2,1.426635772842855,-0.45696676639264117
401,3,1.3168695606778207,-0.42945272069332113
401,4,1.31127819411693,-0.6333546697956648
401,5,1.1056972720807046,-0.21464696163339642
401,6,1.3200329468526824,-0.6832985962705566
401,7,1.1329521873225994,-0.712813870275748
401,8,1.4261576306604304,-0.42237325507399404
401,9,1.2802918252039202,-0.7277322963486662
401,10,1.3107482349935236,-0.33911877251684
401,11,1.3554186183567942,-0.5388109125424009
401,12,1.2975618240576685,-0.4525947298471181
401,13,1.149960477658594,-0.6286206568392336
401,14,1.362490180548694,-0.3285103665935607
401,15,1.2191933901082168,-0.2993537336027791
401,16,1.3917803805600852,-0.5508613254526321
401,17,1.3173170311392088,-0.5634564861716097
401,18,1.1539847222467083,-0.5766269227153948
401,19,1.1591987767814633,-0.4753347263804398
402,0,1.1954311720997672,-0.52480004044086
402,1,1.1777374319865253,-0.8197681607342214
402,2,1.4297030255484773,-0.45875435400420395
402,3,1.3200437936502711,-0.43126665732860436
402,4,1.3144442150704263,-0.6349588385686153
402,5,1.1090995878107324,-0.21665773617681106
402,6,1.3231867229462213,-0.6848523021639503
402,7,1.1362884508158395,-0.7143253248342769
402,8,1.4292288418500219,-0.4241943797885954
402,9,1.2802918252039202,-0.7277322963486662
402,10,1.3139408935084518,-0.3410140879277519
402,11,1.3585515886212052,-0.5405076430322248
402,12,1.3007527882676162,-0.45438506418516644
402,13,1.1532839159196786,-0.6302236135243693
402,14,1.3656260535386415,-0.33043072654613453
402,15,1.222479528456473,-0.30128278946253934
402,16,1.3948730365324409,-0.5525547702085458
402,17,1.3173170311392088,-0.5634564861716097
402,18,1.1573156589228308,-0.5782674402857387
402,19,1.162528466445136,-0.4770858450546008
403,0,1.1954311720997672,-0.52480004044086
403,1,1.181020153143091,-0.8211765925357712
403,2,1.4327672222209986,-0.46054016056691416
403,3,1.323214863301496,-0.4330787862628429
403,4,1.3176070813984793,-0.6365614089467033
403,5,1.1124985128996427,-0.21866650684539868
403,6,1.3263373567375978,-0.686404460004076
403,7,1.1396213899212393,-0.7158352733183708
403,8,1.4322969931386627,-0.4260136900850726
403,9,1.2802918252039202,-0.7277322963486662
403,10,1.3171303710253648,-0.3429075149454855
403,11,1.3616814376531745,-0.5422026831484407
403,12,1.3039405723950224,-0.45617361429418635
403,13,1.1566040420576231,-0.6318249727103152
403,14,1.3687588012662608,-0.3323491726365604
403,15,1.2257623925036374,-0.3032099232152432
403,16,1.3979626109583476,-0.5542465276029422
403,17,1.3173170311392088,-0.5634564861716097
403,18,1.160643277239486,-0.5799063235329055
403,19,1.1658548382025138,-0.4788352188070845
404,0,1.1954311720997672,-0.52480004044086
404,1,1.184299603282323,-0.8225836209269745
404,2,1.4358283659276827,-0.46232418786836593
404,3,1.326382772805739,-0.43488910930997965
404,4,1.320766796267121,-0.6381623825341032
404,5,1.115894050749763,-0.22067327564994071
404,6,1.3294848513805992,-0.6879550713446448
404,7,1.142951007975074,-0.7173437172394896
404,8,1.4353620875975752,-0.4278311877845571
404,9,1.2802918252039202,-0.7277322963486662
404,10,1.3203166707369327,-0.3447990554653631
404,11,1.364808168585684,-0.5438960345877855
404,12,1.3071251796308618,-0.4579603819645182
404,13,1.1599208593958772,-0.6334247360000336
404,14,1.3718884268674354,-0.3342657067852047
404,15,1.2290419855358605,-0.30513513678995347
404,16,1.4010491069304725,-0.5559365993292722
404,17,1.3173170311392088,-0.5634564861716097
404,18,1.1639675805276226,-0.581543574097419
404,19,1.1691778953832976,-0.48058284938901585
405,0,1.1954311720997672,-0.52480004044086
405,1,1.187575785686954,-0.8239892473162678
405,2,1.4388864597327375,-0.4641064376943724
405,3,1.3295475253340807,-0.4366976282821497
405,4,1.323923362839229,-0.6397617609333912
405,5,1.1192862047600298,-0.2226780445992147
405,6,1.3326292100258708,-0.6895041377378205
405,7,1.1462773083102948,-0.7188506581075873
405,8,1.4384241282949222,-0.42964687470636576
405,9,1.2802918252039202,-0.7277322963486662
405,10,1.3234997958326447,-0.3466887113808186
405,11,1.3679317845485948,-0.5455876990453055
405,12,1.3103066131629297,-0.45974536898471824
405,13,1.1632343712545783,-0.6350229049948889
405,14,1.3750149334749238,-0.33618033091051996
405,15,1.232318310836018,-0.30705843211381084
405,16,1.4041325275384011,-0.5576249870792992
405,17,1.3173170311392088,-0.5634564861716097
405,18,1.1672885721148718,-0.5831791936181685
405,19,1.1724976413138712,-0.48232873854977476
406,0,1.1954311720997672,-0.52480004044086
406,1,1.190848703636446,-0.8253934731106847
406,2,1.441941506697318,-0.46588691182896724
406,3,1.3327091240544415,-0.4385043449896823
406,4,1.32707678427453,-0.6413595457455467
406,5,1.1226749783259926,-0.22468081569999634
406,6,1.3357704358209186,-0.6910516607342199
406,7,1.1496002942565315,-0.7203560974311131
406,8,1.4414831182958092,-0.43146075266800304
406,9,1.2802918252039202,-0.7277322963486662
406,10,1.326679749498812,-0.3485764845833994
406,11,1.3710522886686491,-0.5472776782143586
406,12,1.313484876175844,-0.4615285771415602
406,13,1.166544580950555,-0.63661948129465
406,14,1.378138324218362,-0.3380930469290469
406,15,1.2355913716837148,-0.3089798111120358
406,16,1.4072128758686404,-0.559311692543101
406,17,1.3173170311392088,-0.5634564861716097
406,18,1.1706062553255494,-0.5848131837324108
406,19,1.1758140793173035,-0.48407288803699794
407,0,1.1954311720997672,-0.52480004044086
407,1,1.194118360406993,-0.8267962997158566
407,2,1.4449935098795292,-0.46766561205440693
407,3,1.335867572131585,-0.44030926124110276
407,4,1.3302270637296014,-0.6429557385699537
407,5,1.1260603748398172,-0.22668159095706147
407,6,1.3389085319101128,-0.6925976418829151
407,7,1.1529199691400962,-0.721860036717013
407,8,1.4445390606622883,-0.43327282348516255
407,9,1.2802918252039202,-0.7277322963486662
407,10,1.3298565349185716,-0.35046237696276833
407,11,1.374169684069475,-0.5489659737866156
407,12,1.3166599718510492,-0.4633100082200372
407,13,1.1698514917973306,-0.6382144664974913
407,14,1.3812586022242672,-0.3400038567554161
407,15,1.238861171355288,-0.3108992757079307
407,16,1.4102901550046223,-0.5609967174090714
407,17,1.3173170311392088,-0.5634564861716097
407,18,1.1739206334806596,-0.5864455460757716
407,19,1.179127212713352,-0.48581529959658076
408,0,1.1954311720997672,-0.52480004044086
408,1,1.1973847592715243,-0.8281977285360141
408,2,1.4480424723344292,-0.46944254015117215
408,3,1.3390228727271205,-0.4421123788431339
408,4,1.3333742043578765,-0.6445503410044029
408,5,1.1294423976902888,-0.22868037237318808
408,6,1.3420435014346905,-0.6941420827314347
408,7,1.1562363362839867,-0.7233624774707321
408,8,1.4475919584533607,-0.435083088971729
408,9,1.2802918252039202,-0.7277322963486662
408,10,1.3330301552718884,-0.3523463904067055
408,11,1.377283973871588,-0.550652587452062
408,12,1.319831903366819,-0.4650896640033635
408,13,1.1731551071051258,-0.6398078621999944
408,14,1.384375770616041,-0.34191276230235007
408,15,1.24212771312381,-0.31281682782288134
408,16,1.413364368026706,-0.5626800633639221
408,17,1.3173170311392088,-0.5634564861716097
408,18,1.1772230515755269,-0.5880937458035337
408,19,1.182437044818467,-0.48755597497267894
409,0,1.1954311720997672,-0.52480004044086
409,1,1.2006479034997088,-0.8295977609739892
409,2,1.4510883971140325,-0.4712176978979696
409,3,1.3421750289995074,-0.4439136996006983
409,4,1.3365182093096457,-0.6461433546450929
409,5,1.1328210502628155,-0.23067716194915833
409,6,1.3451753475327595,-0.6956849848257657
409,7,1.15954939900789,-0.7248634211962148
409,8,1.4506418147249802,-0.4368915509397798
409,9,1.2802918252039202,-0.7277322963486662
409,10,1.3362006137355598,-0.3542285268011103
409,11,1.3803951611923955,-0.5523375208989998
409,12,1.3230006738982605,-0.4668675462729763
409,13,1.176455430180863,-0.6413996699971503
409,14,1.3874898325139715,-0.3438197654806651
409,15,1.2453910002590927,-0.31473246937635935
409,16,1.416435518012182,-0.5643617320926838
409,17,1.3173170311392088,-0.5634564861716097
409,18,1.1805221783940645,-0.5897403028922976
409,19,1.1857435789457929,-0.48929491590771024
410,0,1.1954311720997672,-0.52480004044086
410,1,1.203907796357957,-0.8309963984312154
410,2,1.4541312872673127,-0.47299108707173393
410,3,1.345324044104057,-0.4457132253169198
410,4,1.3396590817320615,-0.6477347810866319
410,5,1.136196335939432,-0.23267196168376056
410,6,1.3483040733393006,-0.6972263497103544
410,7,1.1628591606281848,-0.7263628693959073
410,8,1.453688632530056,-0.4386982111995873
410,9,1.2835740530914506,-0.7290240520760161
410,10,1.3393679134832177,-0.356108788030003
410,11,1.383503249146199,-0.554020775814049
410,12,1.3261662866173156,-0.4686436568085374
410,13,1.1797524643281687,-0.6429898914823599
410,14,1.3906007910352383,-0.34572486819927334
410,15,1.2486510360276895,-0.31664620228592383
410,16,1.419503608035274,-0.5660417252787088
410,17,1.3173170311392088,-0.5634564861716097
410,18,1.1838180172387014,-0.5913852189902687
410,19,1.1857435789457929,-0.48929491590771024
411,0,1.1987937876695762,-0.526355596015812
411,1,1.2071644411094247,-0.8323936423077304
411,2,1.4571711458402057,-0.4747627094476295
411,3,1.3484699211929365,-0.4475109577931254
411,4,1.34279682476914,-0.6493246219220393
411,5,1.1395682580988025,-0.23466477357379126
411,6,1.3514296819861715,-0.6987661789281086
411,7,1.1661656244579461,-0.7278608235707589
411,8,1.4567324149184555,-0.4405030715596201
411,9,1.2868416232494944,-0.7303431624278761
411,10,1.3425320576853323,-0.357987175975527
411,11,1.3866082408441973,-0.5557023538821493
411,12,1.3293287446927657,-0.4704179973879354
411,13,1.1830462128473775,-0.6445785282474366
411,14,1.3937086492939137,-0.3476280723651844
411,15,1.2519078236928993,-0.31855802846722325
411,16,1.4225686411671437,-0.5677200446036718
411,17,1.3205620373155122,-0.5649718720523567
411,18,1.1871105714085755,-0.5930284957440096
411,19,1.1857435789457929,-0.48929491590771024
412,0,1.2021408074139552,-0.5279358439103692
412,1,1.2104178410140167,-0.8337894940021765
412,2,1.460207975875613,-0.476532566799052
412,3,1.351612663415172,-0.449306898828847
412,4,1.3459314415617651,-0.6509128787427475
412,5,1.1429368201162244,-0.23665559961405708
412,6,1.3545521766021096,-0.7003044740203987
412,7,1.1694687938069472,-0.7293572852202229
412,8,1.459773164937008,-0.44230613382654516
412,9,1.290094986393636,-0.7316878283644914
412,10,1.3456930495092152,-0.3598636925179504
412,11,1.389701619749858,-0.5573978937167092
412,12,1.3324880512902348,-0.4721905697872868
412,13,1.1863366790355347,-0.6461655818826072
412,14,1.3968134104009668,-0.3495293798835076
412,15,1.25516136651477,-0.3204679498339975
412,16,1.425630620475892,-0.569396691747572
412,17,1.3237917981826228,-0.5665112535672762
412,18,1.190399844199537,-0.5946701347984419
412,19,1.1857435789457929,-0.48929491590771024
413,0,1.2054728113994193,-0.5295390561874025
413,1,1.2136679993283894,-0.8351839549118028
413,2,1.4632417804134046,-0.47830066089763035
413,3,1.3547522739166515,-0.45110105022182345
413,4,1.3490629352476913,-0.652499553138603
413,5,1.1463020253636316,-0.23864444179737684
413,6,1.357671560312735,-0.70184123652706
413,7,1.172768671981664,-0.7308522558422591
413,8,1.4628108856295072,-0.4441073998052296
413,9,1.2933345933427967,-0.7330563667245871
413,10,1.348850892119022,-0.3617383395356682
413,11,1.392791915774555,-0.5590917437655564
413,12,1.3356442095721917,-0.4739613757809384
413,13,1.1896238661864005,-0.6477510539765141
413,14,1.3999150774642666,-0.3514287926574535
413,15,1.2584116677501012,-0.3223759682980798
413,16,1.428689549026563,-0.571071668388735
413,17,1.3270068582307641,-0.5680730011051651
413,18,1.193685838904151,-0.5963101377968478
413,19,1.1857435789457929,-0.48929491590771024
414,0,1.208790366535462,-0.5311636220994883
414,1,1.2169149193059543,-0.8365770264324658
414,2,1.4662725624904218,-0.4800669935132285
414,3,1.3578887558401282,-0.452893413768002
414,4,1.352191308961547,-0.6540846466978684
414,5,1.149663877209598,-0.24063130211458356
414,6,1.3607878362405537,-0.703376467986393
414,7,1.1760652622852774,-0.7323457369333345
414,8,1.4658455800367145,-0.4459068712987425
414,9,1.2965608918954197,-0.7344472025324752
414,10,1.3520055886757567,-0.36361111890520387
414,11,1.395879132011678,-0.5607839057242363
414,12,1.3387972226979539,-0.4757304171414687
414,13,1.1929077775904522,-0.6493349461162164
414,14,1.4030136535885849,-0.3533263125883363
414,15,1.2616587306524474,-0.32428208576939843
414,16,1.4317454298811474,-0.5727449762038139
414,17,1.3302077510067094,-0.5696555923902014
414,18,1.1969685588117014,-0.597948506380872
414,19,1.1857435789457929,-0.48929491590771024
415,0,1.2120940246125076,-0.5328080397985381
415,1,1.2201586041968817,-0.8379687099586317
415,2,1.4693003251404804,-0.4818315664139472
415,3,1.3610221123252237,-0.45468399126154035
415,4,1.355316565834837,-0.6556681610072239
415,5,1.1530223790193403,-0.24261618255452633
415,6,1.3639010075049611,-0.7049101699351659
415,7,1.1793585680176781,-0.733837729988425
415,8,1.468877251196362,-0.4477045501083565
415,9,1.2997743242651356,-0.7358588618074015
415,10,1.3551571423372732,-0.36548203250121136
415,11,1.398963271551533,-0.5624743812866048
415,12,1.3419470938236908,-0.4774976956396898
415,13,1.1961884165348884,-0.6509172598871917
415,14,1.4061091418755993,-0.35522194157557524
415,15,1.2649025584721219,-0.3261863041559789
415,16,1.434798266098585,-0.5744166168677917
415,17,1.3333949972039403,-0.5712576051078002
415,18,1.200248007208194,-0.5995852421905232
415,19,1.1857435789457929,-0.48929491590771024
416,0,1.215384320812665,-0.5344709086432965
416,1,1.2233990572481033,-0.839359006883377
416,2,1.4723250713943736,-0.48359438136612554
416,3,1.3641523465084309,-0.45647278449480827
416,4,1.3584387089959467,-0.6572500976517689
416,5,1.1563775341547224,-0.24459908510407244
416,6,1.3670110772222448,-0.7064423439086158
416,7,1.1826485924754682,-0.7353282365010173
416,8,1.4719059021431553,-0.44950043803354994
416,9,1.30297532499731,-0.7372899648484038
416,10,1.35830555625828,-0.36735108219647705
416,11,1.4020443374813472,-0.5641631721448296
416,12,1.3450938261024263,-0.47926321304464925
416,13,1.1994657863036318,-0.6524979968733376
416,14,1.4061091418755993,-0.35522194157557524
416,15,1.2681431544561994,-0.32808862536394556
416,16,1.4378480607347677,-0.576086592053982
416,17,1.3365691031821718,-0.5728777100450164
416,18,1.2035241873763602,-0.6012203468641754
416,19,1.1857435789457929,-0.48929491590771024
417,0,1.2186617726189173,-0.5361509220645829
417,1,1.2266362817033156,-0.8407479185983902
417,2,1.4753468042798754,-0.48535544013434306
417,3,1.3672794615231172,-0.4582597952583896
417,4,1.3615577415701445,-0.6588304582150236
417,5,1.1597293459742577,-0.24658001174810928
417,6,1.3701180485055875,-0.7079729914404506
417,7,1.1859353389519651,-0.7368172579631098
417,8,1.4749315359087771,-0.4512945368720083
417,9,1.306164319298037,-0.738739219967777
417,10,1.3614508335903426,-0.36921826986192147
417,11,1.4051223328852702,-0.565850279989392
417,12,1.3482374226840428,-0.48102697112363174
417,13,1.202739890177333,-0.6540771586569735
417,14,1.4061091418755993,-0.35522194157557524
417,15,1.27138052184852,-0.3299890512975239
417,16,1.440894816842543,-0.5777549034340319
417,17,1.3397305598513018,-0.5745146647125863
417,18,1.2067971025956594,-0.60285382203857
417,19,1.1857435789457929,-0.48929491590771024
418,0,1.221926879058802,-0.5378468609497711
418,1,1.2298702808029838,-0.8421354464939733
418,2,1.4783655268217435,-0.48711474448142134
418,3,1.3704034604995279,-0.4600450253410839
418,4,1.3646736666795851,-0.6604092442789304
418,5,1.1630778178331131,-0.24855896446954637
418,6,1.3732219244650705,-0.7095021140628497
418,7,1.1892188107372055,-0.7383047958652145
418,8,1.4779541555218898,-0.4530868484196264
418,9,1.3093417217160572,-0.7402054176465112
418,10,1.3645929774818863,-0.37108359736660135
418,11,1.4081972608443787,-0.5675357065090886
418,12,1.3513778867152832,-0.48278897164216084
418,13,1.206010731433373,-0.6556547468188416
418,14,1.4061091418755993,-0.35522194157557524
418,15,1.2746146638896911,-0.3318875838590422
418,16,1.4439385374717169,-0.5794215526779226
418,17,1.342879841863636,-0.5761673074168275
418,18,1.2100667561422829,-0.6044856693488172
418,19,1.1857435789457929,-0.48929491590771024
419,0,1.2251887319112893,-0.539541109879215
419,1,1.233101057784344,-0.8435215919590432
419,2,1.481381242041722,-0.4888722961684257
419,3,1.3735243465647888,-0.4618284765299081
419,4,1.3677864874433125,-0.6619864574238558
419,5,1.1664229530831123,-0.2505359452493173
419,6,1.3763227082076768,-0.7110297133064665
419,7,1.1924990111179479,-0.7397908516963582
419,8,1.4809737640081386,-0.4548773744705097
419,9,1.312507935125872,-0.7416874250856814
419,10,1.3677319910782006,-0.3729470665777113
419,11,1.4112691244366786,-0.569219453391033
419,12,1.3545152213397553,-0.4845492163640007
419,13,1.209278313345867,-0.6572307629381096
419,14,1.4061091418755993,-0.35522194157557524
419,15,1.2778455838170926,-0.33378422494893334
419,16,1.4469792256690563,-0.5810865414539717
419,17,1.3460174070659074,-0.5778345517509585
419,18,1.213333151289157,-0.606115890428398
419,19,1.1857435789457929,-0.48929491590771024
420,0,1.228447334441497,-0.5412336705488595
420,1,1.236328615881407,-0.8449063563811329
420,2,1.484393952958545,-0.49062809695466714
420,3,1.3766421228429102,-0.46361015061009875
420,4,1.3708962069772634,-0.6635620992285916
420,5,1.169764755072739,-0.25251095606638185
420,6,1.3794204028372936,-0.7125557907004293
420,7,1.195775943377676,-0.7412754269440843
420,8,1.4839813549149996,-0.4566812242380317
420,9,1.3156633499671577,-0.7431841811286201
420,10,1.3708678775214411,-0.3748086793605859
420,11,1.4143379267371083,-0.5709015223206574
420,12,1.3576494296979342,-0.48630770705115817
420,13,1.2125426391856682,-0.6588052085923708
420,14,1.4061091418755993,-0.35522194157557524
420,15,1.281073284864878,-0.3356789764657369
420,16,1.4500168844782935,-0.5827498714288345
420,17,1.349151845708261,-0.5795001346887607
420,18,1.2165962913059467,-0.607744486909165
420,19,1.1891189271979796,-0.49088749480779503
421,0,1.2317026899112895,-0.5429245446529595
421,1,1.2395529583249618,-0.8462897411463928
421,2,1.487403662587939,-0.49238214859770396
421,3,1.379756792454789,-0.46539004936511325
421,4,1.37400282839427,-0.6651361712703567
421,5,1.1731032271471402,-0.2544839988977277
421,6,1.3825150114547167,-0.7140803477723431
421,7,1.1990496107966022,-0.7427585230944541
421,8,1.486985948432579,-0.4584832762743707
421,9,1.3188156207148127,-0.7446794457856781
421,10,1.3740006399506333,-0.3766684375787013
421,11,1.417403670817542,-0.5725819149817146
421,12,1.3607805149271655,-0.48806444546388406
421,13,1.2158037122203695,-0.6603780853576471
421,14,1.4061091418755993,-0.35522194157557524
421,15,1.2842977702639795,-0.3375718403061011
421,16,1.4530515169401277,-0.584411544267506
421,17,1.3522831609282726,-0.5811640578974842
421,18,1.2198561794590583,-0.6093714604213452
421,19,1.192478373462616,-0.4925048345269096
422,0,1.2349548015792808,-0.5446137338840816
422,1,1.2427740883425782,-0.8476717476395924
422,2,1.4904103739426262,-0.49413445285334356
422,3,1.3828683585182129,-0.467168174576632
422,4,1.3771063548040636,-0.6667086751247989
422,5,1.1764383726481298,-0.2564550757183727
422,6,1.385606537157652,-0.715603386048291
422,7,1.202320016651671,-0.7442401416320483
422,8,1.4899875475684774,-0.4602835323833825
422,9,1.3219647505242629,-0.746173220553617
422,10,1.3771302815016753,-0.3785263430936773
422,11,1.4204663597467924,-0.5742606330562793
422,12,1.3639084801616683,-0.48981943336067524
422,13,1.2190615357143084,-0.6619493948083895
422,14,1.4061091418755993,-0.35522194157557524
422,15,1.2875190432421102,-0.3394628183647844
422,16,1.456083126092229,-0.5860715616333223
422,17,1.355411355860392,-0.5828263230427176
422,18,1.223112819011643,-0.6109968125935403
422,19,1.1958225210771924,-0.4941451867842956
423,0,1.238203672700838,-0.546301239933106
423,1,1.2459920091586105,-0.8490523772441216
423,2,1.4934140900323276,-0.49588501147564423
423,3,1.3859768241478623,-0.46894452802456016
423,4,1.380206789313277,-0.6682796123659961
423,5,1.1797701949141917,-0.2584241885013667
423,6,1.38869498304072,-0.7171249070528357
423,7,1.2055871642165616,-0.7457202840399685
423,8,1.492986155327299,-0.4620819943671252
423,9,1.3251107425477904,-0.7476655069277067
423,10,1.3802568053073414,-0.38038239776527916
423,11,1.4235259965906142,-0.5759376782247498
423,12,1.3670333285325393,-0.49157267249827635
423,13,1.2223161129285693,-0.6635191385174806
423,14,1.4061091418755993,-0.35522194157557524
423,15,1.2907371070237672,-0.34135191253465774
423,16,1.459111714969241,-0.5877299251879625
423,17,1.3585364336359453,-0.5844869317883903
423,18,1.2263662132236,-0.6126205450527298
423,19,1.1991519587516497,-0.4958069228562973
424,0,1.2414493065280843,-0.5479870644892277
424,1,1.2492067239942009,-0.8504316313419921
424,2,1.4964060850059078,-0.49764871853463294
424,3,1.3890821924553143,-0.4707191114870292
424,4,1.3833041350254482,-0.669848984566458
424,5,1.1830986972804831,-0.2603913392177935
424,6,1.3917803521954581,-0.7186449123090214
424,7,1.2088510567616921,-0.7471989517998386
424,8,1.4959817747106527,-0.4638786640258611
424,9,1.3282535999345362,-0.7491563064017274
424,10,1.3833802144972849,-0.3822366034514194
424,11,1.4265825844117068,-0.5776130521658501
424,12,1.3701550631677546,-0.4933241646316815
424,13,1.2255674471209874,-0.6650873180562351
424,14,1.4061091418755993,-0.35522194157557524
424,15,1.2939519648302358,-0.3432391247067062
424,16,1.4621372866027844,-0.5893866365914501
424,17,1.3616583973831387,-0.586145885796773
424,18,1.2296163653515804,-0.6142426594242713
424,19,1.2024672586544054,-0.49748852503952834
425,0,1.2446917063099021,-0.5496712092399589
425,1,1.2524182360672818,-0.8518095113138384
425,2,1.4993950981577318,-0.49941066788342275
425,3,1.3921844665490457,-0.47249192674039897
425,4,1.3863983950410232,-0.6714167932971278
425,5,1.1864238830788385,-0.2623565298367729
425,6,1.3948626477103239,-0.7201634033383747
425,7,1.2121116975542219,-0.7486761463918067
425,8,1.4989744087171568,-0.46567354315805826
425,9,1.3313933258305035,-0.7506456204679708
425,10,1.3864908490696548,-0.38410514366272186
425,11,1.4296361262697177,-0.5792867565566311
425,12,1.3732736871921736,-0.495073911514136
425,13,1.2288155415461512,-0.6666539349944024
425,14,1.4093506664834465,-0.35684728119757514
425,15,1.2971636198795917,-0.345124456770031
425,16,1.4651598440214593,-0.5910416975021547
425,17,1.3647772502270608,-0.5878031867284804
425,18,1.2328632786489895,-0.6158631573319028
425,19,1.205768974978051,-0.49918857873683004
426,0,1.247930875291937,-0.55135367587113
426,1,1.25562654859258,-0.85318601853892
426,2,1.5023811324798046,-0.5011708612857267
426,3,1.3952836495344358,-0.4742629755592593
426,4,1.3894895724573595,-0.6729830401273833
426,5,1.1897457556377717,-0.2643197623254626
426,6,1.397934389247549,-0.7216954782438895
426,7,1.2153690898580558,-0.7501518692945458
426,8,1.5019640603424407,-0.4674666335603924
426,9,1.3345299233785612,-0.7521334506172417
426,10,1.389598383532,-0.38597182165584804
426,11,1.4326866252212453,-0.5809587930724726
426,12,1.376389203727542,-0.4968219148971382
426,13,1.2320603994554067,-0.6682189909001676
426,14,1.4093506664834465,-0.35684728119757514
426,15,1.3003720753867047,-0.34700791061185143
426,16,1.4681793902508486,-0.5926951095767942
426,17,1.367892995289686,-0.5894588362424724
426,18,1.2361069563659908,-0.6174820403977445
426,19,1.2090576429081918,-0.5009057651234605
427,0,1.2511668167166,-0.5530344660668919
427,1,1.2588316647816193,-0.8545611543951216
427,2,1.50536419096115,-0.5029293005035003
427,3,1.39837974451377,-0.4760322597164317
427,4,1.3925776703687285,-0.6745477266250394
427,5,1.1930643182824807,-0.26628103864906033
427,6,1.4010030694875717,-0.7232260262837595
427,7,1.2186232369338468,-0.7516261219852561
427,8,1.5049507325791487,-0.4692579370277489
427,9,1.3376633957184467,-0.7536197983388596
427,10,1.392702820994966,-0.3878366392993444
427,11,1.435734084319842,-0.5826291633870847
427,12,1.379501615892495,-0.49856817653044117
427,13,1.2353020240968595,-0.669782487340153
427,14,1.4093506664834465,-0.35684728119757514
427,15,1.3035773345632422,-0.34888948811750664
427,16,1.4711959283135212,-0.5943468744704353
427,17,1.371005635689879,-0.5911128359960557
427,18,1.239347401749509,-0.6190993102422997
427,19,1.2123337779297396,-0.5026388543527832
428,0,1.2543995338230718,-0.5547135815097172
428,1,1.2620335878427245,-0.8559349202589558
428,2,1.508344276587812,-0.5046859872969427
428,3,1.4014727545862424,-0.47779978098297143
428,4,1.3956626918663193,-0.6761108543563487
428,5,1.19637957433485,-0.2682403607708056
428,6,1.4040686915021436,-0.7247550489900652
428,7,1.2218741420389991,-0.753098905939666
428,8,1.5079344284169425,-0.4710474553532242
428,9,1.3407937459867687,-0.75510466512066
428,10,1.395804164566097,-0.3896995984598953
428,11,1.4387785066160175,-0.5842978691725098
428,12,1.3826109268025604,-0.5003126981620546
428,13,1.2385404187153792,-0.6713444258794203
428,14,1.4093506664834465,-0.35684728119757514
428,15,1.3067794006176714,-0.3507691911704575
428,16,1.4742094612290344,-0.5959969938364966
428,17,1.3741151745433953,-0.5927651876448857
428,18,1.242584618043233,-0.6207149684844573
428,19,1.2156066481374455,-0.5043702164818282
429,0,1.2576290298473056,-0.5563910238804021
429,1,1.2652323209810235,-0.8573073175055635
429,2,1.5113213923428592,-0.5064409234244992
429,3,1.4045626828479592,-0.47956554112816896
429,4,1.3987446400382417,-0.6776724248860035
429,5,1.199691527113454,-0.2701977306519817
429,6,1.4071312583599558,-0.7262825478933594
429,7,1.225121808427672,-0.7545702226320335
429,8,1.5109151508425047,-0.4728351903281279
429,9,1.3439209773170109,-0.756588052448996
429,10,1.3989024173498417,-0.3915607010023247
429,11,1.4418198951572414,-0.585964912099124
429,12,1.385717139570161,-0.5020554815382463
429,13,1.2385404187153792,-0.6713444258794203
429,14,1.4093506664834465,-0.35684728119757514
429,15,1.3099782767552637,-0.3526470216522887
429,16,1.4772199920139377,-0.5976454693267491
429,17,1.3772216149628864,-0.5944158928429681
429,18,1.2458186084876193,-0.6223290167414928
429,19,1.2188762568074554,-0.5060998532436907
430,0,1.26085530802203,-0.558066794858068
430,1,1.2684278673984515,-0.8586783475087157
430,2,1.5142955412063877,-0.5081941106428627
430,3,1.4076495323919413,-0.48132954191955196
430,4,1.4018235179695286,-0.6792324397771377
430,5,1.2030001799335608,-0.2721531502519179
430,6,1.4101907731266403,-0.7278085245226704
430,7,1.2283662393507828,-0.7560400735351483
430,8,1.5138929028395414,-0.4746211437419845
430,9,1.3470450928395348,-0.7580699618087398
430,10,1.4019975824475537,-0.3934199487895981
430,11,1.4448582529879466,-0.5876302938356389
430,12,1.3888202573046193,-0.5037965284035442
430,13,1.2385404187153792,-0.6713444258794203
430,14,1.4093506664834465,-0.35684728119757514
430,15,1.3131739661780972,-0.3545229814427102
430,16,1.4802275236817752,-0.5992923025913184
430,17,1.3803249600579022,-0.5960649532426604
430,18,1.2490493763198958,-0.62394145662907
430,19,1.222142607212651,-0.5078277663697388
431,0,1.2640783715767525,-0.5597408961201633
431,1,1.2716202302937534,-0.8600480116408148
431,2,1.5172667261555233,-0.5099455507069751
431,3,1.4107333063081284,-0.4830917851228869
431,4,1.4048993287421399,-0.6807909005913274
431,5,1.2063055361071349,-0.2741066215279911
431,6,1.4132472388647748,-0.7293329804055021
431,7,1.2316074380560098,-0.7575084601203326
431,8,1.516867687388785,-0.4764053173825351
431,9,1.350166095681583,-0.759550394683284
431,10,1.4050896629574965,-0.39527734368282424
431,11,1.4478935831495323,-0.5892940160491033
431,12,1.3919202831121589,-0.5055358405007379
431,13,1.2385404187153792,-0.6713444258794203
431,14,1.4093506664834465,-0.35684728119757514
431,15,1.3131739661780972,-0.3545229814427102
431,16,1.4832320592430894,-0.6009374952786861
431,17,1.3834252129348943,-0.5977123704946736
431,18,1.2522769247740642,-0.6255522897612428
431,19,1.2254057026226524,-0.5095539575896152
432,0,1.267298223737763,-0.5614133293424651
432,1,1.2748094128624876,-0.8614163112728959
432,2,1.520234950164425,-0.5116952453700299
432,3,1.4138140076833812,-0.48485227250218105
432,4,1.4079643641465858,-0.6823629354681217
432,5,1.2096075989428412,-0.2760581464356279
432,6,1.4163006586338842,-0.7308559170678364
432,7,1.2348454077877962,-0.7589753838574426
432,8,1.519839507467998,-0.4781877130357393
432,9,1.353283988967283,-0.7610293525545435
432,10,1.4081786619748458,-0.3971328875412573
432,11,1.450925888680367,-0.5909560804049047
432,12,1.3950172200959088,-0.5072734195708805
432,13,1.2385404187153792,-0.6713444258794203
432,14,1.4093506664834465,-0.35684728119757514
432,15,1.3131739661780972,-0.3545229814427102
432,16,1.4862336017054232,-0.6025810490356919
432,17,1.3865223766972188,-0.599358146248074
432,18,1.2555012570809034,-0.6271615177504567
432,19,1.2286655463038212,-0.5112784286312391
433,0,1.2705148677281366,-0.5630840961990806
433,1,1.277995418297029,-0.8627832477746282
433,2,1.5232002162042881,-0.5134431963834729
433,3,1.4168916396014846,-0.4866110058196839
433,4,1.4110263449458458,-0.6839334036596241
433,5,1.212906371746048,-0.2780077269283068
433,6,1.4193510354904448,-0.7323773360341342
433,7,1.238080151787353,-0.7604408462148704
433,8,1.5228083660519751,-0.4799683324857769
433,9,1.3563987758176483,-0.7625068369029566
433,10,1.4112645825916923,-0.39898658222229855
433,11,1.4539551726157915,-0.5926164885667712
433,12,1.3981110713559057,-0.5090092673532902
433,13,1.2385404187153792,-0.6713444258794203
433,14,1.4093506664834465,-0.35684728119757514
433,15,1.3131739661780972,-0.3545229814427102
433,16,1.4892240862384953,-0.6042376142354363
433,17,1.3896164544451397,-0.6010022821502848
433,18,1.2587223764679736,-0.6287691422075506
433,19,1.231922141519264,-0.5130011812208076
434,0,1.273728306767737,-0.5647531983624491
434,1,1.2811782497865722,-0.8641488225143167
434,2,1.5261625272433468,-0.515189405497005
434,3,1.4199662051431512,-0.4883679868358893
434,4,1.4140852742049654,-0.6855023067378748
434,5,1.2162018578188298,-0.2799553649575596
434,6,1.4223983724878868,-0.7338972388273377
434,7,1.241311673292662,-0.7619048486595454
434,8,1.5257742661125469,-0.4817471775150497
434,9,1.3595104593505842,-0.7639828492074866
434,10,1.414347427897046,-0.4008384295814981
434,11,1.456981437988122,-0.594275242196773
434,12,1.4012018399890982,-0.5107433855855527
434,13,1.2385404187153792,-0.6713444258794203
434,14,1.4093506664834465,-0.35684728119757514
434,15,1.3131739661780972,-0.3545229814427102
434,16,1.4922115904730051,-0.6058925285124528
434,17,1.3927074492758318,-0.6026447798470876
434,18,1.2619402861596183,-0.6303751647417583
434,19,1.235175491528836,-0.5147222170827979
435,0,1.27693854407322,-0.5664206375033435
435,1,1.2843579105171348,-0.8655130368589028
435,2,1.5291218862468772,-0.5169338744585831
435,3,1.4230377073860243,-0.4901232173095369
435,4,1.4171411549859363,-0.6870696462733474
435,5,1.2194940604599718,-0.28190106247297403
435,6,1.4254426726765976,-0.7354156269688709
435,7,1.2445399755384794,-0.7633673926569355
435,8,1.528737210618582,-0.4835242499041833
435,9,1.3626190426808886,-0.7654573909456232
435,10,1.4174272009768378,-0.4026884314725571
435,11,1.4600046878266533,-0.595932342955324
435,12,1.4042895290893485,-0.5124757760035217
435,13,1.2385404187153792,-0.6713444258794203
435,14,1.4093506664834465,-0.35684728119757514
435,15,1.3131739661780972,-0.3545229814427102
435,16,1.4951961173994472,-0.6075457935233122
435,17,1.395795364283384,-0.6042856409826243
435,18,1.2651549893769682,-0.6319795869607097
435,19,1.2384255995891436,-0.5164415379399684
436,0,1.2801455828580361,-0.568086415290872
436,1,1.28753440367156,-0.8668758921739665
436,2,1.5320782961772006,-0.5186766050144224
436,3,1.4261061494046805,-0.4918766989976142
436,4,1.4201939903476977,-0.6886354238349504
436,5,1.2227829829649717,-0.28384482142219514
436,6,1.4284839391039246,-0.7369325019786418
436,7,1.247765061756339,-0.7648284796710486
436,8,1.531697202535991,-0.48529955143202896
436,9,1.3657245289202566,-0.766930463593384
436,10,1.4205039049139239,-0.4045365897473292
436,11,1.463024925157661,-0.597587792501184
436,12,1.4073741417474364,-0.5142064403413218
436,13,1.2385404187153792,-0.6713444258794203
436,14,1.4093506664834465,-0.35684728119757514
436,15,1.3131739661780972,-0.3545229814427102
436,16,1.4981776700053362,-0.6091974109229344
436,17,1.395795364283384,-0.6042856409826243
436,18,1.2683664893379445,-0.633582410470433
436,19,1.2416724689535483,-0.5181591455133611
437,0,1.2833494263324345,-0.5697505333924798
437,1,1.2907077324295206,-0.8682373898237273
437,2,1.5350317599936865,-0.5204175989089979
437,3,1.4291715342706335,-0.4936284336553581
437,4,1.4232437833461409,-0.6901996409900284
437,5,1.2260686286260443,-0.28578664375092755
437,6,1.4315221748141784,-0.7384478653750438
437,7,1.2509795105711752,-0.7663043899787194
437,8,1.5346542448277285,-0.4870730838756652
437,9,1.368826921177283,-0.7684020686253163
437,10,1.4235775427880875,-0.40638290625582263
437,11,1.4660421530044059,-0.5992415924914593
437,12,1.4104556810510622,-0.5159353803313498
437,13,1.2385404187153792,-0.6713444258794203
437,14,1.4125411307045455,-0.35856315827923607
437,15,1.3131739661780972,-0.3545229814427102
437,16,1.501156251275209,-0.6108473823645901
437,17,1.395795364283384,-0.6042856409826243
437,18,1.2715747892572618,-0.6351836368753562
437,19,1.2449161028721696,-0.5198750415223028
438,0,1.2865500777034655,-0.5714129934739508
438,1,1.2938711459351415,-0.8696131665847384
438,2,1.5379822806527548,-0.5221568578850462
438,3,1.4322338650523363,-0.4953784230362566
438,4,1.426290537034112,-0.6917622993043645
438,5,1.2293510007321242,-0.28772653140293736
438,6,1.4345573828486362,-0.7399617186749572
438,7,1.2541907558286534,-0.7677788293768819
438,8,1.5376083404537968,-0.4888448490103998
438,9,1.3719262225574653,-0.7698722075144983
438,10,1.4266481176760435,-0.408227382846202
438,11,1.469056374387136,-0.6008937445816054
438,12,1.4135341500848497,-0.5176625977042763
438,13,1.2385404187153792,-0.6713444258794203
438,14,1.4157141344620416,-0.360303665434069
438,15,1.3131739661780972,-0.3545229814427102
438,16,1.5041318641906285,-0.6124957094999023
438,17,1.395795364283384,-0.6042856409826243
438,18,1.2747798923464313,-0.6367832677783085
438,19,1.2481565045918879,-0.5215892276844071
439,0,1.2897475401749843,-0.5730737971994092
439,1,1.297031406795633,-0.8709875722521833
439,2,1.5409298611078797,-0.5238943836835672
439,3,1.435293144815185,-0.4971266688920509
439,4,1.429334254461414,-0.6933234003421812
439,5,1.232630102568869,-0.2896644863200539
439,6,1.437589566245544,-0.7414740633937507
439,7,1.257398800743233,-0.7692517993414513
439,8,1.5405594923712487,-0.4906148486097714
439,9,1.3750224361632075,-0.7713408817325401
439,10,1.4297156326514402,-0.4100700213647903
439,11,1.4720675923230901,-0.6025442504254283
439,12,1.4166095519303497,-0.5193880941890475
439,13,1.241863041520942,-0.6727087136948876
439,14,1.4188703536841072,-0.3620670833461059
439,15,1.3131739661780972,-0.3545229814427102
439,16,1.5071045117301862,-0.6141423939788481
439,17,1.395795364283384,-0.6042856409826243
439,18,1.2779818018137645,-0.638381304780522
439,19,1.2513936773563488,-0.523301705715576
440,0,1.292941816947654,-0.5747329462313211
440,1,1.3001885181744193,-0.8723606082018434
440,2,1.543874504309592,-0.5256301780438261
440,3,1.438349376621522,-0.49887317297273676
440,4,1.4323749386748115,-0.6948829456661422
440,5,1.235905937418663,-0.2916005104421721
440,6,1.4406187280401206,-0.7429849010452827
440,7,1.2606036485261707,-0.770723301346872
440,8,1.54350770353419,-0.4923830844455513
440,9,1.3781155650938224,-0.7728080927495864
440,10,1.4327800907848631,-0.41191082365607046
440,11,1.4750758098265,-0.6041931116750857
440,12,1.4196818896660421,-0.5211118715128872
440,13,1.245170673019387,-0.6740998129687803
440,14,1.4220104471626944,-0.36385180907279463
440,15,1.316505751770543,-0.3561365228030334
440,16,1.510074196869505,-0.6157874374497602
440,17,1.395795364283384,-0.6042856409826243
440,18,1.2811805208643758,-0.6399777494816333
440,19,1.2546276244059653,-0.5250124773300018
441,0,1.2961329112189488,-0.5763904422304963
441,1,1.303342483231772,-0.873732275808129
441,2,1.5468162132054826,-0.5273642427033545
441,3,1.441402563530638,-0.5006179370265664
441,4,1.435412592718032,-0.6964409368373538
441,5,1.2391785085606197,-0.2935346057072539
441,6,1.4436448712645595,-0.7444942331419032
441,7,1.2638053023855218,-0.7721933368661189
441,8,1.546452976893783,-0.49414955828774526
441,9,1.3812056124455347,-0.7742738420343167
441,10,1.435841495143838,-0.4137497915626873
441,11,1.4780810299085945,-0.6058403299810896
441,12,1.4227511663673402,-0.5228339314012981
441,13,1.2484638043885232,-0.6755159235771759
441,14,1.4251350547222246,-0.3656563477761588
441,15,1.3198177498018178,-0.35778211304176327
441,16,1.513040922581243,-0.6174308415593287
441,17,1.395795364283384,-0.6042856409826243
441,18,1.2843760527001864,-0.6415726034796851
441,19,1.2578583489779216,-0.5267215442401685
442,0,1.2993208261831573,-0.5780462868560899
442,1,1.306493305124813,-0.8751025764440807
442,2,1.5497549907402048,-0.529096579397953
442,3,1.4444527085987762,-0.5023609628000505
442,4,1.4384472196317701,-0.6979973754153667
442,5,1.2424478192705863,-0.2954667740513306
442,6,1.4466679989480336,-0.7460020611944552
442,7,1.267003765526145,-0.7736619073706992
442,8,1.5493953153982492,-0.4959142719045954
442,9,1.3842925813114852,-0.7757381310539475
442,10,1.4388998487928335,-0.4155869269254496
442,11,1.4810832555776017,-0.607485906992307
442,12,1.425817385106593,-0.5245542755780638
442,13,1.2517429231987915,-0.6769553635023303
442,14,1.4282447958585,-0.3674793050552653
442,15,1.3231106792284475,-0.3594574967130002
442,16,1.5160046918350951,-0.6190726079526029
442,17,1.395795364283384,-0.6042856409826243
442,18,1.2875684005199264,-0.643165868371128
442,19,1.2610858543061763,-0.5284289081568537
443,0,1.3025055650313853,-0.5797004817656041
443,1,1.3096409870075187,-0.876471511481371
443,2,1.5526908398554782,-0.5308271898616923
443,3,1.4474998148791347,-0.5041022520379596
443,4,1.4414788224536907,-0.6995522629581775
443,5,1.245713872821146,-0.29739701740850455
443,6,1.4496881141166962,-0.747508386712276
443,7,1.2701990411497053,-0.7751290143306532
443,8,1.5523347219928723,-0.49767722706258183
443,9,1.3873764747817328,-0.7772009612742335
443,10,1.4419551547932647,-0.4174222315833316
443,11,1.4840824898387526,-0.6091298443559621
443,12,1.4288805489530882,-0.5262729057652505
443,13,1.2550085105560582,-0.6784165608160427
443,14,1.4313402687736387,-0.36931937983928165
443,15,1.326385252632227,-0.3611605746968306
443,16,1.5189655075977975,-0.6207127382729924
443,17,1.395795364283384,-0.6042856409826243
443,18,1.2907575675191394,-0.6447575457508214
443,19,1.2643101436214652,-0.5301345707891305
444,0,1.3056871309515594,-0.5813530286148895
444,1,1.3127855320307213,-0.8778390822903052
444,2,1.5556237634900902,-0.5325560758269152
444,3,1.45054388542187,-0.5058418064833257
444,4,1.4445074042184312,-0.7011056010222302
444,5,1.2489766724816218,-0.29932533771095127
444,6,1.4527052197936858,-0.749013211203199
444,7,1.2733911324546765,-0.7765946592145565
444,8,1.5552711996200013,-0.4994384255264243
444,9,1.3904572959432577,-0.7786623341594693
444,10,1.4450074162034958,-0.41925570737347506
444,11,1.4870787356942836,-0.6107721437176379
444,12,1.4319406609730563,-0.5279898236832089
444,13,1.2582610387926352,-0.6798980462045401
444,14,1.434422049743178,-0.37117535780206734
444,15,1.3296421718964329,-0.36288939294762546
444,16,1.5219233728331296,-0.6223512341622695
444,17,1.395795364283384,-0.6042856409826243
444,18,1.2939435568901845,-0.6463476372120361
444,19,1.2675312201513051,-0.5318385338443687
445,0,1.3088655271284306,-0.5830039290581471
445,1,1.3159269433421135,-0.8792052902398227
445,2,1.5585537645799006,-0.5342832390242382
445,3,1.4535849232740996,-0.5075796278774447
445,4,1.4475329679576046,-0.7026573911624177
445,5,1.2522362215180791,-0.30125173688892126
445,6,1.4557193189991282,-0.7505165361735548
445,7,1.2765800426363454,-0.778058843489521
445,8,1.558204751219053,-0.5011978690590843
445,9,1.393535047879965,-0.7801222511724905
445,10,1.4480566360788436,-0.4210873561311911
445,11,1.4900719961434399,-0.6124128067212776
445,12,1.434997724229672,-0.5297050310505753
445,13,1.2615009696269373,-0.6813984460035761
445,14,1.4374906927604791,-0.3730461052611363
445,15,1.332882124751787,-0.36464213204358953
445,16,1.5248782905019176,-0.6239880972605699
445,17,1.395795364283384,-0.6042856409826243
445,18,1.2971263718222403,-0.6479361443464553
445,19,1.270749087119997,-0.5335407990282371
446,0,1.3120407567435763,-0.58465318474793
446,1,1.319065224086251,-0.8805701366974994
446,2,1.561480846057843,-0.5360086811825534
446,3,1.4566229314799055,-0.5093157179598775
446,4,1.4505555166998032,-0.7042076349320834
446,5,1.2554925231933298,-0.30317621687074203
446,6,1.4587304147501394,-0.7520183631281735
446,7,1.2797657748868139,-0.7795215686211967
446,8,1.5611353797265157,-0.5029555594217664
446,9,1.3966097336726875,-0.7815807137746754
446,10,1.4480566360788436,-0.4210873561311911
446,11,1.493062274182478,-0.6140518350091866
446,12,1.438051741783059,-0.5314185295842742
446,13,1.2647287527227478,-0.6829164757127709
446,14,1.4405562786160195,-0.3749149889721045
446,15,1.3361057820606093,-0.36641709749047946
446,16,1.5278302635620367,-0.6256233292063954
446,17,1.3989665118540147,-0.6057509439753629
446,18,1.3003060155013078,-0.649523068744176
446,19,1.2739637477486285,-0.5352413680447048
447,0,1.3152128229754045,-0.5863007973351447
447,1,1.3222003774045563,-0.8819336230295477
447,2,1.5644050108539291,-0.53773240402903
447,3,1.4596579130803369,-0.511050078468452
447,4,1.4535750534706016,-0.7057563338830228
447,5,1.258745580766935,-0.3050987795828199
447,6,1.4617385100608293,-0.753518693570385
447,7,1.2829483323950033,-0.7809828360737728
447,8,1.5640630880759514,-0.5047114983739205
447,9,1.3996813563991886,-0.7830377234259467
447,10,1.4480566360788436,-0.4210873561311911
447,11,1.496049572804669,-0.6156892302220336
447,12,1.4411027166902914,-0.5331303209995191
447,13,1.2679448245882918,-0.684450933958953
447,14,1.443618810378454,-0.37678201080572643
447,15,1.3393137957257608,-0.36821271073232537
447,16,1.530779294968415,-0.6272569316366147
447,17,1.402122633632966,-0.6072402498913229
447,18,1.3034824911102132,-0.6511084119937112
447,19,1.2771752052550782,-0.536940242596043
448,0,1.3183817289991566,-0.587946768469053
448,1,1.3253324064353207,-0.8832957506008188
448,2,1.5673262618952508,-0.5394544092891164
448,3,1.462689871113413,-0.5127827111392645
448,4,1.4565915812925587,-0.7073034895654853
448,5,1.2619953974952085,-0.307019426949642
448,6,1.4647436079423044,-0.7550175290020218
448,7,1.2861277183466568,-0.7824426473099796
448,8,1.5669878791979988,-0.5064656876732431
448,9,1.4027499191341655,-0.7844932815847723
448,10,1.4480566360788436,-0.4210873561311911
448,11,1.499033895000302,-0.617324993998853
448,12,1.4441506520053984,-0.5348404070098148
448,13,1.2711496077633628,-0.6860006968792894
448,14,1.4466782911133798,-0.3786471726308927
448,15,1.3425067971267597,-0.37002750082275976
448,16,1.5337253876730357,-0.6288889061864654
448,17,1.4052642440213214,-0.6087519672960954
448,18,1.3066558018286119,-0.652692175681991
448,19,1.2803834628540183,-0.5386374243828269
449,0,1.3215474779869107,-0.5895910997972736
449,1,1.3284613143137083,-0.8846565207748037
449,2,1.570244602105983,-0.5411746986865414
449,3,1.4657188086141273,-0.5145136177066824
449,4,1.4596051031852222,-0.708849103528175
449,5,1.2652419766312202,-0.3089381608937783
449,6,1.4677457114026706,-0.7565148709234195
449,7,1.289303935924343,-0.7839010037910894
449,8,1.5699097560203767,-0.5082181290756794
449,9,1.4058154249492527,-0.7859473897081674
449,10,1.4480566360788436,-0.4210873561311911
449,11,1.5020152437566863,-0.6189591279770459
449,12,1.4471955507793661,-0.5365487893269594
449,13,1.2743511976751822,-0.6875489156074881
449,14,1.44973472388334,-0.38051047631463214
449,15,1.3456853959991302,-0.3718600967119372
449,16,1.5366685446249408,-0.6305192544895557
449,17,1.4083918490110108,-0.6102846073033953
449,18,1.3098259508329908,-0.6542743613943645
449,19,1.2835885237569178,-0.5403329151039371
450,0,1.3247100731075847,-0.5912337929657838
450,1,1.331587104171759,-0.8860159349136348
450,2,1.5731600344073873,-0.5428932739433165
450,3,1.4687447286144488,-0.5162427999033445
450,4,1.46261562216513,-0.7103931773182531
450,5,1.2684853214247989,-0.3108549833358833
450,6,1.4707448234470364,-0.7580107208334189
450,7,1.2924769883074585,-0.7853579069769187
450,8,1.5728287214678869,-0.5099688243354251
450,9,1.4088778769130244,-0.7874000492516956
450,10,1.4480566360788436,-0.4210873561311911
450,11,1.504993622058155,-0.6205916337923819
450,12,1.4502374160601412,-0.538255469661045
450,13,1.2775495975285447,-0.6890955916933175
450,14,1.452788111747827,-0.3823719237221136
450,15,1.3488501796849126,-0.3737092201058256
450,16,1.5396087687702331,-0.6321479781778658
450,17,1.4115059441672821,-0.6118367766920274
450,18,1.3129929412966723,-0.655854970714601
450,19,1.2867903911720457,-0.5420267164565614
451,0,1.3278695175269393,-0.5928748496189211
451,1,1.3347097791383917,-0.887373994378087
451,2,1.5760725617178142,-0.5446101367797372
451,3,1.4717676341433266,-0.5179702594601642
451,4,1.465623141245815,-0.711935712481339
451,5,1.2717254351225358,-0.31276989619469814
451,6,1.4737409470775158,-0.7595050802293672
451,7,1.295646878672232,-0.7868133583258288
451,8,1.5757447784624166,-0.5117177752049279
451,9,1.411930214942396,-0.7888660593484353
451,10,1.4480566360788436,-0.4210873561311911
451,11,1.5079690328860678,-0.6222225130790011
451,12,1.4532762508926338,-0.5399604497204603
451,13,1.2807448105250514,-0.6906407266850018
451,14,1.4558384577632848,-0.38423151671664774
451,15,1.3520017126925181,-0.3755736788567236
451,16,1.5425460630520798,-0.6337750788817498
451,17,1.414607013030313,-0.6134071714890528
451,18,1.316156776389817,-0.657434005224892
451,19,1.2899890683044746,-0.5437188301361967
452,0,1.3310258144075815,-0.5945142713993847
452,1,1.337829342339407,-0.888730700527579
452,2,1.5789821869527063,-0.5463252889143849
452,3,1.4747875282266918,-0.5196959981063299
452,4,1.4686276634378064,-0.7134767105615119
452,5,1.2749623209677878,-0.3146829013870525
452,6,1.4767340852932316,-0.7609979506071197
452,7,1.298813610191727,-0.788267359294728
452,8,1.5786579299229415,-0.5134649834348892
452,9,1.414979511029478,-0.7903306084280574
452,10,1.4480566360788436,-0.4210873561311911
452,11,1.5109414792188136,-0.6238517674694152
452,12,1.4563120583187206,-0.5416637312118922
452,13,1.283936839863114,-0.6921843221292227
452,14,1.4588857649831128,-0.38608925715968895
452,15,1.3551501056470447,-0.37743627994043955
452,16,1.5454804304107155,-0.6354005582299369
452,17,1.4176955258748054,-0.6149945709909006
452,18,1.3193174592794268,-0.6590114665058527
452,19,1.2931845583560835,-0.5454092578366504
453,0,1.3341789669089674,-0.5961520599482376
453,1,1.3409457968974905,-0.890086054720175
453,2,1.5818889130246017,-0.5480387320641286
453,3,1.4778044138874618,-0.521420017569308
453,4,1.4716291917486342,-0.7150161731013123
453,5,1.2781959822006812,-0.3165940008278665
453,6,1.479724241090318,-0.7624893334610411
453,7,1.3019771860358447,-0.7897199113390727
453,8,1.5815681787655294,-0.5152104507742662
453,9,1.418025768226619,-0.7917936979565766
453,10,1.4480566360788436,-0.4210873561311911
453,11,1.5139109640318142,-0.6254793985945094
453,12,1.4593448413772478,-0.5433653158403269
453,13,1.2871256887379565,-0.6937263795711207
453,14,1.4619300364576688,-0.38794514691083726
453,15,1.3582953617000368,-0.37929702522143893
453,16,1.5484118737834447,-0.6370244178495337
453,17,1.4207719387744628,-0.6165978321948922
453,18,1.3224749931293485,-0.6605873561365234
453,19,1.296376864525561,-0.5470980012500423
454,0,1.337328978187406,-0.5977882169049076
454,1,1.3440591459322164,-0.891440058312586
454,2,1.5847927428431356,-0.5497504679441264
454,3,1.4808182941455417,-0.5231423195748435
454,4,1.474627729182831,-0.7165541016417438
454,5,1.2814264220581137,-0.3185031964301524
454,6,1.482711417461924,-0.7639792302840069
454,7,1.3051376093713276,-0.791171015912869
454,8,1.584475527903342,-0.5169541789702734
454,9,1.4210689895831254,-0.7932553293985473
454,10,1.4480566360788436,-0.4210873561311911
454,11,1.5168774902975268,-0.6271054080835441
454,12,1.4623746031040343,-0.5450652053090524
454,13,1.2903113603416203,-0.6952669005542969
454,14,1.4649712752342714,-0.3897991878278401
454,15,1.3614374839998988,-0.38115591656232967
454,16,1.551340396104645,-0.6386466593660252
454,17,1.4238366929252848,-0.6182158846146039
454,18,1.3256293811002764,-0.6621616756943711
454,19,1.2995659900084084,-0.5487850620668062
455,0,1.3404758513960615,-0.5994227439071894
455,1,1.3471693925600503,-0.8927927126601709
455,2,1.587693679315045,-0.5514604982678277
455,3,1.4838205973336773,-0.5248778247601258
455,4,1.4776232787419357,-0.7180904977222744
455,5,1.284653643773759,-0.320410490105017
455,6,1.485695617398216,-0.7654676425674055
455,7,1.3082948833617627,-0.7926206744686739
455,8,1.5873799802466386,-0.5186961697683845
455,9,1.4210689895831254,-0.7932553293985473
455,10,1.4512550217716331,-0.42263584064640114
455,11,1.5198410609854471,-0.6287297975641564
455,12,1.4654013465318745,-0.5467634013196598
455,13,1.2934938578629656,-0.6968058866208142
455,14,1.468000020215059,-0.3916668175831128
455,15,1.364576475691898,-0.38301295582386374
455,16,1.5542660003057704,-0.6402672844032767
455,17,1.4268902141877644,-0.6198477254536227
455,18,1.3287806263497561,-0.6637344267552913
455,19,1.3027519379969439,-0.5504704419756917
456,0,1.3436195896849572,-0.6010556425912462
456,1,1.3502765398943521,-0.894144019116938
456,2,1.5905917253441695,-0.5531688247469746
456,3,1.4868199084268798,-0.5266116003411856
456,4,1.4806158434244965,-0.7196253628808381
456,5,1.2878673931217508,-0.3223331341150477
456,6,1.488676843886381,-0.766954571801139
456,7,1.3114490111675843,-0.794068888457597
456,8,1.590281538702779,-0.5204364249123339
456,9,1.4210689895831254,-0.7932553293985473
456,10,1.4544344328341692,-0.424215068241039
456,11,1.5228016790621124,-0.6303525686623617
456,12,1.4684250746905414,-0.5484599055720449
456,13,1.2966731844876753,-0.6983433393111993
456,14,1.4710257467046102,-0.39353258603144653
456,15,1.3677123399181685,-0.3848681448649393
456,16,1.5571886893153535,-0.6418862945835357
456,17,1.429940692662395,-0.6214779401878759
456,18,1.3319287320321873,-0.6653056108936092
456,19,1.3059347116803042,-0.5521541426637657
457,0,1.346760196200978,-0.6026869145916112
457,1,1.3533805910453793,-0.8954939790355464
457,2,1.5934868838314564,-0.5548754490916035
457,3,1.4898162304274623,-0.528343648053534
457,4,1.4836054262260734,-0.7211586986538364
457,5,1.2910779395447827,-0.32425386195682077
457,6,1.49165509991063,-0.7684400194736251
457,7,1.3145999959460775,-0.7955156593293021
457,8,1.5931802061762261,-0.5221749461441187
457,9,1.4210689895831254,-0.7932553293985473
457,10,1.4575955190665177,-0.4258229532635587
457,11,1.5257593474911042,-0.6319737230025555
457,12,1.47144579060679,-0.5501547197644101
457,13,1.299849343398259,-0.6998792601644438
457,14,1.4740484577316801,-0.3953964950404774
457,15,1.3708450798177132,-0.38672148554260244
457,16,1.5601084660590085,-0.6435036915274328
457,17,1.4329881314027084,-0.6231065304492103
457,18,1.3350737012988267,-0.6668752296820817
457,19,1.309114314244449,-0.5538361658164143
458,0,1.3498893899755815,-0.6043324123862057
458,1,1.35648154912029,-0.8968425937673072
458,2,1.5963791576749622,-0.556580373010047
458,3,1.492809566334746,-0.5300739696309522
458,4,1.4865920301392417,-0.7226905065761399
458,5,1.2942852862566148,-0.32617267555298657
458,6,1.4946303884521996,-0.7699239870717982
458,7,1.317747840851381,-0.7969609885320081
458,8,1.5960759855685487,-0.5239117352040006
458,9,1.4210689895831254,-0.7932553293985473
458,10,1.4607389269732614,-0.427457549438495
458,11,1.5287140692330514,-0.6335932622075149
458,12,1.4744634973043598,-0.551847845593266
458,13,1.3030223377740544,-0.701413650718006
458,14,1.4770681563220058,-0.3972585464759802
458,15,1.3739746985264079,-0.38857297971204896
458,16,1.5630253334594353,-0.645119476853984
458,17,1.436032533459194,-0.624733497867846
458,18,1.3382155372977917,-0.6684432846918987
458,19,1.3122907488721636,-0.5555165131173442
459,0,1.3530154651708153,-0.6059762702646286
459,1,1.3595794172231463,-0.8981898646621853
459,2,1.5992685497698558,-0.5582835982089358
459,3,1.4957999191450635,-0.5318025668054941
459,4,1.489575658153595,-0.7242207881810898
459,5,1.2974894364678042,-0.32808957682427947
459,6,1.4976027124893572,-0.7714064760811115
459,7,1.3208925490344907,-0.7984048775124911
459,8,1.598968879778425,-0.5256467938305068
459,9,1.4210689895831254,-0.7932553293985473
459,10,1.4638652957435554,-0.42911704021180364
459,11,1.5316658472456335,-0.6352111878984001
459,12,1.4774697947610005,-0.5535541753202362
459,13,1.306192170791232,-0.7029465125078123
459,14,1.4800848454983084,-0.39911874220187016
459,15,1.377101199177004,-0.3904226292266263
459,16,1.5659392944364208,-0.6467336521805919
459,17,1.439073901879301,-0.6263588440723793
459,18,1.3413542431740633,-0.670009777492685
459,19,1.3154640187430622,-0.5571951862485848
460,0,1.3561384249158839,-0.6076184898723833
460,1,1.3626741984549176,-0.8995357930688
460,2,1.6021550630084216,-0.5599851263931999
460,3,1.4987872918517604,-0.533529441307487
460,4,1.492556313255748,-0.7257495450004996
460,5,1.3006903933857088,-0.3300045676895195
460,6,1.5005720749974016,-0.7728874879855377
460,7,1.3240341236432627,-0.7998473277160854
460,8,1.6018588917016447,-0.527380123760433
460,9,1.4210689895831254,-0.7932553293985473
460,10,1.4669752539887113,-0.4307997297522333
460,11,1.534614684483583,-0.6368275016947565
460,12,1.4804730961456565,-0.5552588045213052
460,13,1.3093588456227983,-0.7044778470682588
460,14,1.4830985282802966,-0.4009770840802051
460,15,1.3802245848991317,-0.3922704359378355
460,16,1.5688503519068429,-0.6483462191230476
460,17,1.4421122397074424,-0.6279825706897831
460,18,1.344489822069489,-0.6715747096525013
460,19,1.318634127033591,-0.5588721868904895
461,0,1.359258272336873,-0.6092590728533333
461,1,1.3657658959134824,-0.9008803803344271
461,2,1.6050387002800621,-0.5616849592660705
461,3,1.5017716874452,-0.5352545948655341
461,4,1.495533998429339,-0.7272767785646562
461,5,1.3038881602144894,-0.33191765006561447
461,6,1.5035384789486677,-0.7743670242675714
461,7,1.327172567822416,-0.8012883405866849
461,8,1.604746024231113,-0.5291117267288439
461,9,1.4210689895831254,-0.7932553293985473
461,10,1.470069417127813,-0.4325040345733528
461,11,1.5375605838986892,-0.6384422052145158
461,12,1.4834734044646354,-0.5569617349028084
461,13,1.3125223654385973,-0.7060076559322129
461,14,1.48610920768467,-0.4028335739711871
461,15,1.3833448588193031,-0.39411640169533285
461,16,1.5717585087846728,-0.6499571792955322
461,17,1.4451475499849973,-0.6296046793454096
461,18,1.3476222771227864,-0.6731380827378463
461,19,1.3218010769170316,-0.5605475167217375
462,0,1.362375010556753,-0.6108980208497036
462,1,1.3688545126936333,-0.9022236278049997
462,2,1.607919464471301,-0.5633830985290822
462,3,1.5047531089127653,-0.5369780292065157
462,4,1.498508716655034,-0.7288024904023221
462,5,1.3070827401551137,-0.33382882586756163
462,6,1.5065019273125289,-0.7758450864082298
462,7,1.3303078847135366,-0.8027279175667449
462,8,1.6076302802568518,-0.5308416044690759
462,9,1.4210689895831254,-0.7932553293985473
462,10,1.4731483853263665,-0.434228475740282
462,11,1.5405035484398002,-0.6400553000739976
462,12,1.4864707227212488,-0.5586629681693811
462,13,1.3156827334053158,-0.707535940631015
462,14,1.4891168867251217,-0.40468821373316427
462,15,1.3864620240609156,-0.3959605283469319
462,16,1.5746637679809785,-0.6515665343106185
462,17,1.4481798357503142,-0.631225171662991
462,18,1.350751611469546,-0.6746998983136578
462,19,1.3249648715635038,-0.5622211774193357
463,0,1.3654886426953816,-0.6125353355020828
463,1,1.3719400518870786,-0.9035655368251098
463,2,1.6107973584657862,-0.565079545882074
463,3,1.5077315592388618,-0.5386997460555913
463,4,1.5014804709105287,-0.7303266820407363
463,5,1.3102741364053594,-0.33573809700844987
463,6,1.5094624230553997,-0.7773216758870546
463,7,1.3334400774550796,-0.8041660600972835
463,8,1.6105116626660048,-0.5325697587127384
463,9,1.4210689895831254,-0.7932553293985473
463,10,1.476212741905653,-0.4359716716253416
463,11,1.5434435810528262,-0.6416667878879115
463,12,1.4894650539158154,-0.5603625060239592
463,13,1.318839952686485,-0.7090627026944794
463,14,1.492121568412341,-0.4065410052226329
463,15,1.3895760837442546,-0.39780281773860526
463,16,1.5775661324039272,-0.6531742857792724
463,17,1.4512091000387142,-0.6328440492646417
463,18,1.3538778282422346,-0.676260157943315
463,19,1.3281255141399693,-0.5638931706586202
464,0,1.368599171869508,-0.6141710184494246
464,1,1.375022516582446,-0.9049061087380096
464,2,1.6136723851442925,-0.5667743030231913
464,3,1.5107070414049215,-0.5404197471362012
464,4,1.5044492641705525,-0.731849355005616
464,5,1.3134623521598172,-0.3376454653994615
464,6,1.5124199691407394,-0.7787967941821132
464,7,1.3365691491823732,-0.8056027696178828
464,8,1.6133901743428383,-0.5342961911897153
464,9,1.4210689895831254,-0.7932553293985473
464,10,1.4792630521515198,-0.437732331177542
464,11,1.5463806846807429,-0.6432766702693585
464,12,1.4924564010456636,-0.5620603501677819
464,13,1.3219940264424845,-0.7105879436508964
464,14,1.4951232557540175,-0.4083919502942391
464,15,1.3926870409864969,-0.3996432717144864
464,16,1.5804656049587886,-0.6547804353108546
464,17,1.454235345882494,-0.6344613137708598
464,18,1.3570009305701982,-0.677818863188639
464,19,1.3312830078102342,-0.5655634981132578
465,0,1.371706601192775,-0.615805071329049
465,1,1.3781019098652856,-0.906245344885613
465,2,1.6165445473847242,-0.5684673716488878
465,3,1.513679558389405,-0.5421380341700681
465,4,1.5074150994068698,-0.7333705108211583
465,5,1.3166473906098943,-0.3395509329498741
465,6,1.5153745685290545,-0.7802704427700006
465,7,1.3396951030276212,-0.8070380475666903
465,8,1.6162658181687453,-0.5360209036281673
465,9,1.424207522538436,-0.7944900228351623
465,10,1.4822998624609847,-0.43950924767192956
465,11,1.5493148622635937,-0.6448849488298324
465,12,1.4954447671051345,-0.5637565023003928
465,13,1.3251449578305454,-0.7121116650270337
465,14,1.4981219517548432,-0.41024105080078066
465,15,1.3957948989017137,-0.40148189211687146
465,16,1.5833621885479376,-0.6563849845131224
465,17,1.4572585763109283,-0.6360769668005286
465,18,1.3601209215796655,-0.6793760156098956
465,19,1.3344373557349531,-0.5672321614552478
466,0,1.3748109337757222,-0.6174374957766449
466,1,1.3811782348180732,-0.9075832466084968
466,2,1.6194138480621185,-0.5701587534539267
466,3,1.5166491131678044,-0.543854608877199
466,4,1.510377979588285,-0.734890151010042
466,5,1.3198292549438173,-0.34145450156706264
466,6,1.5183262241779019,-0.7817426231258403
466,7,1.3428179421199062,-0.8084718953804207
466,8,1.619138597022248,-0.5377438977545334
466,9,1.4273322289456196,-0.795750421213925
466,10,1.485323699773439,-0.4413012929061742
466,11,1.5522461167384933,-0.6464916251792215
466,12,1.4984301550855859,-0.5654509641196418
466,13,1.328292750004753,-0.713633868348138
466,14,1.5011176594165156,-0.41208830859320905
466,15,1.398899660600874,-0.4033186807862214
466,16,1.5862558860708573,-0.6579879349922313
466,17,1.4602787943502737,-0.6376910099709184
466,18,1.3632378043937503,-0.6809316167657957
466,19,1.3375885610716312,-0.568899162354924
467,0,1.3779121727257895,-0.6190682934262705
467,1,1.3842514945202133,-0.9089198152459017
467,2,1.6222802900486484,-0.5718484501313831
467,3,1.5196157087126472,-0.545569472975887
467,4,1.513337907680644,-0.736408277093428
467,5,1.3230079483466355,-0.34335617315650113
467,6,1.5212749390418918,-0.7832133367232865
467,7,1.3459376695851937,-0.8099043144943572
467,8,1.6220085137790012,-0.5394651752935321
467,9,1.430443507794373,-0.7970349019421614
467,10,1.4883350712405434,-0.44310741181332536
467,11,1.5551744510396306,-0.6480967009258106
467,12,1.5014125679753938,-0.567143737321687
467,13,1.3314374061160503,-0.7151545551379362
467,14,1.5041103817377413,-0.4139337255206311
467,15,1.402001329191847,-0.4051536395611634
467,16,1.5891467004241417,-0.6595892883527361
467,17,1.4632960030237718,-0.6393034448976881
467,18,1.3663515821324554,-0.6824856682134977
467,19,1.340736626974628,-0.5705645024809558
468,0,1.3810103211473204,-0.6206974659103559
468,1,1.3873216920480418,-0.9102550521357343
468,2,1.625143876213625,-0.5735364633726447
468,3,1.5225793479934984,-0.5472826281827127
468,4,1.5162948866468373,-0.7379248905909623
468,5,1.326183474000224,-0.3452559496217647
468,6,1.5242207160726906,-0.7846825850345248
468,7,1.3490542885463335,-0.8113353063423525
468,8,1.6248755713117942,-0.5411847379681641
468,9,1.433541759319755,-0.7983419426692092
468,10,1.491343442530788,-0.4449117313157167
468,11,1.5580998680982707,-0.649700177676282
468,12,1.5043920087599565,-0.5688348236009959
468,13,1.3345789293122414,-0.7166737269186374
468,14,1.5071001217142381,-0.415777303430311
468,15,1.4050999077794062,-0.40698677027849306
468,16,1.5920346345014988,-0.6611890461975931
468,17,1.4663102053516512,-0.6409142731948865
468,18,1.3694622579126756,-0.6840381715086085
468,19,1.3438815565951605,-0.5722281835003504
469,0,1.3841053821415643,-0.6223250148597044
469,1,1.3903888304748293,-0.9115889586145681
469,2,1.6280046094235008,-0.5752227948674147
469,3,1.5255400339769638,-0.548994076212546
469,4,1.5192489194468042,-0.7394399930207763
469,5,1.3293558350832875,-0.34715383286453144
469,6,1.5271635582190242,-0.7861503695302743
469,7,1.3521678021230645,-0.812764872356831
469,8,1.6277397724905542,-0.5429025874997133
469,9,1.4366273822685056,-0.7996701149103841
469,10,1.4943488166555556,-0.4467142532194739
469,11,1.5610223708427593,-0.6513020570357174
469,12,1.5073684804216971,-0.5705242246503476
469,13,1.337717322737994,-0.718191385210934
469,14,1.5100868823387388,-0.41761904416767204
469,15,1.4081953994652319,-0.40881807477317594
469,16,1.5949196911937535,-0.6627872101281616
469,17,1.4693214043511316,-0.6425234964749543
469,18,1.3725698348482003,-0.6855891282051855
469,19,1.3470233530813067,-0.5738902070784541
470,0,1.3871973588066804,-0.6239509419034941
470,1,1.3934529128707844,-0.9129215360176448
470,2,1.6308624925418727,-0.5769074463037123
470,3,1.528497769626693,-0.5507038187785482
470,4,1.5222000090375343,-0.7409535858994892
470,5,1.3325250347713622,-0.3490498247845844
470,6,1.5301034684266803,-0.7876166916797886
470,7,1.3552782134320167,-0.8141930139687896
470,8,1.6306011201823498,-0.5446187256077487
470,9,1.4397007716272647,-0.8010180780673857
470,10,1.4973511966232285,-0.4485149793289231
470,11,1.5639419621985242,-0.6529023406075998
470,12,1.5103419859400669,-0.5722119421608342
470,13,1.3408525895348427,-0.7197075315340032
470,14,1.5130706666009934,-0.4194589495762985
470,15,1.411287807347914,-0.4106475548783497
470,16,1.5978018733888502,-0.6643837817442051
470,17,1.472329603036426,-0.6441311163487258
470,18,1.37566658841034,-0.687153927671191
470,19,1.3501620195780077,-0.5755505748789541
471,0,1.3902862542377403,-0.6255752486692795
471,1,1.3965139423030566,-0.9142527856788757
471,2,1.6337175284294843,-0.5785904193678754
471,3,1.5314525579033824,-0.5524118575921733
471,4,1.525148158373071,-0.7424656707422088
471,5,1.3356910762368202,-0.35094392727981333
471,6,1.533040449638512,-0.7890815529508578
471,7,1.358385525586715,-0.8156197326077995
471,8,1.6334596172513924,-0.5463331540101263
471,9,1.4427623167507722,-0.8023845738256351
471,10,1.5003505854391916,-0.45031391144659294
471,11,1.5668510068751942,-0.6545148870103299
471,12,1.5133125282915476,-0.5738979778218625
471,13,1.343984732841193,-0.7212221674055093
471,14,1.5160514774877731,-0.42129702149793746
471,15,1.414377134522956,-0.41247521242532564
471,16,1.6006811839718562,-0.6659787626438934
471,17,1.475334804418744,-0.6457371344254298
471,18,1.3787602557397587,-0.6887171676539451
471,19,1.3532975592270717,-0.5772092885638802
472,0,1.3933720715267315,-0.6271979367829933
472,1,1.3995719218357394,-0.9155827089308429
472,2,1.6365697199442295,-0.5802717157445617
472,3,1.534404401764778,-0.5541181943631697
472,4,1.528093370404515,-0.7439762490625336
472,5,1.338853962648872,-0.3528361422462167
472,6,1.5359745047944402,-0.7905449548098092
472,7,1.3614897416975817,-0.8170450297020075
472,8,1.6363152665590408,-0.5480458744229905
472,9,1.4458123998357761,-0.803768420908709
472,10,1.5033469861058366,-0.4521110513732162
472,11,1.5697571524383713,-0.6561258263717273
472,12,1.516280110449655,-0.5755823333211559
472,13,1.3471137557923232,-0.722735294341604
472,14,1.5190293179828724,-0.42313326177250077
472,15,1.4174633840827777,-0.41430104924359085
472,16,1.6035576258249642,-0.6675721544238041
472,17,1.4783370115062955,-0.6473415523126922
472,18,1.38185083993322,-0.6902788497182525
472,19,1.3564299751671771,-0.5788663497936065
473,0,1.3964548137625599,-0.628819007868948
473,1,1.4026268545298732,-0.916911307104801
473,2,1.6394190699411548,-0.5819513371167505
473,3,1.5373533041656782,-0.5558228307995823
473,4,1.5310356480800262,-0.7454853223725539
473,5,1.3420136971735703,-0.3547264715779035
473,6,1.538905636831457,-0.7920068987215098
473,7,1.3645908648719405,-0.8184689066781373
473,8,1.6391680709638023,-0.5497568885607762
473,9,1.4488513946931405,-0.8051685101700637
473,10,1.5063404016225632,-0.4539064009077317
473,11,1.5726604017971102,-0.657735160304344
473,12,1.5192447353849419,-0.5772650103447561
473,13,1.3502396615203884,-0.7242469138569291
473,14,1.5220041910671127,-0.42496767223806675
473,15,1.4205465591167175,-0.4161250671608097
473,16,1.6064312018274953,-0.6691639586789239
473,17,1.4813362273042925,-0.6489443716165367
473,18,1.384938344084402,-0.6918389754273584
473,19,1.3595592705338753,-0.5805217602268529
474,0,1.3995344840310537,-0.6304384635498372
474,1,1.4056787434434488,-0.9182385815306779
474,2,1.6422655812724622,-0.5836292851657444
474,3,1.5402992680579373,-0.5575257686077538
474,4,1.5339749943448275,-0.7469928921828537
474,5,1.3451702829738124,-0.35661491716709526
474,6,1.5418338486836287,-0.7934673861493666
474,7,1.3676888982140185,-0.8198913649614913
474,8,1.6420180333213372,-0.5514661981362102
474,9,1.4518796657765907,-0.8065838000025433
474,10,1.5093308349857832,-0.4556999618472861
474,11,1.575560757857566,-0.6593428904191247
474,12,1.5222064060650007,-0.5789460105770242
474,13,1.3533624531544233,-0.725757027464617
474,14,1.5249760997183448,-0.42680025473088207
474,15,1.4236266627110368,-0.41794726800282594
474,16,1.609301914855902,-0.6707541770026502
474,17,1.4843324548149532,-0.6505455939413871
474,18,1.3880227712838995,-0.6933975463429503
474,19,1.362685448459594,-0.5821755215206867
475,0,1.4026110854149658,-0.6320563054467377
475,1,1.40872759163141,-0.9195645335370768
475,2,1.6451092567875125,-0.5853055615711711
475,3,1.543242296390468,-0.5592270094923267
475,4,1.5369114121412075,-0.7484989600025117
475,5,1.3483237232093435,-0.3585014809041279
475,6,1.544759143282098,-0.7949264185553291
475,7,1.37078384482495,-0.8213124059759515
475,8,1.6448651564844607,-0.5531738048603132
475,9,1.4548975674317792,-0.8080133120466667
475,10,1.5123182891889235,-0.4574917359872357
475,11,1.5784582235229985,-0.660949018325409
475,12,1.5251651254544667,-0.5806253357006432
475,13,1.3564821338203454,-0.7272656366762931
475,14,1.5279450469114522,-0.4286310110853636
475,15,1.4266943451609215,-0.4197833709251019
475,16,1.6121697677837707,-0.6723428109867933
475,17,1.4873256970375042,-0.6521452208900684
475,18,1.3911041246192268,-0.694954564025159
475,19,1.3658085120736405,-0.5838276353305248
476,0,1.4056846209939773,-0.6336725351791109
476,1,1.4117734021456565,-0.9208891644512769
476,2,1.6479500993328278,-0.5869801680109848
476,3,1.5461823921092446,-0.5609265551562448
476,4,1.5398449044085232,-0.7500035273391034
476,5,1.3514740210367606,-0.3603861646774536
476,6,1.5476815235550876,-0.7963839973998902
476,7,1.3738757078027801,-0.8227320311439813
476,8,1.6477094433031456,-0.554879710442401
476,9,1.4579054433339595,-0.8094561271793341
476,10,1.5153027672224288,-0.45928172512114807
476,11,1.5813528016937735,-0.6625535456309323
476,12,1.528120896515021,-0.5823029873966192
476,13,1.359598706640958,-0.7287727430020765
476,14,1.530911035618354,-0.4304599431341003
476,15,1.4297589703202125,-0.4216176439643032
476,16,1.6150347634818252,-0.6739298622215772
476,17,1.4903159569681836,-0.653743254063809
476,18,1.394182407174822,-0.696510030032561
476,19,1.3689284645022042,-0.5854781033101346
477,0,1.4087550938447002,-0.6352871543648042
477,1,1.4148161780350479,-0.922212475599235
477,2,1.650788111752094,-0.5886531061614684
477,3,1.5491195581573058,-0.5626244073007548
477,4,1.5427754740832031,-0.751506595698702
477,5,1.354621179609515,-0.36226897037364264
477,6,1.5506009924279032,-0.7978401241420876
477,7,1.3769644902424663,-0.824150241886627
477,8,1.650550896624526,-0.5565839165900869
477,9,1.460910322143438,-0.8108975046693445
477,10,1.5182842720737644,-0.4610699310408042
477,11,1.5842444952673664,-0.6641564739418281
477,12,1.5310737222053932,-0.5839789673442832
477,13,1.3627121747359539,-0.7302783479505823
477,14,1.5338740688080077,-0.4322870527078549
477,15,1.4328205412566026,-0.42345008895653896
477,16,1.6178969048179288,-0.675515332295642
477,17,1.4933032376002449,-0.6553396950622413
477,18,1.3972576220320485,-0.6980639459221791
477,19,1.3720369533678116,-0.5871426259755359
478,0,1.411822507040681,-0.636900164620053
478,1,1.4178559223454057,-0.9235344683055869
478,2,1.6536232968861642,-0.5903243776972344
478,3,1.5520537974747577,-0.5643205676254085
478,4,1.5457031240987507,-0.7530081665858807
478,5,1.3577652020779152,-0.3641498998773854
478,6,1.553517552822936,-0.7992948002395057
478,7,1.3800501952358828,-0.825567039623519
478,8,1.6533895192928993,-0.5582864250092828
478,9,1.4639122068681016,-0.8123374459595182
478,10,1.5212628067274194,-0.46285635553619986
478,11,1.5871333071383655,-0.6657578048626293
478,12,1.5340236054813647,-0.5856532772212928
478,13,1.3658225412219172,-0.7317824530289224
478,14,1.5368341494464126,-0.43411234163556583
478,15,1.4358790610347274,-0.4252807077360885
478,16,1.6207561946570879,-0.6770992227960446
478,17,1.4962875419239587,-0.6569345454834047
478,18,1.4003297722691999,-0.6996163132494848
478,19,1.3751423442845334,-0.5888054897621832
479,0,1.4148868636524032,-0.6385115675594824
479,1,1.420892638119517,-0.9248551438936486
479,2,1.6564556575730618,-0.5919939842912275
479,3,1.5549851129987766,-0.5660150378280641
479,4,1.5486278573857462,-0.7545082415037131
479,5,1.3609060915891311,-0.3660289550714941
479,6,1.5564312076596656,-0.8007480271482768
479,7,1.3831328258718234,-0.8269824257728731
479,8,1.6562253141497298,-0.5599872374042014
479,9,1.4669111005128397,-0.8137759524912377
479,10,1.5242383741649101,-0.4646410003955478
479,11,1.5900192401984743,-0.6673575399962696
479,12,1.5369705492957717,-0.5873259187036337
479,13,1.3689223477106034,-0.7333003927619961
479,14,1.5397912804966123,-0.4359358117443492
479,15,1.438934532716168,-0.42710950213540294
479,16,1.6236126358614544,-0.678681535308261
479,17,1.4992688729266168,-0.6585278069237457
479,18,1.4033988609615011,-0.7011671335683992
479,19,1.378244640360869,-0.5904666963346046
480,0,1.4179481667472909,-0.640121364796108
480,1,1.4239263283971375,-0.9261745036854176
480,2,1.6592851966479825,-0.5936619276147254
480,3,1.5579135076636126,-0.5677078196048878
480,4,1.5515496768718504,-0.7560068219537759
480,5,1.364043851287196,-0.36790613783690485
480,6,1.5593419598546636,-0.8021998063230822
480,7,1.3862123852360044,-0.8283964017514922
480,8,1.6590502184468865,-0.5616997315798513
480,9,1.4699070060795478,-0.8152130257044495
480,10,1.5272109773647824,-0.4664238674052792
480,11,1.5929022973365146,-0.6689556809440855
480,12,1.5399145565985077,-0.5889968934656218
480,13,1.3720190649460893,-0.734816819723161
480,14,1.5427454649186978,-0.43775746485950034
480,15,1.4419869593594548,-0.4289364739851073
480,16,1.6264662312903289,-0.6802622714161877
480,17,1.5022472335925343,-0.6601194809781208
480,18,1.4064648911811133,-0.702716408431295
480,19,1.3813438447022197,-0.5921262473556697
481,0,1.4210064193897114,-0.6417295579413387
481,1,1.426956996214994,-0.9274925490015744
481,2,1.6621119169432976,-0.5953282093373409
481,3,1.5608389844005912,-0.5693989146503559
481,4,1.5544685854818077,-0.7575039094361495
481,5,1.3671784843130106,-0.3697814500526795
481,6,1.5622498123215958,-0.8036501392171544
481,7,1.3892888764110678,-0.8298089689747677
481,8,1.6618723075056312,-0.5634105191209124
481,9,1.4728999265671303,-0.8166486670376655
481,10,1.5301717561639379,-0.4682196533320909
481,11,1.5957824814384294,-0.6705522293058177
481,12,1.542855630336527,-0.5906662031799044
481,13,1.3751126960281916,-0.7363317354303622
481,14,1.5456967056698105,-0.4395773028044958
481,15,1.4450363440200695,-0.43076162511400223
481,16,1.6293169838001629,-0.6818414327021428
481,17,1.505222626903053,-0.6617095692397972
481,18,1.4095278659971355,-0.7042641393889978
481,19,1.3844399604108923,-0.5937841444865906
482,0,1.4240616246409785,-0.6433361486049771
482,1,1.4299846446067876,-0.9288092811614836
482,2,1.664927986205385,-0.597006051810575
482,3,1.5637615461381178,-0.5710883246572561
482,4,1.5573845861374485,-0.75899950544942
482,5,1.3703099938043455,-0.37165489359600734
482,6,1.5651547679712252,-0.8050990272822782
482,7,1.3923623024765843,-0.8312201288566808
482,8,1.6646915841508778,-0.5651196017398848
482,9,1.4758898649715035,-0.8180828779279639
482,10,1.5331295842567696,-0.4700136495821826
482,11,1.5986597953872859,-0.6721471866796127
482,12,1.5457937734538474,-0.5923338495174622
482,13,1.3782032440536383,-0.7378451414000318
482,14,1.5486450057041456,-0.44139532740099513
482,15,1.4480826897504495,-0.43258495734906577
482,16,1.6321648962445627,-0.6834190207468686
482,17,1.508195055836545,-0.6632980733004548
482,18,1.4125877884756088,-0.7058103279907879
482,19,1.3875329905861016,-0.595440389386924
483,0,1.4271137855593559,-0.6449411383952223
483,1,1.4330092766031979,-0.9301247014831955
483,2,1.6677412490270722,-0.5986822221783089
483,3,1.5666811958016793,-0.5727760513166896
483,4,1.5602976817576921,-0.7604936114906804
483,5,1.3734383828958447,-0.37352647034220726
483,6,1.5680568297114152,-0.8065464719687918
483,7,1.3954326665090562,-0.832629882809804
483,8,1.6675080512047251,-0.5668269811475619
483,9,1.4788768242855987,-0.8195156598109912
483,10,1.5360844646040666,-0.4718058579513462
483,11,1.601534242063278,-0.6737405546620243
483,12,1.5487289888915527,-0.5939998341476107
483,13,1.381290712116071,-0.7393570391470904
483,14,1.5515903679729541,-0.44321154046884276
483,15,1.4511259995999897,-0.4344064725154553
483,16,1.6350099714742914,-0.684995037129532
483,17,1.511164523368414,-0.6648849947501877
483,18,1.4156446616795184,-0.7073549757844015
483,19,1.3906229383239737,-0.5970949837145727
484,0,1.4301629052000595,-0.6465445289186705
484,1,1.436030895231884,-0.931438811283447
484,2,1.670551708224438,-0.6003567221183909
484,3,1.5695979363138481,-0.5744620963180724
484,4,1.5632078752585503,-0.7619862290555324
484,5,1.376563654719029,-0.37539618216472936
484,6,1.5709492693088782,-0.8080058924368313
484,7,1.398499971581921,-0.8340382322453023
484,8,1.6703217114864595,-0.5685326590530321
484,9,1.481860807499365,-0.8209470141209635
484,10,1.539036400163667,-0.47359628023358413
484,11,1.60440582434373,-0.6753323348480155
484,12,1.5516612795877969,-0.5956641587380024
484,13,1.384375103306048,-0.7408674301849494
484,14,1.5545327954245465,-0.44502594382606975
484,15,1.4541662766150463,-0.4362261724365092
484,16,1.637852212337272,-0.6865694834277272
484,17,1.5141310324711001,-0.6664703351775059
484,18,1.4186984886687974,-0.7088980843160327
484,19,1.3937098067175493,-0.5987479291257872
485,0,1.433208986615261,-0.6481463217803173
485,1,1.4390495035174895,-0.9327516118776633
485,2,1.670551708224438,-0.6003567221183909
485,3,1.5725117705942842,-0.5761464613491373
485,4,1.5661151695531295,-0.7634773596380875
485,5,1.3796858124022984,-0.3772640309351571
485,6,1.5738388263697882,-0.8094638584811209
485,7,1.4015642207655543,-0.8354451785729348
485,8,1.6731325678125575,-0.5702366371636806
485,9,1.4848418175997729,-0.8223769422906679
485,10,1.541985393890461,-0.4753849182211108
485,11,1.6072745451030983,-0.6769225288309597
485,12,1.5545906484778054,-0.5973268249546276
485,13,1.3874564207110485,-0.7423763160255116
485,14,1.5574722910042957,-0.4468385392888956
485,15,1.4572035238389396,-0.438044058933749
485,16,1.6406916216785905,-0.6881423612174763
485,17,1.517094586114082,-0.6680540961693366
485,18,1.4217492725003298,-0.7104396551303346
485,19,1.3967935988567868,-0.6003992272751676
486,0,1.433208986615261,-0.6481463217803173
486,1,1.442065104481644,-0.9340631045799592
486,2,1.670551708224438,-0.6003567221183909
486,3,1.5754227015597386,-0.5778291480959352
486,4,1.569019567551634,-0.7649670047309689
486,5,1.3828048590709359,-0.3791300185232088
486,6,1.5767255037865944,-0.8109203715610861
486,7,1.4046254171272723,-0.8368507232010561
486,8,1.6759406229966893,-0.5719389171851912
486,9,1.487819857570816,-0.823805445751464
486,10,1.5449314487363945,-0.4771717737043546
486,11,1.6101404072129752,-0.6785111382026427
486,12,1.5575170984938795,-0.598987834461817
486,13,1.3905346674154737,-0.7438836981791732
486,14,1.5604088576546395,-0.44864932867173024
486,15,1.460237744311957,-0.4398601338268808
486,16,1.6435282023404985,-0.6897136720732316
486,17,1.52005518726388,-0.6696362793110262
486,18,1.4247970162279529,-0.711979689770421
486,19,1.399874317828565,-0.6020488798156648
487,0,1.433208986615261,-0.6481463217803173
487,1,1.445077701142967,-0.9353732907031401
487,2,1.670551708224438,-0.6003567221183909
487,3,1.578330732124056,-0.5795101582428372
487,4,1.5719210721613694,-0.7664551658253129
487,5,1.3859207978471102,-0.38099414679674004
487,6,1.5796093044488637,-0.8123754331346978
487,7,1.4076835637313356,-0.838254867536618
487,8,1.6787458798497208,-0.5736395008215479
487,9,1.4907949303935155,-0.8252325259332849
487,10,1.5478745676504713,-0.47895684847195963
487,11,1.6130034135420916,-0.6800981645532642
487,12,1.5604406325653988,-0.6006471889222427
487,13,1.393609846500652,-0.7453895781548253
487,14,1.563342498315084,-0.45045831378717555
487,15,1.4632689410713562,-0.44167439893379734
487,16,1.6463619571624157,-0.6912834175678768
487,17,1.523012838884058,-0.6712168861863416
487,18,1.4278417229024614,-0.7135181897778683
487,19,1.402951966716687,-0.6036968883985827
488,0,1.433208986615261,-0.6481463217803173
488,1,1.4480872965170708,-0.9366821715587037
488,2,1.670551708224438,-0.6003567221183909
488,3,1.581235865198178,-0.5811894934725362
488,4,1.5748196862867445,-0.7679418444107702
488,5,1.389033631849879,-0.38285641762174494
488,6,1.5824902312432836,-0.8138290446584743
488,7,1.410738663638952,-0.8396576129851703
488,8,1.6815483411797167,-0.5753383897750367
488,9,1.4937670390459221,-0.8266581842646394
488,10,1.550814753578756,-0.4807401443107875
488,11,1.6158635669563197,-0.681683609471439
488,12,1.5633612536188235,-0.60230488999692
488,13,1.3966819610448402,-0.7468939574598552
488,14,1.5662732159222068,-0.4522654964460274
488,15,1.4662971171513681,-0.44348685607057986
488,16,1.6491928889809337,-0.6928515992727287
488,17,1.525967543935229,-0.6727959183774718
488,18,1.4308833955716096,-0.7150551566927164
488,19,1.4060265486018821,-0.6053432546735795
489,0,1.433208986615261,-0.6481463217803173
489,1,1.4510938936165634,-0.9379897484568409
489,2,1.670551708224438,-0.6003567221183909
489,3,1.5841381036901454,-0.5828671554660484
489,4,1.577715412829275,-0.7694270419755075
489,5,1.3921433641951926,-0.3847168328623584
489,6,1.5853682870536645,-0.8152812075874819
489,7,1.4137907199082795,-0.8410589609508623
489,8,1.6843480097919439,-0.5770355857462469
489,9,1.4967361865031195,-0.828082422172613
489,10,1.5537520094643777,-0.4825216630059191
489,11,1.6187208703186757,-0.683267474544199
489,12,1.5662789645776982,-0.6039609393452094
489,13,1.3997510141232283,-0.7483968376001481
489,14,1.5692010134096586,-0.4540708784572775
489,15,1.4693222755832,-0.4452975070514997
489,16,1.6520210006298182,-0.6944182187575386
489,17,1.528919305375055,-0.6743733774650295
489,18,1.4339220372801147,-0.7165905920534706
489,19,1.4090980665618098,-0.6069879802886695
490,0,1.433208986615261,-0.6481463217803173
490,1,1.4540974954510513,-0.9392960227064374
490,2,1.670551708224438,-0.6003567221183909
490,3,1.5870374505051021,-0.5845431459027151
490,4,1.5806013216057044,-0.7709242005328923
490,5,1.3952499979958957,-0.386575394380858
490,6,1.588243474760943,-0.8167319233753373
490,7,1.4168397355944293,-0.8424589128364449
490,8,1.6871448884888731,-0.5787310904340736
490,9,1.4967361865031195,-0.828082422172613
490,10,1.5566863382475327,-0.4843014063406563
490,11,1.6215753264893231,-0.6848497613569947
490,12,1.5691937683626545,-0.6056153386248181
490,13,1.4028170088079415,-0.7498982200800883
490,14,1.5721258937081677,-0.4558744616281149
490,15,1.4723444193950386,-0.44710635368902024
490,16,1.6548390362875047,-0.6959963100482532
490,17,1.5318681261582523,-0.6759492650280529
490,18,1.4369576510696602,-0.7181244973971034
490,19,1.4121665236710628,-0.6086310668902247
491,0,1.433208986615261,-0.6481463217803173
491,1,1.4570981050271428,-0.9406009956150752
491,2,1.670551708224438,-0.6003567221183909
491,3,1.589933908545297,-0.5862174664602042
491,4,1.5834843543583885,-0.7724198670598996
491,5,1.3983535363617319,-0.38843210403766554
491,6,1.591115797243185,-0.8181811934742084
491,7,1.4198857137494694,-0.8438574700432714
491,8,1.6899389800701827,-0.5804249055357183
491,9,1.4967361865031195,-0.828082422172613
491,10,1.5596177428654867,-0.4860793760965241
491,11,1.6244269383255754,-0.6864304714936967
491,12,1.5721056678914136,-0.6072680894918012
491,13,1.4058799481680433,-0.7513981064025614
491,14,1.5750478597455422,-0.4576762477639282
491,15,1.4753635516120525,-0.4489133977937988
491,16,1.657654263558872,-0.697572828651277
491,17,1.5348140092365936,-0.6775235826440069
491,18,1.4399902399788984,-0.7196568742590553
491,19,1.4152319230011694,-0.6102725161229763
492,0,1.433208986615261,-0.6481463217803173
492,1,1.4570981050271428,-0.9406009956150752
492,2,1.670551708224438,-0.6003567221183909
492,3,1.5928274807100873,-0.5878901188145125
492,4,1.5863645139732458,-0.7739140430536929
492,5,1.4014539823993462,-0.3902869636913493
492,6,1.5939852573755882,-0.8196290193348159
492,7,1.4229286574224265,-0.8452546339712987
492,8,1.6927302873327612,-0.5821170327466919
492,9,1.4967361865031195,-0.828082422172613
492,10,1.5625462262525789,-0.48785557405327185
492,11,1.627275708681899,-0.6880096065365976
492,12,1.57501466607879,-0.608919193600564
492,13,1.408939835269539,-0.752896498068955
492,14,1.577966914446673,-0.459476238668307
492,15,1.4783796752563962,-0.45071864117468824
492,16,1.6604666852619654,-0.6991477761447066
492,17,1.5377569575589107,-0.679096331888785
492,18,1.443019807043454,-0.7211877241732373
492,19,1.4182942676205974,-0.6119123296300166
493,0,1.433208986615261,-0.6481463217803173
493,1,1.4570981050271428,-0.9406009956150752
493,2,1.670551708224438,-0.6003567221183909
493,3,1.5957181698959415,-0.5895611046399664
493,4,1.589241803333319,-0.7754067300099439
493,5,1.404551339212288,-0.39213997519862553
493,6,1.5968518580304847,-0.8210754024064351
493,7,1.4259685696592905,-0.8466504060190895
493,8,1.6955188130707097,-0.5838074737608153
493,9,1.4967361865031195,-0.828082422172613
493,10,1.5654717913402239,-0.4896300019888755
493,11,1.6301216404099155,-0.689587168066413
493,12,1.5779207658366938,-0.6105686526038633
493,13,1.4119966731753788,-0.7543933965791605
493,14,1.5808830607335367,-0.46127443614304403
493,15,1.4813927933472126,-0.45252208563873897
493,16,1.6632763042120218,-0.700721154105066
493,17,1.5406969740710976,-0.6806675143367108
493,18,1.4460463552959262,-0.7227170486720316
493,19,1.421353560594757,-0.6135505090528006
494,0,1.433208986615261,-0.6481463217803173
494,1,1.4570981050271428,-0.9406009956150752
494,2,1.670551708224438,-0.6003567221183909
494,3,1.5986059789964426,-0.5912304256092245
494,4,1.5921162253187777,-0.7768979294228335
494,5,1.4076456099010146,-0.3939911404143606
494,6,1.5997156020773449,-0.8225203441368967
494,7,1.4290054535030163,-0.8480447875838127
494,8,1.6983045600753455,-0.5854962302702216
494,9,1.4967361865031195,-0.828082422172613
494,10,1.568394441056915,-0.49140266167953917
494,11,1.6329647363584054,-0.6911631576622834
494,12,1.5808239700741336,-0.6122164681528092
494,13,1.4150504649454603,-0.7558888034315749
494,14,1.5837963015251986,-0.46307084198813675
494,15,1.4844029089006356,-0.4543237329912007
494,16,1.6660831232214726,-0.702292964107308
494,17,1.5436340617161137,-0.6822371315605394
494,18,1.4490698877658932,-0.7242448492862934
494,19,1.424409804986003,-0.6151870560311474
495,0,1.433208986615261,-0.6481463217803173
495,1,1.4570981050271428,-0.9406009956150752
495,2,1.6734520980176644,-0.6018630583514999
495,3,1.6014909109022903,-0.5928980833932785
495,4,1.594987782806921,-0.778387642785054
495,5,1.410736797562894,-0.3958404611915728
495,6,1.6025764923827792,-0.8239638459725888
495,7,1.432039311993528,-0.8494377800612459
495,8,1.7010875311352038,-0.5871833039653577
495,9,1.4967361865031195,-0.828082422172613
495,10,1.5713141783282278,-0.4931735548996969
495,11,1.6358049993733108,-0.6927375769017762
495,12,1.5837242816972197,-0.6138626418968667
495,13,1.4181012136366322,-0.757382720123102
495,14,1.5867066397378156,-0.46486545800178913
495,15,1.487410024929794,-0.4561235850355242
495,16,1.6688871450999463,-0.7038632077248161
495,17,1.5465682234339868,-0.6838051851314593
495,18,1.4520904074799137,-0.7257711275453528
495,19,1.4274630038536396,-0.6168219722032423
496,0,1.436342508855608,-0.649561171097387
496,1,1.4570981050271428,-0.9406009956150752
496,2,1.6763381617494846,-0.6033897563375631
496,3,1.6043729685013042,-0.5945640796614559
496,4,1.5978564786721807,-0.7798758715878099
496,5,1.413824905292208,-0.3976879393814339
496,6,1.6054345318105416,-0.8254059093584581
496,7,1.4350701481677204,-0.8508293848457759
496,8,1.7038677290360418,-0.5888686965349861
496,9,1.4967361865031195,-0.828082422172613
496,10,1.574231006076822,-0.49494268342201453
496,11,1.6386424322977375,-0.6943104273608864
496,12,1.5866217036091668,-0.6155071754838572
496,13,1.4211489223026967,-0.7588751481491538
496,14,1.5896140782846389,-0.46665828598041353
496,15,1.4904141444448136,-0.4579216435733631
496,16,1.6716883726542715,-0.7054318865294057
496,17,1.5494994621618154,-0.6853716766190935
496,18,1.455107917461531,-0.7272958849770157
496,19,1.4305131602539214,-0.6184552592056378
497,0,1.439461316694149,-0.6510000648397539
497,1,1.4570981050271428,-0.9406009956150752
497,2,1.6792103818703672,-0.6049355257722944
497,3,1.6072521546784266,-0.5962284160814202
497,4,1.5978564786721807,-0.7798758715878099
497,5,1.4169099361801556,-0.3995335768332714
497,6,1.6082897232215325,-0.8268465357380117
497,7,1.4380913046340837,-0.8522340186666235
497,8,1.7066451565608398,-0.5905524096661863
497,9,1.4967361865031195,-0.828082422172613
497,10,1.5771449272224451,-0.4967100490173915
497,11,1.641477037971959,-0.695881710614039
497,12,1.5895162387102972,-0.6171500705599606
497,13,1.4241935939944135,-0.7603660890036521
497,14,1.5925186200760175,-0.46844932771863257
497,15,1.4934152704528212,-0.4597179104045758
497,16,1.6744868086884797,-0.7069990020913257
497,17,1.5524203117869044,-0.6869505042412715
497,18,1.4581224207312753,-0.7288191231075658
497,19,1.4335602772400582,-0.6200869186732559
498,0,1.4425658954480785,-0.6524614359084974
498,1,1.4570981050271428,-0.9406009956150752
498,2,1.6820692309155072,-0.6064991552354877
498,3,1.6101284723157259,-0.597891094319174
498,4,1.5978564786721807,-0.7798758715878099
498,5,1.4199918933148556,-0.4013773753945703
498,6,1.6111420694738012,-0.8282857265533179
498,7,1.4411094502600688,-0.853637252649935
498,8,1.7094198164898058,-0.5922344450443568
498,9,1.4967361865031195,-0.828082422172613
498,10,1.5800559446819349,-0.49847565345496253
498,11,1.644308819233418,-0.69745142823409
498,12,1.5924078898980434,-0.6187913287697164
498,13,1.4272352317595016,-0.7618555441790303
498,14,1.5954202680194007,-0.4702385850092808
498,15,1.496413405957947,-0.46151238732722716
498,16,1.6772824560038082,-0.7085645559792604
498,17,1.5553382505477684,-0.6885277584333066
498,18,1.4611339203066678,-0.730340843461766
498,19,1.4366043578622172,-0.6217169522393894
499,0,1.4456567241229155,-0.653943816614234
499,1,1.4570981050271428,-0.9406009956150752
499,2,1.684915170246671,-0.6080795071362756
499,3,1.6130019242923987,-0.5995521160390598
499,4,1.5978564786721807,-0.7798758715878099
499,5,1.4230707797813504,-0.4032193369109747
499,6,1.6139915734225492,-0.8297234832450081
499,7,1.4441245880668423,-0.8550390882003487
499,8,1.712191711600377,-0.5939148043532169
499,9,1.4967361865031195,-0.828082422172613
499,10,1.5829640613692229,-0.5002394985020994
499,11,1.6471377789167305,-0.6990195817923283
499,12,1.595296660066951,-0.6204309517560258
499,13,1.4302738386426437,-0.7633435151662346
499,14,1.5983190250193409,-0.47202605964340644
499,15,1.4994085539613276,-0.4633050761375903
499,16,1.6800753173987029,-0.7101285497603307
499,17,1.558253281365267,-0.6901034407740319
499,18,1.464142419202222,-0.7318610475628599
499,19,1.4396454051675258,-0.6233453615357034
500,0,1.4487342733076254,-0.6554458321204807
500,1,1.4570981050271428,-0.9406009956150752
500,2,1.6877486490675921,-0.6096755129881758
500,3,1.6158725134847736,-0.6012114829037619
500,4,1.5978564786721807,-0.7798758715878099
500,5,1.4261465986616082,-0.40505946322628994
500,6,1.6168382379201327,-0.8311598072522782
500,7,1.44713672107256,-0.8564395267211036
500,8,1.7149608446672233,-0.5955934892748077
500,9,1.4998032881913392,-0.8292722034374004
500,10,1.5858692801953367,-0.5020015859244126
500,11,1.649963919853688,-0.700586172858477
500,12,1.5981825521086817,-0.6220689411601529
500,13,1.4333094176854881,-0.7648300034547251
500,14,1.6012148939774964,-0.47381175341027343
500,15,1.5024007174611087,-0.4650959786301485
500,16,1.6828653956688204,-0.711690985000096
500,17,1.5611654071573489,-0.6916775528407069
500,18,1.4671479204294489,-0.7333797369325732
500,19,1.4426834222000755,-0.6249721481922372
501,0,1.4517990034826436,-0.6569661943208749
501,1,1.4570981050271428,-0.9406009956150752
501,2,1.6905701036743161,-0.6112861689942481
501,3,1.618740242766313,-0.6028691965743083
501,4,1.5978564786721807,-0.7798758715878099
501,5,1.4292193530345265,-0.4068977561824842
501,6,1.6196820658160658,-0.8325947000128899
501,7,1.4501458522923705,-0.8578385696140399
501,8,1.7177272184622494,-0.5972705014894945
501,9,1.5028568074804336,-0.8304876723793598
501,10,1.588771604068403,-0.5037619174857535
501,11,1.65278724487326,-0.7021512030006956
501,12,1.6010655689120163,-0.6237052986217266
501,13,1.4363419719266524,-0.7663150105324783
501,14,1.6041078777926352,-0.475595668097363
501,15,1.5053898994524493,-0.46688509659759697
501,16,1.6856526936070322,-0.7132518632625554
501,17,1.5640746308390547,-0.6932500962090193
501,18,1.4701504269968577,-0.7348969130911155
501,19,1.4457184120009243,-0.6265973138374059
502,0,1.4548513636821014,-0.6585036961251001
502,1,1.4601973303171412,-0.9416402709177979
502,2,1.6933799569067465,-0.6129105319232917
502,3,1.6216051150076165,-0.6045252587100719
502,4,1.5978564786721807,-0.7798758715878099
502,5,1.4322890459759356,-0.40873421761969053
502,6,1.6225230599570228,-0.8340281629631723
502,7,1.4531519847384167,-0.8592362182796011
502,8,1.7204908357545983,-0.5989458426759682
502,9,1.505897114691378,-0.8317272457358686
502,10,1.5916710358936512,-0.5055204949482157
502,11,1.6556077568015979,-0.7037146737855805
502,12,1.6039457133628576,-0.6253400257787426
502,13,1.4393715044017263,-0.7677985378859876
502,14,1.6069979793606368,-0.4773778054903754
502,15,1.5083761029275233,-0.46867243183084445
502,16,1.6884372140034258,-0.7148111861101497
502,17,1.5669809553225205,-0.6948210724530867
502,18,1.4731499419099605,-0.7364125775571816
502,19,1.4487503776081,-0.6282208600980018
503,0,1.4578917904591253,-0.6600572061288212
503,1,1.4632837163831771,-0.9427072636354504
503,2,1.6961786177719218,-0.6145477152587502
503,3,1.6244671330764242,-0.6061796709687726
503,4,1.5978564786721807,-0.7798758715878099
503,5,1.4353556805586014,-0.41056884937620863
503,6,1.6253612231868417,-0.8354601975380231
503,7,1.45615512141984,-0.8606324741168346
503,8,1.7232516993106537,-0.600619514511247
503,9,1.5089245834652072,-0.8329894358613715
503,10,1.5945675785734152,-0.507277320072137
503,11,1.6584254584620368,-0.7052765867781677
503,12,1.606822988344233,-0.6269731242675641
503,13,1.442398018143275,-0.7692805870002655
503,14,1.6098852015744958,-0.47915816737323197
503,15,1.5113593308755235,-0.47045798611901535
503,16,1.6912189596453093,-0.7163689551037626
503,17,1.5698843835169798,-0.6963904831454577
503,18,1.4761464681712748,-0.7379267318479531
503,19,1.4517793220566033,-0.6298427885991964
504,0,1.460920707109717,-0.6616256636436425
504,1,1.4663575577978125,-0.9438002969721604
504,2,1.6989664812133085,-0.6161968856028011
504,3,1.627326299837619,-0.6078324350064785
504,4,1.5978564786721807,-0.7798758715878099
504,5,1.4384192598522278,-0.4124016532885067
504,6,1.6281965583465268,-0.8368908051709105
504,7,1.4591552653427835,-0.8620273385233941
504,8,1.7260098118940426,-0.6022915186706779
504,9,1.5119395879801987,-0.834272844799048
504,10,1.597461235007137,-0.509032394616101
504,11,1.661240352675099,-0.7068369435419336
504,12,1.6096973967362975,-0.6286045957229245
504,13,1.4454215161808415,-0.7707611593588445
504,14,1.6127695473243242,-0.4809367555280767
504,15,1.5143395862826639,-0.4722417612494512
504,16,1.6939979333172126,-0.7179251718027224
504,17,1.572784918328767,-0.697958329857114
504,18,1.4791400087803261,-0.7394393774791
504,19,1.4548052483784104,-0.6314631009645417
505,0,1.4639385231165412,-0.6632080740639891
505,1,1.4694191597236976,-0.9449177938177497
505,2,1.7017515673716916,-0.6178444130354026
505,3,1.6301826181532297,-0.6094835524776083
505,4,1.5978564786721807,-0.7798758715878099
505,5,1.4414797869234608,-0.4142326311912233
505,6,1.6310290682742512,-0.838319987293874
505,7,1.462152419510394,-0.8634208128955402
505,8,1.7287651762656384,-0.6039618568279388
505,9,1.5119395879801987,-0.834272844799048
505,10,1.6003520080913698,-0.510785720336939
505,11,1.6640524422584961,-0.7083957456387968
505,12,1.6125689414163367,-0.6302344417779282
505,13,1.4484420015409505,-0.7722402564437789
505,14,1.6156510194973552,-0.48271357173527807
505,15,1.517316872132183,-0.4740237590077127
505,16,1.6967741378008911,-0.7194798377648035
505,17,1.5756825626613205,-0.6995246141574718
505,18,1.4821305667336517,-0.7409505159647821
505,19,1.4578281596024765,-0.633081798815972
506,0,1.4669533327077835,-0.6647889080517984
506,1,1.4724688344291135,-0.9460582707368002
506,2,1.704533879034945,-0.6194902992057315
506,3,1.6330360908824337,-0.611133025034932
506,4,1.5978564786721807,-0.7798758715878099
506,5,1.444537264835891,-0.416061784917169
506,6,1.63385875580536,-0.8397477453375264
506,7,1.4651465869228262,-0.864812898628142
506,8,1.7315177951835636,-0.6056305306550399
506,9,1.5119395879801987,-0.834272844799048
506,10,1.6032399007197802,-0.512537298989732
506,11,1.6668617300271327,-0.7099529946291198
506,12,1.6154376252587697,-0.6318626640640528
506,13,1.4514594772471108,-0.7737178797356465
506,14,1.6185296209779452,-0.48448861777343083
506,15,1.5202911914043469,-0.4758039811775814
506,16,1.6995475758753282,-0.7210329545462281
506,17,1.5785773194151849,-0.7010893376143832
506,18,1.485118145024803,-0.7424601488176504
506,19,1.4608480587547386,-0.6346988837738055
507,0,1.4699651389012711,-0.6663681671894867
507,1,1.47550689831801,-0.9472203322959002
507,2,1.7073057947943875,-0.6211473665277408
507,3,1.63588672088156,-0.6127808543295734
507,4,1.6008247736674217,-0.781145777119535
507,5,1.4475916966500566,-0.4178891162973286
507,6,1.6366856237723737,-0.8411740807310548
507,7,1.468137770577244,-0.8662035971146789
507,8,1.7342676714031924,-0.6072975418223253
507,9,1.5119395879801987,-0.834272844799048
507,10,1.6061249157831514,-0.5142871323278116
507,11,1.6696682187931084,-0.7115086920717102
507,12,1.6183034511351517,-0.6334892642111504
507,13,1.4544739463198184,-0.7751940307135496
507,14,1.621405354647577,-0.4862618954193578
507,15,1.523262547076452,-0.47758242954106134
507,16,1.7023182503167382,-0.7225845237016675
507,17,1.5814691914880148,-0.7026525017941379
507,18,1.4881027466443486,-0.743968277548849
507,19,1.4638649488581188,-0.6363143574567456
508,0,1.472973944711825,-0.667945853057894
508,1,1.4785336694101512,-0.9484026657174708
508,2,1.7100749481324138,-0.6228027824582015
508,3,1.6387345110040918,-0.6144270420110111
508,4,1.603779465102362,-0.7824390890617328
508,5,1.450643085423447,-0.41971462716086255
508,6,1.6395096750049893,-0.8425989949022225
508,7,1.4711259734678257,-0.8675929097472411
508,8,1.7370148076771537,-0.6089628919984748
508,9,1.5119395879801987,-0.834272844799048
508,10,1.6090070561693863,-0.516035222102763
508,11,1.6724719113657216,-0.7130628395238229
508,12,1.6211664219141773,-0.6351142438474492
508,13,1.4574854117765599,-0.7766687108551168
508,14,1.6242782233848632,-0.4880334064481117
508,15,1.5262309421228286,-0.4793591058783811
508,16,1.705086163898569,-0.724134546784244
508,17,1.5843581817745769,-0.7042141082614646
508,18,1.4910843745798779,-0.745474903668016
508,19,1.4668788329325273,-0.6379282214818832
509,0,1.475979753151263,-0.6695219672362854
509,1,1.4815494652145058,-0.9496040358472297
509,2,1.712841341820949,-0.6244565486541866
509,3,1.64157946410067,-0.6160715897270805
509,4,1.6067209471557196,-0.7837543750448771
509,5,1.4536914342105056,-0.421538319335109
509,6,1.6423309123300853,-0.8440224892773698
509,7,1.4741111985857651,-0.8689808379165322
509,8,1.7397592067553334,-0.6106265828505055
509,9,1.5119395879801987,-0.834272844799048
509,10,1.6118863247635105,-0.5177815700644256
509,11,1.6752728105514711,-0.7146154385411608
509,12,1.6240265404616832,-0.6367376045995555
509,13,1.4604938766318152,-0.7781419216365043
509,14,1.6271482300655478,-0.48980315263297675
509,15,1.5291963795148429,-0.4811340119679955
509,16,1.7078513193915048,-0.7256830253455323
509,17,1.5872442931667532,-0.7057741585795331
509,18,1.4940630318160033,-0.746980028683286
509,19,1.4698897139948648,-0.6395404774646978
510,0,1.4789825672284023,-0.6710965113023528
510,1,1.4845546009457036,-0.9508232804214888
510,2,1.7156049786291558,-0.6261086667711178
510,3,1.6444215830190956,-0.6177144991239757
510,4,1.6096496130193862,-0.7850902882545697
510,5,1.4567367460626321,-0.4233601946455856
510,6,1.6451493385717229,-0.8454445652814161
510,7,1.4770934489192755,-0.8703673830118697
510,8,1.7425008713848777,-0.6122886160437737
510,9,1.5119395879801987,-0.834272844799048
510,10,1.6147627244476743,-0.5195261779608955
510,11,1.6780709191540597,-0.7161664906778773
510,12,1.6268838096406506,-0.6383593480924551
510,13,1.4634993438970605,-0.7796136645323977
510,14,1.6300153775625104,-0.4915711357454706
510,15,1.5321588622209004,-0.4829071495865872
510,16,1.7106137195634687,-0.7272299609355609
510,17,1.5901275285535441,-0.7073326543099553
510,18,1.4940630318160033,-0.746980028683286
510,19,1.4728975950590262,-0.6411511270190591
511,0,1.4819747291950034,-0.6726840109522941
511,1,1.4875493880393267,-0.9520593056199987
511,2,1.7183658613234376,-0.6277591384627667
511,3,1.6472608706043321,-0.6193557718462506
511,4,1.6125658527593063,-0.7864455621481776
511,5,1.459779024028187,-0.4251802549159913
511,6,1.6479649565511494,-0.8468652243378608
511,7,1.4800727274535923,-0.8717525464211864
511,8,1.7452398043101958,-0.6139489932419762
511,9,1.5119395879801987,-0.834272844799048
511,10,1.617636258101157,-0.521269047538527
511,11,1.680866239974397,-0.7177159974865769
511,12,1.6297382323112088,-0.6399794759495147
511,13,1.4665018165807715,-0.7810839410160129
511,14,1.6328796687457683,-0.49333735755534613
511,15,1.5351183932064494,-0.48467852050906873
511,16,1.7133733671796263,-0.7287753551028139
511,17,1.593007890821071,-0.7088895970127869
511,18,1.4940630318160033,-0.746980028683286
511,19,1.4759024791359032,-0.642760171757229
512,0,1.4849639092066382,-0.6742699285179373
512,1,1.490534132927073,-0.9533110818898751
512,2,1.7211239926674406,-0.6294079653812572
512,3,1.6500973296985093,-0.6209954095368206
512,4,1.6154700515363165,-0.7878190054923617
512,5,1.462818271152493,-0.42699850196820827
512,6,1.6507777690868013,-0.8482844678687851
512,7,1.4830490371709764,-0.8731363295310323
512,8,1.747976008272962,-0.6156077161071521
512,9,1.5119395879801987,-0.834272844799048
512,10,1.6205069286003684,-0.523010180541934
512,11,1.6836587758106016,-0.7192639605183174
512,12,1.6325898113306379,-0.6415979897924838
512,13,1.4695012976884263,-0.7825527525590982
512,14,1.63574110648248,-0.4951018198305931
512,15,1.5380749754339833,-0.48644812650858416
512,16,1.7161302650023875,-0.7303192093942322
512,17,1.5958853828525794,-0.710444988246529
512,18,1.4940630318160033,-0.746980028683286
512,19,1.478904369233388,-0.6443676132898628
513,0,1.487950110255479,-0.6758542655867874
513,1,1.4935091360374972,-0.9545776400261812
513,2,1.723879375422057,-0.6310551491770667
513,3,1.6529232645907002,-0.6226466601411715
513,4,1.618362588139981,-0.7892094977057598
513,5,1.46585449047784,-0.42881493762230355
513,6,1.6535877789943068,-0.849702297294853
513,7,1.4860223810507167,-0.8745187337265756
513,8,1.7507094860121193,-0.6172647862996848
513,9,1.5119395879801987,-0.834272844799048
513,10,1.6233747388188526,-0.5247495787139926
513,11,1.686448529458005,-0.7208103813226115
513,12,1.635438549553371,-0.6432148912414966
513,13,1.4724977902225085,-0.7840201006319353
513,14,1.6385996936369476,-0.49686452433743994
513,15,1.5410286118630439,-0.48821596935651074
513,16,1.7188844157914096,-0.7318615253552158
513,17,1.5987600075284418,-0.7119988295681299
513,18,1.4940630318160033,-0.746980028683286
513,19,1.4819032683563755,-0.6459734532260111
514,0,1.4909333353307161,-0.6774370237447673
514,1,1.496474690992177,-0.9558580674949685
514,2,1.7266320123454275,-0.6327006914990279
514,3,1.6557463832122588,-0.6242962651419395
514,4,1.6212438337940784,-0.7906159844909388
514,5,1.4688876850434864,-0.43062956369653105
514,6,1.6563949890864884,-0.8511187140353134
514,7,1.4889927620691332,-0.8758997603916044
514,8,1.7534402402638816,-0.6189202054783031
514,9,1.5119395879801987,-0.834272844799048
514,10,1.6262396916272905,-0.526487243795842
514,11,1.6892355037091529,-0.7223552614474279
514,12,1.638284449830998,-0.6448301819150728
514,13,1.4754912971825098,-0.7854859867033411
514,14,1.6414554330706195,-0.4986254728403556
514,15,1.543979305450224,-0.489982050822461
514,16,1.7216358223036003,-0.7334023045296242
514,17,1.6016317677261602,-0.7135511225329862
514,18,1.4940630318160033,-0.746980028683286
514,19,1.4848991795067668,-0.6475776931731212
515,0,1.4939135874185605,-0.6790182045762195
515,1,1.4994310839708043,-0.9571515049849273
515,2,1.7293819061929445,-0.6343445939943301
515,3,1.6585666883891295,-0.6259442261903807
515,4,1.6241141511973871,-0.7920374737398251
515,5,1.4719178578856629,-0.4324423820073332
515,6,1.6591994021733663,-0.8525337195080005
515,7,1.4919601831995806,-0.8772794109085278
515,8,1.7561682737617366,-0.6205739753000832
515,9,1.5119395879801987,-0.834272844799048
515,10,1.6291017898935025,-0.5282231775268866
515,11,1.6920197013538094,-0.723898602439193
515,12,1.6411275150122682,-0.6464438634301201
515,13,1.478481821564934,-0.7869504122406691
515,14,1.6443083276420936,-0.5003846671020512
515,15,1.5469270591491708,-0.4917463726742841
515,16,1.7243844872931202,-0.7349415484597789
515,17,1.6045006663203694,-0.7151018686949449
515,18,1.4940630318160033,-0.746980028683286
515,19,1.4878921056834715,-0.6491803347370388
516,0,1.4968908695022476,-0.6805978096639076
516,1,1.5023845316326723,-0.9584436538833004
516,2,1.7321290597172545,-0.6359868583085213
516,3,1.6613841829444405,-0.6275905449361059
516,4,1.6269738937678226,-0.7934730316971011
516,5,1.4749450120375753,-0.43425339436934296
516,6,1.6620010210621605,-0.8539473151293364
516,7,1.49492464741245,-0.8786576866583771
516,8,1.7588935892364483,-0.6222260974204503
516,9,1.5149817465956337,-0.8354817213022119
516,10,1.631961036482452,-0.5299573816447979
516,11,1.6948011251789592,-0.7254404058427927
516,12,1.643967747943092,-0.6480559374019351
516,13,1.4814693663632987,-0.7884133787098105
516,14,1.647149924477582,-0.5021557483150606
516,15,1.5498718759105887,-0.49350893667806806
516,16,1.7271304135113859,-0.7364792586864647
516,17,1.6073667061828396,-0.7166510696063041
516,18,1.4940630318160033,-0.746980028683286
516,19,1.490882049882412,-0.6507813795220099
517,0,1.4998651845620397,-0.6821758405890178
517,1,1.5053350369341851,-0.9597345154835302
517,2,1.734873475668261,-0.6376274860855099
517,3,1.6641988696985068,-0.6292352230270817
517,4,1.6298234050618856,-0.7949217793664781
517,5,1.477969150529408,-0.43606260259538543
517,6,1.6647998485572946,-0.8553595023143318
517,7,1.4978861576751732,-0.8800345890208078
517,8,1.7616161894160605,-0.6238765734931804
517,9,1.518010724087892,-0.8367147031425128
517,10,1.6348174342562471,-0.5316898578855157
517,11,1.6975797779688102,-0.7269806732015737
517,12,1.6467976046111723,-0.64967962989382
517,13,1.4844539345681391,-0.7898748875751964
517,14,1.6499886894249611,-0.5039250644980118
517,15,1.5528137586822421,-0.4952697445981411
517,16,1.7298736037070719,-0.738015436748931
517,17,1.6102298901824796,-0.7181987268178156
517,18,1.4940630318160033,-0.746980028683286
517,19,1.4938690150965253,-0.6523808291306816
518,0,1.502836535575229,-0.6837522989311606
518,1,1.5082826028288014,-0.9610240910777703
518,2,1.7376151567931266,-0.6392664789675657
518,3,1.6670107514688326,-0.6308782621096324
518,4,1.6326630183448247,-0.7963828891452716
518,5,1.4809902763883265,-0.43787000849647983
518,6,1.6675958874603973,-0.8567702824765873
518,7,1.5008447169522248,-0.8814101193741005
518,8,1.7643360770258985,-0.6255254051704014
518,9,1.521026890129547,-0.8379703082061192
518,10,1.6376709860741454,-0.5334206079832506
518,11,1.7003556625047966,-0.7285194060573451
518,12,1.6496246411071847,-0.6513017042499654
518,13,1.4874355291670112,-0.7913349402997986
518,14,1.6528246253258374,-0.505692617421992
518,15,1.5557527104089588,-0.49702879819707374
518,16,1.7326140606261144,-0.7395500841848935
518,17,1.6130902211853395,-0.7197448418786857
518,18,1.4940630318160033,-0.746980028683286
518,19,1.4968530043157662,-0.6539786851641048
519,0,1.5058049255161405,-0.6853271862683724
519,1,1.5112272322670375,-0.9623123819568872
519,2,1.7403541058362773,-0.6409038385953223
519,3,1.6698198310701142,-0.6325196638284418
519,4,1.6354930562899608,-0.7978555816732934
519,5,1.4839992698958755,-0.43969077607599666
519,6,1.6703891405703066,-0.8581796570282951
519,7,1.5038003282051253,-0.8827842790951624
519,8,1.7670532547885722,-0.6271725941025957
519,9,1.5240306152284422,-0.839247143418136
519,10,1.6405216947925547,-0.5351496336704852
519,11,1.7031287815655816,-0.7300566059503801
519,12,1.6524488602609955,-0.6529221620940691
519,13,1.4904141531444939,-0.7927935383451311
519,14,1.6556577350189854,-0.5074584088563234
519,15,1.558688734032632,-0.4987860992356803
519,16,1.7353517870117134,-0.7410832025305358
519,17,1.6159477020546134,-0.7212894163365772
519,18,1.4940630318160033,-0.746980028683286
519,19,1.4998340205271112,-0.6555749492217349
520,0,1.508770357356136,-0.686900504177117
520,1,1.51416892819647,-0.9635993894104613
520,2,1.7430903255394032,-0.6425395666077782
520,3,1.672626111314243,-0.6341594298265548
520,4,1.6383202740690603,-0.7993268066459219
520,5,1.4870052646190401,-0.44150972906556124
520,6,1.6731796106830716,-0.8595876273802407
520,7,1.506752994392445,-0.8841570695595288
520,8,1.7697677254239796,-0.628818141938601
520,9,1.5270222683833,-0.8405438992316758
520,10,1.6433695632650374,-0.5368769366779756
520,11,1.70589913792706,-0.7315922744194173
520,12,1.6552702648996507,-0.6545410050482111
520,13,1.4933898094821927,-0.7942506831712521
520,14,1.6584880213403506,-0.509222440568565
520,15,1.5616218324922244,-0.5005416494730208
520,16,1.7380867856043358,-0.742614793320511
520,17,1.6188023356506422,-0.7228324517376106
520,18,1.497136331435713,-0.7482724864020684
520,19,1.5028120667145604,-0.6571696229014337
521,0,1.5117328340636154,-0.6884722542322871
521,1,1.51710769356174,-0.9648851147267883
521,2,1.7458238186414634,-0.644173664642299
521,3,1.6754295950103086,-0.6357975617453786
521,4,1.6411446745121712,-0.8007965655358547
521,5,1.490008263566824,-0.44332686928594733
521,6,1.6759673005919555,-0.8609941949418038
521,7,1.509702718469805,-0.8855284921413642
521,8,1.7724794916493083,-0.6304620503256121
521,9,1.5300022151261696,-0.8418593444505947
521,10,1.6462145943423125,-0.5386025187347542
521,11,1.7086667343623614,-0.7331264130016624
521,12,1.6580888578473794,-0.656158234732855
521,13,1.4963625011587425,-0.795706376236765
521,14,1.6613154871230524,-0.5109847143245143
521,15,1.5616218324922244,-0.5005416494730208
521,16,1.7408190591417179,-0.7441448580879427
521,17,1.6216541248309173,-0.7243739496263658
521,18,1.5001955216521419,-0.7495896883859241
521,19,1.5057871458591408,-0.6587627077994711
522,0,1.5146923586040208,-0.6900424380072061
522,1,1.5200435313045542,-0.9661695591928805
522,2,1.7485545878786872,-0.6458061343346181
522,3,1.6782302849646005,-0.6374340612246849
522,4,1.6439662604465208,-0.8022648598143218
522,5,1.4930082697452318,-0.44514219855611403
522,6,1.6787522130874386,-0.8623993611209599
522,7,1.5126495033898826,-0.886898548213464
522,8,1.7751885561790388,-0.632104320909183
522,9,1.5329708159012034,-0.8431923213698822
522,10,1.649056790872259,-0.54032638156813
522,11,1.7114315736418522,-0.7346590232327894
522,12,1.6609046419255955,-0.657773852766849
522,13,1.4993322311498107,-0.79716061899882
522,14,1.664140135197387,-0.5127452318882091
522,15,1.5616218324922244,-0.5005416494730208
522,16,1.7435486103588682,-0.7456733983644276
522,17,1.6245030724500822,-0.7259139115458838
522,18,1.5032410239494547,-0.7509300784044427
522,19,1.5087592609389096,-0.6603542055105267
523,0,1.5176489339398394,-0.6916110570736295
523,1,1.522976444363689,-0.9674527240944681
523,2,1.751282635984577,-0.6474369773188394
523,3,1.6810281839806123,-0.6390689299026113
523,4,1.6467850346965196,-0.8037316909510873
523,5,1.496005286157273,-0.44695571869320777
523,6,1.681534350957221,-0.8638031273242817
523,7,1.515593352102412,-0.8882672391472558
523,8,1.7778949217249476,-0.6337449553332283
523,9,1.5359284247353284,-0.8445417412174365
523,10,1.6518961556999185,-0.5420485269036915
523,11,1.7141936585331394,-0.7361901066469428
523,12,1.663717619952902,-0.6593878607674284
523,13,1.5022990024281,-0.7986134129131154
523,14,1.6669619683908299,-0.5145039950219291
523,15,1.5616218324922244,-0.5005416494730208
523,16,1.7462754419880702,-0.7472004156800357
523,17,1.6273491813599363,-0.727452339037668
523,18,1.5062732587525858,-0.752292195872943
523,19,1.511728414928957,-0.6619441176276912
524,0,1.5206025630306057,-0.6931781130017464
524,1,1.5259064356749934,-0.9687346107160005
524,2,1.754007965689912,-0.6490661952274385
524,3,1.6838232948590437,-0.6407021694156629
524,4,1.6496010000837633,-0.8051970604144506
524,5,1.4989993158029637,-0.44876743151256393
524,6,1.6843137169862255,-0.8652054949569404
524,7,1.5185342675541889,-0.8896345663128005
524,8,1.780598590996109,-0.6353839552400244
524,9,1.5388753881617674,-0.8459065798809804
524,10,1.6547326916674978,-0.543768956465308
524,11,1.7169529918010729,-0.7377196647767386
524,12,1.6665277947450925,-0.661000260350217
524,13,1.5052628179633512,-0.8000647594338994
524,14,1.6697809895280387,-0.516261005486198
524,15,1.5616218324922244,-0.5005416494730208
524,16,1.7489995567588847,-0.748725911563313
524,17,1.6301924544094375,-0.7289892336416858
524,18,1.5092926429911835,-0.7536746697777782
524,19,1.5146946108014088,-0.6635324457424683
525,0,1.5235532488329055,-0.6947436073601815
525,1,1.5288276226583297,-0.9700285894709629
525,2,1.7567305797227495,-0.6506937896912639
525,3,1.6866156203978033,-0.6423337813987142
525,4,1.652414159427036,-0.806660969671248
525,5,1.5019903616793309,-0.4505773388277089
525,6,1.6870903139566003,-0.8666064654227077
525,7,1.5214722526890723,-0.8910005310787937
525,8,1.783299566698899,-0.6370213222702121
525,9,1.5418120443621206,-0.8472858739041015
525,10,1.6575664016143723,-0.545487671975131
525,11,1.7197095762077477,-0.7392476991532658
525,12,1.6693351691151548,-0.6626110531292281
525,13,1.5082236807223466,-0.8015146600139714
525,14,1.6725972014308566,-0.518016265039785
525,15,1.5616218324922244,-0.5005416494730208
525,16,1.7517209573981536,-0.7502498875412824
525,17,1.6330328944447048,-0.7305245968963702
525,18,1.5122995880856094,-0.7550762129815247
525,19,1.5176578515254302,-0.6651191914447759
526,0,1.5265009943003782,-0.6963075417159961
526,1,1.5317458984830625,-0.9713212786893749
526,2,1.759450480808429,-0.6523197623395394
526,3,1.689405163392012,-0.6439637674850103
526,4,1.655224515542313,-0.8081234201868541
526,5,1.504978426780414,-0.4523854424503616
526,6,1.6898641446477216,-0.8680060401239561
526,7,1.5244073104479885,-0.8923651348125679
526,8,1.7859978515369967,-0.6386570580627973
526,9,1.5447387224969278,-0.8486787167357959
526,10,1.6603972883770883,-0.5472046751535965
526,11,1.7224634145125075,-0.7407742113060886
526,12,1.6721397458732734,-0.664220240716867
526,13,1.5111815936689126,-0.8029631161046833
526,14,1.6754106069183141,-0.5197697754397067
526,15,1.5616218324922244,-0.5005416494730208
526,16,1.7544396466300014,-0.7517723451394452
526,17,1.6358705043090216,-0.7320584303386213
526,18,1.5152944982982892,-0.7564956168887308
526,19,1.520618140067228,-0.6667043563229481
527,0,1.5294458023837199,-0.69786991763469
527,1,1.5346612660703887,-0.9726126796652197
527,2,1.7621676716695742,-0.653944114799865
527,3,1.6921919266340049,-0.6455921293061688
527,4,1.6580320712427636,-0.8095844134251833
527,5,1.5079635140972694,-0.4541917441904356
527,6,1.6926352118361967,-0.8694042204616614
527,7,1.527339443768933,-0.8937283788800924
527,8,1.7886934482113879,-0.6402911642551531
527,9,1.5476557421983443,-0.850084255218395
527,10,1.6632253547893665,-0.5489199677194263
527,11,1.7252076210918612,-0.7423115637933514
527,12,1.6749415278268325,-0.6658278247239321
527,13,1.5141365597639231,-0.8044101291559409
527,14,1.6782212088066333,-0.5215215384412286
527,15,1.5616218324922244,-0.5005416494730208
527,16,1.7571556271758388,-0.7532932858817831
527,17,1.6387052868428382,-0.7335907355038078
527,18,1.518277769400714,-0.7579317464527588
527,19,1.5235754793900542,-0.6682879419637364
528,0,1.5323876760306863,-0.6994307366802031
528,1,1.5375737283385937,-0.9739027936911909
528,2,1.7648821550260958,-0.6555668486982194
528,3,1.6949759129133346,-0.6472188684921817
528,4,1.6608368293387539,-0.8110439508486912
528,5,1.5109456266179724,-0.4559962458560407
528,6,1.6954035182958664,-0.8708010078354035
528,7,1.5302686555869742,-0.895090264645976
528,8,1.7913863594203674,-0.6419236424830214
528,9,1.5505698557094176,-0.851488393380536
528,10,1.666050603682104,-0.55063355138963
528,11,1.727949092891219,-0.7438473842090637
528,12,1.6777405177804183,-0.6674338067596165
528,13,1.5170885819653022,-0.8058557006162058
528,14,1.681029009909229,-0.5232715557978673
528,15,1.5616218324922244,-0.5005416494730208
528,16,1.759868901754365,-0.7548127112907592
528,17,1.6415372448837746,-0.7351215139257689
528,18,1.521249787612557,-0.7593835355044246
528,19,1.526529872454208,-0.6698699499523117
529,0,1.5353266181860958,-0.7009900004149168
529,1,1.5404832882030557,-0.975191622058694
529,2,1.7675939335951942,-0.6571879656589606
529,3,1.6977571250167742,-0.6488439866714163
529,4,1.663638792637849,-0.8125020339183762
529,5,1.5139247673276204,-0.4577989492534848
529,6,1.6981690667978084,-0.8721964036433678
529,7,1.533194948834256,-0.8964507934734677
529,8,1.794076587859542,-0.6435544943805145
529,9,1.553481065947178,-0.8528911326277622
529,10,1.6688730378833774,-0.5523454278795065
529,11,1.7306878326547965,-0.7453816740905832
529,12,1.6805367185358226,-0.6690381884315098
529,13,1.5200376632280268,-0.8072998319324964
529,14,1.6838340130367133,-0.5250198292613918
529,15,1.5616218324922244,-0.5005416494730208
529,16,1.7625794730815705,-0.7563306228873198
529,17,1.6443663812666236,-0.7366507671368151
529,18,1.5242109287748162,-0.7608499823835286
529,19,1.5294813222170398,-0.6714503818722655
530,0,1.5382626317918326,-0.7025477103996556
530,1,1.5433899485762466,-0.9764791660578475
530,2,1.7703030100913626,-0.6588074673048284
530,3,1.7005355657283199,-0.6504674854706176
530,4,1.6664379639448177,-0.8139586640937809
530,5,1.5169009392083364,-0.45959985618727583
530,6,1.7009318601103394,-0.873590409282347
530,7,1.5361183264400007,-0.8978099667244581
530,8,1.796764136221833,-0.6451837215801167
530,9,1.55638937582575,-0.8542924743642172
530,10,1.6716926602184465,-0.5540555989026459
530,11,1.7334238431240754,-0.7469144349737357
530,12,1.6833301328920454,-0.6706409713455995
530,13,1.5229838065041301,-0.8087425245503896
530,14,1.6866362209968968,-0.5267663605818256
530,15,1.5616218324922244,-0.5005416494730208
530,16,1.7652873438707397,-0.757847022190896
530,17,1.6471926988233534,-0.7381784966677305
530,18,1.5242109287748162,-0.7608499823835286
530,19,1.5324298316329539,-0.6730292393056115
531,0,1.541195719786849,-0.7041038681936888
531,1,1.5462937123677363,-0.977765426977484
531,2,1.773009387226389,-0.6604253552569456
531,3,1.7033112378291935,-0.6520893665149095
531,4,1.6692343460616326,-0.8154138428329937
531,5,1.5198741452392712,-0.46139896846012335
531,6,1.7036919009990181,-0.874983026147742
531,7,1.5390387913305124,-0.8991677857594811
531,8,1.799449007197479,-0.6468113257126862
531,9,1.5592947882563546,-0.8556924199926453
531,10,1.6745094735097559,-0.555764066170931
531,11,1.7361571270378047,-0.7484456683928161
531,12,1.6861207636452968,-0.6722421571062731
531,13,1.5259270147427046,-0.8101837799140221
531,14,1.6894356365947925,-0.5285111515074482
531,15,1.5646322789920997,-0.5021537795066143
531,16,1.7679925168324542,-0.7593619107194048
531,17,1.6500162003831107,-0.7397047040477738
531,18,1.5242109287748162,-0.7608499823835286
531,19,1.5353754036534109,-0.6746065238327879
532,0,1.544125885107169,-0.7056584753547317
532,1,1.5491945824841953,-0.9790504061051523
532,2,1.7757130677093598,-0.6620416311348194
532,3,1.7060841440978454,-0.6537096314277964
532,4,1.672027941787475,-0.8168675715926497
532,5,1.5228443883966072,-0.46319628787294054
532,6,1.7064491922266483,-0.8763742556335639
532,7,1.541956346429179,-0.9005242519377148
532,8,1.8021312034740384,-0.6484373084074562
532,9,1.5621973061473124,-0.8570909709143936
532,10,1.6773234805769384,-0.5574708313945392
532,11,1.738887687132004,-0.7499753758805908
532,12,1.6889086135890012,-0.6738417473163191
532,13,1.5288672908899046,-0.811623599466092
532,14,1.692232262632618,-0.5302542037847972
532,15,1.567627606821124,-0.5037867704281461
532,16,1.7706949946745947,-0.7608752899892514
532,17,1.6528368887722233,-0.74122939080468
532,18,1.5242109287748162,-0.7608499823835286
532,19,1.5383180412269315,-0.6761822370326578
533,0,1.547053130685891,-0.7072115334389477
533,1,1.5520925618293975,-0.9803341047271174
533,2,1.7784140542466618,-0.6636562965563437
533,3,1.7088542873099575,-0.6553282818311652
533,4,1.6748187539187374,-0.8183198518279329
533,5,1.5258116716535604,-0.4649918162248459
533,6,1.709203736553281,-0.8777640991324345
533,7,1.5448709946564763,-0.9018793666169832
533,8,1.8048107277363925,-0.650061671292037
533,9,1.5650969324040467,-0.8584881285294128
533,10,1.6801346842368179,-0.5591758962819443
533,11,1.741615526139967,-0.7515035589682985
533,12,1.691693685513799,-0.6754397435769287
533,13,1.5318046378889492,-0.81306198464786
533,14,1.6950261019097992,-0.5319955191586695
533,15,1.5706083633366024,-0.5054392410305916
533,16,1.773394780102344,-0.7623871615153296
533,17,1.6556547668142032,-0.7427525584646621
533,18,1.5242109287748162,-0.7608499823835286
533,19,1.5412577472990987,-0.6777563804825117
534,0,1.5499774594531908,-0.7087630440009495
534,1,1.554987653304223,-0.981616524128363
534,2,1.781112349541985,-0.6652693531378001
534,3,1.711621670238446,-0.6569453193452864
534,4,1.677606785249025,-0.8197706849925772
534,5,1.5287759979803843,-0.4667855553131651
534,6,1.711955536736218,-0.8791525580355886
534,7,1.5477827389299699,-0.9032331311537574
534,8,1.8074875826667474,-0.6516844159924173
534,9,1.5679936699290862,-0.8598838942362591
534,10,1.682943087303412,-0.5608792625399178
534,11,1.744340646792263,-0.7530302191856518
534,12,1.69447598220755,-0.6770361474876978
534,13,1.5347390586801257,-0.814498936899151
534,14,1.6978171572229714,-0.5337350993721235
534,15,1.5735750820228518,-0.5071098981056275
534,16,1.77609187581819,-0.7638975268110244
534,17,1.658469837329749,-0.7442742085524126
534,18,1.5242109287748162,-0.7608499823835286
534,19,1.544194524812561,-0.6793289557580688
535,0,1.5528988743363241,-0.7103130085938006
535,1,1.5578798598066614,-0.9828976655925923
535,2,1.7838079562963256,-0.66688080249386
535,3,1.714386295653464,-0.6585607455888164
535,4,1.6803920385691602,-0.8212200725388682
535,5,1.5317373703443726,-0.4685775069334327
535,6,1.714704595530014,-0.8805396337328749
535,7,1.5506915821643186,-0.9045855469031571
535,8,1.8101544925822954,-0.6533174900556603
535,9,1.5679936699290862,-0.8598838942362591
535,10,1.6857486925879348,-0.562580931873531
535,11,1.7470630518167407,-0.7545553580608393
535,12,1.6972555064553356,-0.6786309606466283
535,13,1.5376705562007924,-0.8159344576583558
535,14,1.7006054313659842,-0.5354729461664808
535,15,1.5765282813060262,-0.5087975305539205
535,16,1.7787862845219284,-0.7654063873882131
535,17,1.661282103136749,-0.7457943425911044
535,18,1.5242109287748162,-0.7608499823835286
535,19,1.5471283767070358,-0.6808999644334784
536,0,1.5558173782596303,-0.7118614287690173
536,1,1.560769184231814,-0.9841775304022291
536,2,1.786500877207989,-0.6684906462375855
536,3,1.717148166322404,-0.6601745621787982
536,4,1.683174516667184,-0.822668015917644
536,5,1.534695791709862,-0.470367672879394
536,6,1.7174509156864792,-0.8819253276127575
536,7,1.5535975272712774,-0.9059366152189516
536,8,1.8128187447573019,-0.6549489366596779
536,9,1.5679936699290862,-0.8598838942362591
536,10,1.6885515028988003,-0.5642809059861565
536,11,1.74978274393853,-0.7560789771205263
536,12,1.700032261039463,-0.6802241846501298
536,13,1.540599133385381,-0.817368548362432
536,14,1.7033909271299024,-0.5372090612813276
536,15,1.579468463670871,-0.5105010039001847
536,16,1.7814780089106648,-0.7669137447572664
536,17,1.664091567050284,-0.7473129621023935
536,18,1.5242109287748162,-0.7608499823835286
536,19,1.5500593059193115,-0.6824694080813218
537,0,1.5587329741445346,-0.7134083060765695
537,1,1.5636556294718975,-0.9854561198384193
537,2,1.7891911149725912,-0.6700988859804319
537,3,1.7199072850099013,-0.6617867707306639
537,4,1.6859542223283601,-0.8241145165782976
537,5,1.5376512650382352,-0.47215605494300694
537,6,1.7201944999546832,-0.8833096410623175
537,7,1.5565005771597005,-0.9072863374535619
537,8,1.8154803418586858,-0.6565787574375498
537,9,1.5679936699290862,-0.8598838942362591
537,10,1.6913515210416241,-0.5659791865794702
537,11,1.7524997258800454,-0.7576010778898571
537,12,1.7028062487394655,-0.681815821093021
537,13,1.5435180823382493,-0.8188148342288015
537,14,1.70617364730301,-0.538943446454517
537,15,1.582396115033954,-0.5122192551868305
537,16,1.7841670516788177,-0.7684196004270506
537,17,1.6668982318826304,-0.7488300686064193
537,18,1.5242109287748162,-0.7608499823835286
537,19,1.5529798300631945,-0.6840511875982467
538,0,1.5616456649095514,-0.7149536420648829
538,1,1.5665391984162464,-0.9867334351810322
538,2,1.791878672283063,-0.6717055233322488
538,3,1.7226636544778366,-0.6633973728582359
538,4,1.6887311583351765,-0.8255595759687775
538,5,1.5406037932879237,-0.4739426549144437
538,6,1.7229353510809562,-0.8846925754672539
538,7,1.5594007347355432,-0.908634714958061
538,8,1.8181392865507084,-0.6582069540207282
538,9,1.5679936699290862,-0.8598838942362591
538,10,1.6941487498192271,-0.5676757753534526
538,11,1.7552140003609886,-0.759121661892456
538,12,1.705577472332108,-0.6834058715685316
538,13,1.5464341223426306,-0.8202596787643528
538,14,1.7089535946708128,-0.5406761034221701
538,15,1.5853117043339489,-0.5139512882211248
538,16,1.786853415518122,-0.7699239559049287
538,17,1.6697021004432622,-0.750345663621807
538,18,1.5242109287748162,-0.7608499823835286
538,19,1.555897443666121,-0.6856313907426297
539,0,1.5645554534702868,-0.7164974382808404
539,1,1.569419893951316,-0.9880094777086617
539,2,1.794563551829652,-0.6733105599012817
539,3,1.7254172774853385,-0.6650063701737283
539,4,1.6915053274673486,-0.8270031955355894
539,5,1.5435533794144114,-0.4757274745820926
539,6,1.7256673827330198,-0.8860861346556335
539,7,1.5622980029018663,-0.9099817490821763
539,8,1.8207955814949761,-0.6598335280390394
539,9,1.5679936699290862,-0.8598838942362591
539,10,1.6969352369993798,-0.5693837208786613
539,11,1.757925570098351,-0.7606407306504291
539,12,1.7083459345913878,-0.6849943376683036
539,13,1.5493472563174842,-0.8217030834153767
539,14,1.7117307720160408,-0.5424070339186784
539,15,1.5882156833047911,-0.5156961691519709
539,16,1.7895371031176301,-0.7714268126967619
539,17,1.6725031755388544,-0.7518597486656686
539,18,1.5242109287748162,-0.7608499823835286
539,19,1.5588121496486251,-0.6872100190962557
540,0,1.567462342739442,-0.7180396962697836
540,1,1.5722977189606853,-0.9892842486986276
540,2,1.7972457562999253,-0.6749139972941739
540,3,1.7281681567887859,-0.6666137642877492
540,4,1.6942767325018226,-0.8284453767237981
540,5,1.5465000263702369,-0.47751051573255987
540,6,1.7283966917720197,-0.8874783050890737
540,7,1.565192384558838,-0.9113274411742902
540,8,1.8234492293504427,-0.6614584811206857
540,9,1.5679936699290862,-0.8598838942362591
540,10,1.6997189472283865,-0.5710899643033481
540,11,1.7606344378064165,-0.7621582856843658
540,12,1.7111116382885385,-0.6865812209823933
540,13,1.5522574871788597,-0.8231450496267227
540,14,1.7145051821186512,-0.5441362396767049
540,15,1.5911167688748886,-0.5174393115579051
540,16,1.7922181171637162,-0.7729281723069116
540,17,1.6753014599732863,-0.7533723252536048
540,18,1.5272597366256628,-0.7621156307488332
540,19,1.5617239509283303,-0.6887870742393333
541,0,1.5703663356268165,-0.7195804175755142
541,1,1.5751726763250602,-0.990557749426977
541,2,1.7999252883787722,-0.6765158371159676
541,3,1.730916295141812,-0.6682195568093017
541,4,1.6970453762127777,-0.8298861209770284
541,5,1.5494437371049965,-0.4792917801506715
541,6,1.731123280929997,-0.8888690881611385
541,7,1.5680838826037373,-0.9126717925814418
541,8,1.8261002327734124,-0.6630818148922467
541,9,1.5679936699290862,-0.8598838942362591
541,10,1.702499883292744,-0.5727945073354646
541,11,1.7633406061967642,-0.76367432851334
541,12,1.7138745861920321,-0.6881665230992723
541,13,1.5551648178399013,-0.8245855788418005
541,14,1.7172768277558312,-0.5458637224271863
541,15,1.5940149639482308,-0.5191807171838145
541,16,1.7948964603400779,-0.77442803623824
541,17,1.6780969565476431,-0.7548833948997061
541,18,1.5302943914257636,-0.7634065472097449
541,19,1.5646328504199525,-0.6903625577504963
542,0,1.5732674350393094,-0.7211196037402957
542,1,1.5780447689222756,-0.9918299811684853
542,2,1.8026021507484067,-0.6781160809701062
542,3,1.733661695295306,-0.6698237493457855
542,4,1.699811261371629,-0.8313254297374666
542,5,1.5523845145653477,-0.48107126961947483
542,6,1.73384715293627,-0.8902584852640032
542,7,1.5709724999309567,-0.9140148046493282
542,8,1.828748594417542,-0.6647035309786811
542,9,1.5679936699290862,-0.8598838942362591
542,10,1.705278047976172,-0.5744973516812597
542,11,1.7660440779782716,-0.7651888606549123
542,12,1.7166347810675824,-0.6897502456058296
542,13,1.5580692512108498,-0.826024672502581
542,14,1.720045711702001,-0.5475894838993345
542,15,1.596910271425914,-0.5209203877728479
542,16,1.7975721353277394,-0.7759264059921124
542,17,1.6808896680602199,-0.7563929591165549
542,18,1.533315302704511,-0.7647211586964181
542,19,1.567538851035303,-0.6919364712068051
543,0,1.5761656438809246,-0.722657256304855
543,1,1.5809139996272992,-0.9931009451966577
543,2,1.805276346088371,-0.6797147304584353
543,3,1.736404359997416,-0.671426343502999
543,4,1.70257439074703,-0.8327633044458621
543,5,1.5553223616950114,-0.4828489859202406
543,6,1.7365683105174374,-0.8916464977884556
543,7,1.5738582394320046,-0.9153564787223057
543,8,1.831394316933844,-0.6663236310033283
543,9,1.5679936699290862,-0.8598838942362591
543,10,1.708053444059616,-0.5761984990452825
543,11,1.7687448558571164,-0.7667018836251307
543,12,1.7193922256781469,-0.6913323900873731
543,13,1.560970790199046,-0.8274623320495986
543,14,1.7228118367288159,-0.5493135258206384
543,15,1.5998026942061436,-0.5226583250664172
543,16,1.8002451448050538,-0.7774232830683984
543,17,1.6836795973065233,-0.7579010194152264
543,18,1.536322880695344,-0.7660579879982441
543,19,1.5704419556832914,-0.6935088161837488
544,0,1.5790609650527716,-0.7241933768083838
544,1,1.5837803713122336,-0.9943706427837306
544,2,1.8079478770755368,-0.6813117871812047
544,3,1.7391442919935522,-0.6730273408851406
544,4,1.7053347671048764,-0.8341997465415291
544,5,1.5582572814347757,-0.48462493083246466
544,6,1.7392867563973806,-0.8930331271238976
544,7,1.5767411039955093,-0.9166968161433915
544,8,1.8340374029706896,-0.6679421165879099
544,9,1.5679936699290862,-0.8598838942362591
544,10,1.7108260743212502,-0.5778979511303831
544,11,1.7687448558571164,-0.7667018836251307
544,12,1.7221469227839306,-0.6929129581276309
544,13,1.563869437708933,-0.8288985589219519
544,14,1.7255752056051699,-0.5510358499168658
544,15,1.6026922351842379,-0.5243945308041994
544,16,1.8029154914477064,-0.7789186689654735
544,17,1.6864667470792754,-0.7594075773052903
544,18,1.5393175337254408,-0.7674156477410524
544,19,1.5733421672699281,-0.6950795942552461
545,0,1.58195340145307,-0.7257279667885402
545,1,1.5866438868463197,-0.9956390752006723
545,2,1.8106167463841096,-0.6829072527370696
545,3,1.7418814940263891,-0.6746267430948102
545,4,1.7080923932083072,-0.8356347574623474
545,5,1.5611892767224982,-0.4863991061338695
545,6,1.7420024932972666,-0.8944183746583465
545,7,1.579621096507221,-0.9180358182542646
545,8,1.8366778551738105,-0.6695589893525318
545,9,1.5709911150666234,-0.8610388758184465
545,10,1.7135959415364805,-0.5795957096377148
545,11,1.7687448558571164,-0.7667018836251307
545,12,1.7248988751423877,-0.6944919513087531
545,13,1.56676519664206,-0.8303333545573053
545,14,1.728335821097198,-0.5527564579120647
545,15,1.60557889725263,-0.5261290067241381
545,16,1.805576616501303,-0.780424222189548
545,17,1.689251120168416,-0.7609126342948127
545,18,1.542299666041822,-0.7687928347337515
545,19,1.576239488698328,-0.6966488069936475
546,0,1.5848429559771513,-0.7272610277814504
546,1,1.5895045490959394,-0.9969062437171851
546,2,1.8132829566856303,-0.6845011287230928
546,3,1.744615968835869,-0.6762245517330109
546,4,1.710847271817709,-0.8370683386447644
546,5,1.5641183504931089,-0.4881715136004064
546,6,1.7447155239355507,-0.8958022417784366
546,7,1.582498219850015,-0.9193734863952675
546,8,1.8393156761863019,-0.671174250915685
546,9,1.573975290572557,-0.8622191385618666
546,10,1.7163630484779464,-0.5812917762667354
546,11,1.7687448558571164,-0.7667018836251307
546,12,1.7276480855082255,-0.6960693712113134
546,13,1.5696580698970843,-0.8317667203918907
546,14,1.7310936859682788,-0.5544753515285654
546,15,1.6084626833008715,-0.5278617545624454
546,16,1.8082350896079509,-0.7819282750529863
546,17,1.6920327193611049,-0.762416191890357
546,18,1.5452696760162377,-0.7701883246666753
546,19,1.5791339228687125,-0.6982164559697365
547,0,1.5877296315174625,-0.7287925613217099
547,1,1.5923623609246185,-0.9981721496017057
547,2,1.8159465106489778,-0.6860934167347454
547,3,1.7473477191592033,-0.6778207683991508
547,4,1.713599405690718,-0.8385004915237962
547,5,1.5670445056786135,-0.48994215500625693
547,6,1.7474258510279792,-0.8971847298694201
547,7,1.5853724769038948,-0.9207098219054072
547,8,1.841950868648625,-0.672787902894248
547,9,1.5769465418657436,-0.8634231585375336
547,10,1.7191273979155248,-0.5829861527152094
547,11,1.7687448558571164,-0.7667018836251307
547,12,1.730394556633406,-0.6976452194143108
547,13,1.5725480603697752,-0.8331986578605087
547,14,1.733848802979038,-0.5561925324869822
547,15,1.611343596215635,-0.5295927760536037
547,16,1.8108909134287845,-0.7834308290613469
547,17,1.694811547441726,-0.7639182515969859
547,18,1.548227954678229,-0.7716009671435395
547,19,1.582025472678413,-0.6997825427527312
548,0,1.5906134309635687,-0.7303225689423852
548,1,1.5952173251930293,-0.9994367941214074
548,2,1.8186074109403723,-0.6876841183659096
548,3,1.750076747730877,-0.6794153946910444
548,4,1.716348797582223,-0.8399312175330295
548,5,1.5699677452080962,-0.49171103212383493
548,6,1.7501334772875923,-0.898565840315169
548,7,1.5882438705459943,-0.9220448261223569
548,8,1.8445834351986103,-0.6743999469034879
548,9,1.5799052187951497,-0.8646495018535574
548,10,1.721888992616332,-0.5846788406792092
548,11,1.7687448558571164,-0.7667018836251307
548,12,1.7331382912671498,-0.6992194974951708
548,13,1.5754351709530159,-0.8346291683965301
548,14,1.7366011748873504,-0.5579080025062148
548,15,1.6142216388807173,-0.531322072930367
548,16,1.813544090622286,-0.7849318857186875
548,17,1.6975876071918887,-0.7654188149182626
548,18,1.5511748845319488,-0.7730296810288808
548,19,1.584914141021874,-0.7013470689102861
549,0,1.5934943572021558,-0.7318510521750156
549,1,1.5980694447589938,-1.0007001785422005
549,2,1.8212656602233774,-0.6892732352088791
549,3,1.7528030572826503,-0.681008432204914
549,4,1.7190954502443676,-0.8413605181046221
549,5,1.5728880720077227,-0.4934781467237881
549,6,1.7528384054247264,-0.8999455744981761
549,7,1.5882438705459943,-0.9220448261223569
549,8,1.8472133784714595,-0.6760103845570626
549,9,1.582851672932388,-0.865896819204735
549,10,1.7246478353447274,-0.586369841853117
549,11,1.7687448558571164,-0.7667018836251307
549,12,1.7358792921559378,-0.7007922070297473
549,13,1.5783194045368067,-0.8360582534318974
549,14,1.739350804448343,-0.5596217633034504
549,15,1.617096814177042,-0.5330496469237633
549,16,1.816194623844288,-0.7864314465275676
549,17,1.7003609013904317,-0.7669178833562524
549,18,1.5541108386177998,-0.7744734500930801
549,19,1.587799930790655,-0.7029100360084933
550,0,1.596372413117034,-0.7333780125496141
550,1,1.6009187224774868,-1.001962304128734
550,2,1.8239212611589035,-0.6908607688543614
550,3,1.7555266505435618,-0.6825998825353919
550,4,1.721839366426554,-0.8427883946693054
550,5,1.5758054890007431,-0.4952435005749999
550,6,1.755540638147017,-0.9013239337995569
550,7,1.5882438705459943,-0.9220448261223569
550,8,1.8498407010997482,-0.6776192174670216
550,9,1.5857862552825088,-0.867163840738394
550,10,1.727403928862315,-0.5880591579296269
550,11,1.7687448558571164,-0.7667018836251307
550,12,1.7386175620435147,-0.7023633495923242
550,13,1.5812007640082686,-0.8374859143971262
550,14,1.7420976944143975,-0.5613338165941651
550,15,1.6199691249826624,-0.5347754997630959
550,16,1.8188425157479775,-0.7879295129890489
550,17,1.703131432813425,-0.7684154584115245
550,18,1.5570361797847785,-0.7759313189374872
550,19,1.5906828448734345,-0.7044714456118846
551,0,1.59924760158914,-0.7349034515946696
551,1,1.6037651612006378,-1.003223172144397
551,2,1.8265742164052097,-0.6924467208914793
551,3,1.7582475302399312,-0.6841897472755214
551,4,1.7245805488754453,-0.8442148486563853
551,5,1.5787199991074945,-0.4970070954445912
551,6,1.7582401781594024,-0.9027009195990502
551,7,1.5882438705459943,-0.9220448261223569
551,8,1.8524654057134289,-0.6792264472438082
551,9,1.5887093143602367,-0.8684493712233698
551,10,1.7301572759279473,-0.5897467905997458
551,11,1.7687448558571164,-0.7667018836251307
551,12,1.7413531036708911,-0.7039329267556166
551,13,1.5840792522516451,-0.8389121527213063
551,14,1.7448418475351535,-0.5630441640921262
551,15,1.6228385741727642,-0.5364996331759451
551,16,1.8214877689838964,-0.7894260866026974
551,17,1.703131432813425,-0.7684154584115245
551,18,1.5599512601436778,-0.7774023891827179
551,19,1.5935628861560123,-0.7060312992834322
552,0,1.6021199254965401,-0.7364273708371483
552,1,1.6066087637777349,-1.0044827838513193
552,2,1.8292245286179067,-0.6940310929077723
552,3,1.7609656990953615,-0.6857780280167586
552,4,1.7273190003349674,-0.8456398814937436
552,5,1.5816316052454045,-0.4987689330979223
552,6,1.7609370281641241,-0.9040765332750201
552,7,1.5882438705459943,-0.9220448261223569
552,8,1.8550874949398337,-0.6808320754962611
552,9,1.591621194585024,-0.8697522855083205
552,10,1.7329078792977273,-0.5914327415527957
552,11,1.7687448558571164,-0.7667018836251307
552,12,1.744085919776347,-0.7055009400907729
552,13,1.5869548721483058,-0.8403369698321038
552,14,1.747583266557511,-0.564752807509393
552,15,1.625705164619669,-0.5382220488881702
552,16,1.824130386199946,-0.7909211688665848
552,17,1.703131432813425,-0.7684154584115245
552,18,1.5628564206750435,-0.7788858159038495
552,19,1.5964400575213127,-0.7075895985845515
553,0,1.6049893877144337,-0.7379497718024945
553,1,1.609449533055227,-1.0057411405103738
553,2,1.8318722004499597,-0.6956138864891984
553,3,1.7636811598307425,-0.687364726348974
553,4,1.730054723546313,-0.8470634946078395
553,5,1.5845403103289937,-0.5005290152985944
553,6,1.763631190860732,-0.9054507762044575
553,7,1.5882438705459943,-0.9220448261223569
553,8,1.8577069714036765,-0.6824361038316157
553,9,1.5945222349537886,-0.8710715242552309
553,10,1.7356557417250116,-0.5931170124764151
553,11,1.7687448558571164,-0.7667018836251307
553,12,1.746816013095434,-0.7070673911673759
553,13,1.5898276265767488,-0.8417603671557621
553,14,1.7503219542256332,-0.5664597485563194
553,15,1.6285688991928364,-0.5399427486239109
553,16,1.8267703700413889,-0.7924147612772899
553,17,1.703131432813425,-0.7684154584115245
553,18,1.5657586863572417,-0.7803677644634262
553,19,1.599314361849387,-0.7091463450751014
554,0,1.6078559911151549,-0.7394706560146334
554,1,1.6122874718767268,-1.0069982433811766
554,2,1.8345172345516907,-0.6971951032201356
554,3,1.766393915164253,-0.6889498438604544
554,4,1.732787721247944,-0.8484856894237112
554,5,1.5874461172698786,-0.5022873438084514
554,6,1.7663226689460856,-0.9068236497629807
554,7,1.5882438705459943,-0.9220448261223569
554,8,1.8603238377270557,-0.6840385338555058
554,9,1.597412767955076,-0.872406089933878
554,10,1.7384008659604133,-0.5947996050565609
554,11,1.7715494014082493,-0.7680052924348475
554,12,1.7495433863609782,-0.7086322815534447
554,13,1.5926975184126044,-0.8431823461171032
554,14,1.753057913280949,-0.568164988941555
554,15,1.6314297807588678,-0.5416617341055894
554,16,1.8294077231508512,-0.7939068653299002
554,17,1.703131432813425,-0.7684154584115245
554,18,1.568658060095443,-0.7818482363448795
554,19,1.6021858020174167,-0.7107015403133868
555,0,1.6107197385681769,-0.7409900249959712
555,1,1.615122583083014,-1.008254093722089
555,2,1.8371596335707814,-0.6987747446833832
555,3,1.7691039678113638,-0.6905333821379039
555,4,1.7355179961755933,-0.849906467364977
555,5,1.590349028976775,-0.5040439203875821
555,6,1.7690114651143567,-0.9081951553248375
555,7,1.5882438705459943,-0.9220448261223569
555,8,1.862938096529457,-0.6856393671719657
555,9,1.600293118692723,-0.8737550430631439
555,10,1.7411432547518044,-0.5964805209775099
555,11,1.7743405460849175,-0.7693300514794948
555,12,1.7522680423030828,-0.7101956128154362
555,13,1.595564550528637,-0.8446029081395294
555,14,1.755791146462156,-0.5698685303720471
555,15,1.6342878121815085,-0.5433790070539118
555,16,1.8320424481683262,-0.7953974825180132
555,17,1.703131432813425,-0.7684154584115245
555,18,1.5715545447919235,-0.7833272330301636
555,19,1.6050543808997162,-0.7122551858561597
556,0,1.6135806329401134,-0.7425078802673981
556,1,1.6179548695120378,-1.0095086927902182
556,2,1.839799400152276,-0.7003528124601639
556,3,1.7718113204848402,-0.6921153427664459
556,4,1.7382455510622692,-0.8513258298538371
556,5,1.5932490483555002,-0.5057987467943211
556,6,1.7716975820570333,-0.9095652942629064
556,7,1.5882438705459943,-0.9220448261223569
556,8,1.8655497504277563,-0.687238605383431
556,9,1.6031636041909225,-0.8751174986853368
556,10,1.7438829108443188,-0.5981597619218606
556,11,1.7771186782064454,-0.770674891853083
556,12,1.7549899836491312,-0.7117573865182464
556,13,1.5984287257947487,-0.8460220546450249
556,14,1.7585216565052237,-0.5715703745530423
556,15,1.6371429963216506,-0.5450945691878701
556,16,1.8346745477311759,-0.7968866143337383
556,17,1.703131432813425,-0.7684154584115245
556,18,1.574448143346067,-0.7848047559997555
556,19,1.6079201013677358,-0.7138072832586206
557,0,1.6164386770947226,-0.7440242233482885
557,1,1.6207843339989196,-1.0107620418414192
557,2,1.8424365369385833,-0.7019293081301252
557,3,1.774515975894745,-0.6936957273296245
557,4,1.7409703886382566,-0.8527437783110747
557,5,1.5961461783089765,-0.5075518247852515
557,6,1.774381022462921,-0.9109340679486979
557,7,1.5882438705459943,-0.9220448261223569
557,8,1.8681588020362214,-0.6888362500907406
557,9,1.6060245328559917,-0.8764926230600658
557,10,1.746619836980355,-0.5998373295705348
557,11,1.7798841834534558,-0.7720386180358587
557,12,1.7577092131237892,-0.7133176042252123
557,13,1.6012900470779816,-0.8474397870541565
557,14,1.7612494461433952,-0.5732705231880884
557,15,1.6399953360373363,-0.5468084222247437
557,16,1.8373040244741348,-0.7983742622676979
557,17,1.703131432813425,-0.7684154584115245
557,18,1.5773388586543688,-0.7862808067326572
557,19,1.6107829662900643,-0.7153578340744208
558,0,1.6192938738929095,-0.7455390557565035
558,1,1.623610979375956,-1.0120141421302957
558,2,1.84507104656948,-0.7035042332713407
558,3,1.7772179367484409,-0.695274537409406
558,4,1.7436925116311206,-0.8541603141560578
558,5,1.5990404217372338,-0.509303156115206
558,6,1.7770617890181464,-0.9123014777523556
558,7,1.5882438705459943,-0.9220448261223569
558,8,1.8707652539665156,-0.6904323028931385
558,9,1.6088762040731421,-0.8778796305646801
558,10,1.7493540358995785,-0.6015132256027795
558,11,1.7826374431870669,-0.7734201034880572
558,12,1.7604257334490083,-0.7148762674981134
558,13,1.6041485172425212,-0.8488561067860758
558,14,1.7639745181071904,-0.5749689779790357
558,15,1.6428448341837603,-0.5485205678801011
558,16,1.8399308810293118,-0.799860427809029
558,17,1.703131432813425,-0.7684154584115245
558,18,1.5802266936104377,-0.7877553867063968
558,19,1.6136429785324327,-0.716906839855663
559,0,1.6221462261927289,-0.7470523790083916
559,1,1.6264348084726221,-1.0132649949102013
559,2,1.8477029316821125,-0.7050775894603121
559,3,1.7772179367484409,-0.695274537409406
559,4,1.7464119227657091,-0.8555754388067399
559,5,1.6019317815374128,-0.5110527425372692
559,6,1.7797398844061592,-0.9136675250426581
559,7,1.5912177091491504,-0.923123460984831
559,8,1.8733691088277,-0.6920267653882751
559,9,1.6117250338721436,-0.879265256048719
559,10,1.7520855103389255,-0.6031874516961682
559,11,1.7853788330508218,-0.7748182865053312
559,12,1.7631395473440281,-0.7164333778971732
559,13,1.607004139149699,-0.8502710152585203
559,14,1.7666968751244092,-0.5766657406260391
559,15,1.6456914936132732,-0.5502310078678018
559,16,1.8425551200261927,-0.8013451124453848
559,17,1.703131432813425,-0.7684154584115245
559,18,1.5831116511049992,-0.7892284973970304
559,19,1.6165001409577155,-0.7184543021529035
560,0,1.6249957368493881,-0.748564194618791
560,1,1.6292558241155732,-1.0145146014332407
560,2,1.8503321949110005,-0.7066493782719704
560,3,1.7772179367484409,-0.695274537409406
560,4,1.749128624764155,-0.8569891536796623
560,5,1.6048202606037671,-0.5128005858027785
560,6,1.7824153113077357,-0.9150322111870203
560,7,1.5941787728357886,-0.9242278023721056
560,8,1.8759703692262357,-0.693619639172209
560,9,1.6145710251046774,-0.8806495008991949
560,10,1.7548142630326042,-0.6048600095266028
560,11,1.788108721819399,-0.7762321663230873
560,12,1.765850657525379,-0.7179889369810607
560,13,1.6098569156579952,-0.8516845138878147
560,14,1.7694165199201335,-0.5783608128275599
560,15,1.6485353171753838,-0.5519397438999978
560,16,1.8451767440916433,-0.8028283176629359
560,17,1.703131432813425,-0.7684154584115245
560,18,1.5859937340258987,-0.7907001402791431
560,19,1.6193544564259357,-0.7200002225151537
561,0,1.6278424087152503,-0.7500745041010305
561,1,1.632074029128649,-1.0157629629502716
561,2,1.8529588388880391,-0.7082196012796778
561,3,1.7772179367484409,-0.695274537409406
561,4,1.7518426203458801,-0.8584014601899549
561,5,1.6077058618276674,-0.514546687661327
561,6,1.7850880724009808,-0.916395537551494
561,7,1.5971273656588767,-0.9253563306922874
561,8,1.8785690377659872,-0.6952109258394085
561,9,1.6174141806195836,-0.8820323665017383
561,10,1.757540296712099,-0.6065309007683154
561,11,1.7908274704623293,-0.7776607994569164
561,12,1.7685590667068847,-0.7195429463068921
561,13,1.612706849623042,-0.8530966040888727
561,14,1.7721334552167305,-0.5800541962803668
561,15,1.6513763077167622,-0.5536467776871357
561,16,1.847795755849912,-0.8043100449463725
561,17,1.7060032462200088,-0.7697005697886848
561,18,1.5888729452581039,-0.7921703168258512
561,19,1.6222059277942653,-0.7215446024898814
562,0,1.6306862446398367,-0.7515833089669315
562,1,1.6348894263328755,-1.0170100807109048
562,2,1.8555759778404435,-0.7097997258364418
562,3,1.7772179367484409,-0.695274537409406
562,4,1.7545539122275964,-0.859812359751338
562,5,1.6105885880976032,-0.5162910498607644
562,6,1.787758170361331,-0.9177575055007706
562,7,1.600063799060288,-0.9265076144973927
562,8,1.8811651170482238,-0.6968006269827529
562,9,1.6202545032628637,-0.883413854240599
562,10,1.7602636141061723,-0.6082001270938697
562,11,1.7935354313946612,-0.7791032962664276
562,12,1.7712647775996655,-0.7210954074302321
562,13,1.6155539438976259,-0.8545072872751978
562,14,1.774847683733855,-0.5817458926795385
562,15,1.654214468081243,-0.5553521109379579
562,16,1.850412157922632,-0.8057902957789048
562,17,1.7088614111452647,-0.7710083114841564
562,18,1.591749287683708,-0.7936390285088025
562,19,1.6250545579170304,-0.7230874436230124
563,0,1.63352724746983,-0.753090610726809
563,1,1.6377020185464677,-1.0182559559635065
563,2,1.8581905086831811,-0.7113782757201732
563,3,1.7772179367484409,-0.695274537409406
563,4,1.7572625031233098,-0.8612218537761233
563,5,1.6134684422991865,-0.5180336741471987
563,6,1.790425607861557,-0.9191181163981811
563,7,1.6029883889954097,-0.9276803052749723
563,8,1.8837586096716237,-0.6983887441935347
563,9,1.6230919958776833,-0.8847939654986476
563,10,1.7629842179408672,-0.609867690174163
563,11,1.7962329478898178,-0.7805588177300514
563,12,1.7739677929121407,-0.722646321905096
563,13,1.6183982013316913,-0.8559165648588852
563,14,1.7775592081884524,-0.5834359037184645
563,15,1.6570417058935085,-0.5570691461671115
563,16,1.8530259529288244,-0.8072690716422656
563,17,1.7117063200534488,-0.7723373235477117
563,18,1.5946227641819328,-0.795106276798179
563,19,1.6279003496457123,-0.7246287474589321
564,0,1.6363654200490765,-0.7545964108894738
564,1,1.6405118085848336,-1.019500589955199
564,2,1.8608024340334002,-0.712955252511002
564,3,1.7772179367484409,-0.695274537409406
564,4,1.7599683957443224,-0.8626299436752157
564,5,1.616345427315154,-0.5197745622649986
564,6,1.7930903875717663,-0.9204773716056984
564,7,1.6059014534797345,-0.9288731325294982
564,8,1.8863495182322756,-0.6999752790614607
564,9,1.6259266613043755,-0.8861727016573769
564,10,1.7657021109395112,-0.6115335916784275
564,11,1.7989203536328204,-0.7820265724187244
564,12,1.7766681153500312,-0.7241956912839507
564,13,1.6212396247723426,-0.8573244382506233
564,14,1.7802680312947614,-0.5851242310888478
564,15,1.6598661261345649,-0.5587844702317475
564,16,1.8556371434849006,-0.8087463740167107
564,17,1.7145383640431116,-0.7736863257562603
564,18,1.5974933776291311,-0.7965720631626978
564,19,1.6307433058289516,-0.7261685155404873
565,0,1.63920076521859,-0.7561007109622331
565,1,1.6433187992605756,-1.0207439839318622
565,2,1.8634117565056403,-0.7145306577874835
565,3,1.7772179367484409,-0.695274537409406
565,4,1.7626654314869814,-0.8640484081093989
565,5,1.6192195460253707,-0.521513715956795
565,6,1.795752512159406,-0.9218352724839384
565,7,1.608803310505658,-0.9300848991431411
565,8,1.8889378453236814,-0.7015602331746541
565,9,1.628758502380443,-0.8875500640969031
565,10,1.7684172958227176,-0.6131978332742322
565,11,1.8015979723946558,-0.7835058136567912
565,12,1.7793657476163627,-0.7257435171177163
565,13,1.6240782170638475,-0.8587309088596947
565,14,1.7829741557643166,-0.5868108764807055
565,15,1.6626877316316595,-0.5604980848489071
565,16,1.858245732204665,-0.8102222043810213
565,17,1.7173579308792037,-0.7750541127747146
565,18,1.6003611308987897,-0.7980363890696123
565,19,1.6335834293125497,-0.7277067494089874
566,0,1.6420332858165538,-0.7576035124508927
566,1,1.646122993383494,-1.0219861391381346
566,2,1.866018478711836,-0.7161044931265999
566,3,1.7772179367484409,-0.695274537409406
566,4,1.7653597795044838,-0.8654654589759073
566,5,1.622090801306832,-0.5232511369634822
566,6,1.795752512159406,-0.9218352724839384
566,7,1.611694276283626,-0.9313144770046171
566,8,1.891523593536759,-0.7031436081196553
566,9,1.6315875219405616,-0.8889260541959672
566,10,1.7711297753083892,-0.6148604166274846
566,11,1.8042661178108672,-0.7849958368589256
566,12,1.7820606924114675,-0.7272898009557682
566,13,1.6269139810476394,-0.8601359780939778
566,14,1.7856775843059514,-0.5884958415823714
566,15,1.665506525209222,-0.5622099917339201
566,16,1.8608517216993175,-0.8116965642125052
566,17,1.7201654033515446,-0.7764395496055531
566,18,1.6032260268615324,-0.7994992559847142
566,19,1.6364207229394736,-0.7292434506042058
567,0,1.6448629846783236,-0.7591048168597586
567,1,1.64892439376059,-1.023227056817415
567,2,1.8686226032613187,-0.7176767601037619
567,3,1.7772179367484409,-0.695274537409406
567,4,1.7680514424938747,-0.8668810976932103
567,5,1.6249591960336676,-0.5249868270242206
567,6,1.795752512159406,-0.9218352724839384
567,7,1.6145746637670384,-0.9325608028942004
567,8,1.894106765459845,-0.7047254054814241
567,9,1.6344137228165825,-0.8903006733319367
567,10,1.7738395521117205,-0.6165213434024324
567,11,1.8069316052078144,-0.7864843756927976
567,12,1.784752952432988,-0.7288345443459379
567,13,1.629746919562321,-0.8615396473599484
567,14,1.7883783196258,-0.5901791280804972
567,15,1.6683225096888679,-0.563920192600407
567,16,1.8634551145774558,-0.813169454986998
567,17,1.7229611579178943,-0.7778415673132737
567,18,1.6060880683851229,-0.8009606653723347
567,19,1.6392551895498566,-0.7307786206643822
568,0,1.6476829664024704,-0.7606175560657056
568,1,1.6517230031960681,-1.024466738211863
568,2,1.8712241327608197,-0.7192474602928104
568,3,1.7772179367484409,-0.695274537409406
568,4,1.7707404231495114,-0.8682953256783636
568,5,1.6278247330771431,-0.5267207878764374
568,6,1.795752512159406,-0.9218352724839384
568,7,1.6174447814250241,-0.9338228746126848
568,8,1.896687363678697,-0.7063056268433415
568,9,1.6372371078375356,-0.8916739228808069
568,10,1.776546628945201,-0.6181806152616648
568,11,1.809594437253653,-0.787971431648436
568,12,1.787442530375879,-0.730377748834515
568,13,1.6325770354436668,-0.8629419180626806
568,14,1.7910763644273016,-0.5918607376600544
568,15,1.6711356878894,-0.5656286891602806
568,16,1.866055913445079,-0.8146408781788647
568,17,1.7257455635947716,-0.7792591590097689
568,18,1.6089472583344675,-0.8024206186953461
568,19,1.6420868319810027,-0.732312261126223
569,0,1.6505001378253321,-0.7621287877253808
569,1,1.6545188244913391,-1.025705184562401
569,2,1.8738230698144724,-0.7208165952660177
569,3,1.7800192784081406,-0.696662418947367
569,4,1.7734267241630661,-0.8697081443470109
569,5,1.630687415305664,-0.5284530212558293
569,6,1.795752512159406,-0.9218352724839384
569,7,1.62030493223137,-0.9350997473419977
569,8,1.8992653907764963,-0.7078842737872105
569,9,1.6400576798296322,-0.8930458042172018
569,10,1.779251008518617,-0.6198382338661146
569,11,1.8122481175903824,-0.7894685845097131
569,12,1.7901294289324108,-0.7319194159662488
569,13,1.6354043315246254,-0.8643427916058489
569,14,1.7937717214112012,-0.5935406720043358
569,15,1.6739460626268126,-0.5673354831237477
569,16,1.8686541209055891,-0.8161108352610014
569,17,1.7285189810635118,-0.7806913760867076
569,18,1.6118035995716182,-0.8038791174151632
569,19,1.6449156530673887,-0.7338443735249041
570,0,1.6533145017669002,-0.7636385133515289
570,1,1.657311860445023,-1.026942397108715
570,2,1.8764194170238155,-0.7223841665940894
570,3,1.782806737372576,-0.6980711419979753
570,4,1.776110348223529,-0.8711195551133851
570,5,1.6335472455847782,-0.5301835288963634
570,6,1.795752512159406,-0.9218352724839384
570,7,1.6231554128416104,-0.9363905302252524
570,8,1.9018408493338506,-0.7094613478932582
570,9,1.6428754416162676,-0.894416318714376
570,10,1.7819526935390553,-0.6214942008750596
570,11,1.814899153393621,-0.7909642453785948
570,12,1.7928136507921715,-0.7334595472843496
570,13,1.6382288106353227,-0.8657422693917292
570,14,1.7964643932755542,-0.5952189327949572
570,15,1.6767536367142937,-0.5690405761993106
570,16,1.8712497395597947,-0.8175793277048365
570,17,1.7312817619629233,-0.7821373246812284
570,18,1.6146570949557755,-0.8053361629917444
570,19,1.6477416556406674,-0.7353749593940713
571,0,1.6561260610443558,-0.7651467344553864
571,1,1.6601021138529513,-1.028178377089256
571,2,1.8790131769877951,-0.7239501758461662
571,3,1.7855807398438228,-0.6994994456827677
571,4,1.7787912980172103,-0.8725295593903096
571,5,1.6364042267771781,-0.5319123125302798
571,6,1.795752512159406,-0.9218352724839384
571,7,1.6259965129335756,-0.9376943831542415
571,8,1.9044137419287965,-0.7110368507401373
571,9,1.6456903960180242,-0.8957854677442157
571,10,1.7846516867109052,-0.6231485179461245
571,11,1.8175475473170581,-0.7924584157522389
571,12,1.7954951986420697,-0.7349981443304903
571,13,1.6410504756030653,-0.8671403528212
571,14,1.7991543827157275,-0.5968955217118594
571,15,1.6795584129622276,-0.5707439700937692
571,16,1.8738427720059123,-0.8190463569803327
571,17,1.7340342483433275,-0.7835961623615921
571,18,1.617507747343291,-0.806791756883594
571,19,1.6505648425296702,-0.7369040202658427
572,0,1.6589348184720722,-0.7666534525466843
572,1,1.6628895875081704,-1.029413125741241
572,2,1.8816043523027675,-0.7255146245898246
572,3,1.7883417067128504,-0.7009461431513776
572,4,1.7814695762277433,-0.8739381585892002
572,5,1.6392583617427052,-0.5336393738880925
572,6,1.795752512159406,-0.9218352724839384
572,7,1.6288285146896337,-0.9390105137526926
572,8,1.906984071136802,-0.7126107839049278
572,9,1.648502545852674,-0.8971532526772407
572,10,1.7873479907358616,-0.6248011867352822
572,11,1.8201933020117387,-0.7939510971263115
572,12,1.798167257855638,-0.7365470296386419
572,13,1.6438693292523425,-0.8685370432937441
572,14,1.8018340763442842,-0.5985825985479519
572,15,1.6823603941781982,-0.5724456665122225
572,16,1.87643322083957,-0.8205119245559874
572,17,1.7367767722598033,-0.7850670950198713
572,18,1.6203555595876706,-0.8082459005477627
572,19,1.6533852165604097,-0.7384315576708096
573,0,1.6617407768616186,-0.7681586691336488
573,1,1.6656742842009444,-1.030646644300655
573,2,1.8841929455625015,-0.7270775143910796
573,3,1.7910900520492565,-0.702410117048526
573,4,1.784145185536087,-0.8753453541200661
573,5,1.6421096533383512,-0.5353647146985915
573,6,1.795752512159406,-0.9218352724839384
573,7,1.6316516924014468,-0.9403381745439909
573,8,1.9095518395307691,-0.7141831489631383
573,9,1.6513118939351819,-0.8985196748826048
573,10,1.7900416083129274,-0.6264522088968558
573,11,1.8228364201260658,-0.7954422909949881
573,12,1.8008366542110097,-0.738094371394945
573,13,1.6466853744048298,-0.8699323422074502
573,14,1.8045110994849023,-0.6002679941029105
573,15,1.6851595831669914,-0.5741456671580702
573,16,1.8790210886538097,-0.8219760318988353
573,17,1.739509655485142,-0.7865493739592542
573,18,1.623200534539577,-0.8096985954398499
573,19,1.6562027805560833,-0.7399575731380386
574,0,1.664543939021762,-0.7696623857230033
574,1,1.6684562067187572,-1.0318789340022507
574,2,1.8867789593581819,-0.7286388468143852
574,3,1.7938261818651842,-0.7038903152587278
574,4,1.7868181286205294,-0.8767511473915113
574,5,1.6449581044182617,-0.5370883366888447
574,6,1.795752512159406,-0.9218352724839384
574,7,1.634472057000274,-0.9416645124076545
574,8,1.9121170496810365,-0.7157539474887077
574,9,1.6541184430777076,-0.899884735728098
574,10,1.7927325421384162,-0.6281015860835202
574,11,1.8254769043058034,-0.7969319988509552
574,12,1.803503390380253,-0.7396401711482903
574,13,1.6494986138793908,-0.8713262509590138
574,14,1.8071854548172845,-0.6019517100638178
574,15,1.687955982730598,-0.5758439737330148
574,16,1.8816063780390895,-0.8234386804744492
574,17,1.7422332093253985,-0.7880422931640766
574,18,1.626042675046833,-0.8111498430140045
574,19,1.659017537337075,-0.7414820681950726
575,0,1.6673443077584706,-0.7711646038199694
575,1,1.671235357846316,-1.0331099960795518
575,2,1.8893623962784105,-0.7301986234226368
575,3,1.7965504931174983,-0.7053857469141133
575,4,1.7894884081566886,-0.8781555398107362
575,5,1.6478037178337392,-0.5388102415841995
575,6,1.795752512159406,-0.9218352724839384
575,7,1.637289611309303,-0.9429895286713488
575,8,1.914679704155382,-0.7173231810540069
575,9,1.65692219608961,-0.9012484365801477
575,10,1.7954207949059557,-0.6297493199463035
575,11,1.8281147571940788,-0.798420222185412
575,12,1.8061674690327736,-0.7411844304460247
575,13,1.6523090504920812,-0.872718770943739
575,14,1.809857145018463,-0.6036337481160751
575,15,1.690749595668217,-0.5775405879370625
575,16,1.8841890915832866,-0.8248998717469419
575,17,1.7449540489862054,-0.7895337245882773
575,18,1.628881983954424,-0.8125996447229268
575,19,1.6618294897209593,-0.7430050443679326
576,0,1.6701418858749162,-0.7726653249282691
576,1,1.674011740365554,-1.0343398317648524
576,2,1.8919432589092107,-0.7317568457771723
576,3,1.7992633729165683,-0.7068954786509128
576,4,1.7921560268175174,-0.8795585327835392
576,5,1.6506464964332455,-0.5405304311082844
576,6,1.795752512159406,-0.9218352724839384
576,7,1.6401043581489083,-0.9443132246614163
576,8,1.9172398055190254,-0.7188908512298403
576,9,1.6597231557774486,-0.9026107788038198
576,10,1.7981063693064896,-0.6313954121345888
576,11,1.830749981431385,-0.7999069624880712
576,12,1.8088288928353167,-0.7427271508339532
576,13,1.655116687056151,-0.8741099035555395
576,14,1.8125261727628026,-0.6053141099434041
576,15,1.6935404247762575,-0.5792355114685261
576,16,1.8867692318717,-0.8263596071789673
576,17,1.7476721771911259,-0.7910236697247807
576,18,1.631718464104501,-0.8140480020178698
576,19,1.6646386405225033,-0.7445265031811192
577,0,1.6729366761714772,-0.7741645505501256
577,1,1.6767853570556324,-1.0355684422892193
577,2,1.8945215498340282,-0.7333135154377738
577,3,1.801965197913784,-0.708418631100461
577,4,1.7948209872733047,-0.8809601277143175
577,5,1.6534864430624046,-0.5422489069830106
577,6,1.798474320175198,-0.923061965339535
577,7,1.6429163003366547,-0.9456356017028782
577,8,1.9197973563346307,-0.7204569595854473
577,9,1.6625213249449866,-0.90397176376282
577,10,1.8007892680282802,-0.6330398642961163
577,11,1.8333825796555843,-0.8013922212471616
577,12,1.8114876644519702,-0.7442683338563407
577,13,1.6579215263820466,-0.8754996501869406
577,14,1.8151925407220024,-0.6069927972278487
577,15,1.696328472848342,-0.5809287460240257
577,16,1.8893468014870525,-0.8278178882317219
577,17,1.7503875966610087,-0.7925121300650231
577,18,1.6345521183363834,-0.8154949163486404
577,19,1.6674449925536698,-0.7460464461576144
578,0,1.6757286814457415,-0.7756622821862651
578,1,1.6795562106929445,-1.0367958288824928
578,2,1.897097271633735,-0.7348686339626691
578,3,1.8046563338432866,-0.7099543756009843
578,4,1.7974832921916784,-0.8823603260060691
578,5,1.656315387247772,-0.5439791060925803
578,6,1.8011853746900546,-0.9243051625283376
578,7,1.6457254406872988,-0.9469566611194351
578,8,1.9223523591623084,-0.7220215076885038
578,9,1.6653167063931942,-0.9053313928194957
578,10,1.803469493756912,-0.634682678076984
578,11,1.83601255450191,-0.8028759999494285
578,12,1.8141437865441672,-0.7458079810559128
578,13,1.6607235712774153,-0.87688801222908
578,14,1.8178562515650996,-0.6086698116497765
578,15,1.6991137426753098,-0.5826202932984905
578,16,1.8919218030094938,-0.8292747163649464
578,17,1.7531003101139917,-0.7939991070989549
578,18,1.637382949486562,-0.8169403891636013
578,19,1.6702485486236198,-0.7475648748188825
579,0,1.678517904492509,-0.7771585213359187
579,1,1.6823189645743735,-1.03803397657857
579,2,1.8996704268866311,-0.7364222029085336
579,3,1.8073371351963665,-0.711501931116936
579,4,1.8001429442376082,-0.8837591290603937
579,5,1.659141512147711,-0.5457075809103936
579,6,1.8038859779273815,-0.925563915794294
579,7,1.6485317820127927,-0.9482764042334688
579,8,1.9249048165596192,-0.7235844971051241
579,9,1.6681093029202507,-0.9066896673348369
579,10,1.8061470491752936,-0.6363238551216501
579,11,1.8386399086029694,-0.8043583000801359
579,12,1.8167972617706885,-0.7473460939738579
579,13,1.6635228245471068,-0.8782749910717094
579,14,1.820517307958471,-0.6103451548878807
579,15,1.7018962370452184,-0.5843101549851613
579,16,1.8944942390166029,-0.8307300930369275
579,17,1.7558103202655035,-0.7954846023150417
579,18,1.6402109603887012,-0.8183844219096724
579,19,1.6730493115387157,-0.7490817906848719
580,0,1.6813043481037946,-0.778653269496823
580,1,1.6850789652459373,-1.0392708904041694
580,2,1.9022410181684473,-0.737974223830491
580,3,1.810007945009607,-0.7130605613531871
580,4,1.8027999460734088,-0.8851565382774946
580,5,1.6619648205911757,-0.5474343331666557
580,6,1.8065764276171803,-0.9268373291217027
580,7,1.651335327122287,-0.9495948323660435
580,8,1.9274547310815753,-0.7251459293998619
580,9,1.6708991173215484,-0.9080465886684778
580,10,1.8088219369636604,-0.6379633970729345
580,11,1.8412646445887468,-0.8058391231230677
580,12,1.8194480927876653,-0.7488826741498283
580,13,1.6663192889931762,-0.8796605881031959
580,14,1.8231757125658372,-0.6120188286191813
580,15,1.7046759587433475,-0.5859983327755911
580,16,1.8970641120833909,-0.8321840197044983
580,17,1.7585176298282672,-0.7969686172002655
580,18,1.643036153873643,-0.8198270160323317
580,19,1.675847284102524,-0.750597195274017
581,0,1.6840880150688313,-0.7801465281652226
581,1,1.6878362154703992,-1.040506571597443
581,2,1.904809048052348,-0.7395246982821161
581,3,1.8126690947501751,-0.714629572051965
581,4,1.8054543003587413,-0.8865525550561799
581,5,1.6647853154043,-0.5491593645898472
581,6,1.8092570161644421,-0.9281245557353921
581,7,1.6541360788221333,-0.9509119468369068
581,8,1.9300021052806438,-0.7267058061357127
581,9,1.673686152389694,-0.9094021581786979
581,10,1.8114941597995777,-0.6396013055720202
581,11,1.8438867650866055,-0.8073184705605292
581,12,1.8220962822485822,-0.7504177231219425
581,13,1.6691129674148872,-0.8810448047105237
581,14,1.8258314680482635,-0.6136908345190276
581,15,1.7074529105522012,-0.5876848283596476
581,16,1.8996314247823032,-0.8336364978230411
581,17,1.761222241512302,-0.7984511532401266
581,18,1.6458585327694089,-0.8212681729756173
581,19,1.678642469115818,-0.7521110901032394
582,0,1.6868689081740726,-0.7816382988358708
582,1,1.6905907180077693,-1.041741021395309
582,2,1.907374519108934,-0.7410736278154351
582,3,1.815327592750002,-0.7161970192875787
582,4,1.8081060097506172,-0.8879471807938637
582,5,1.6676029994104025,-0.5508826769067261
582,6,1.811928029968594,-0.9294247952751957
582,7,1.6569340399158865,-0.9522277489644919
582,8,1.9325469417067487,-0.7282641288741145
582,9,1.6764704109145123,-0.9107563772224235
582,10,1.8141637203579435,-0.6412375822584554
582,11,1.8465062727212906,-0.8087963438733486
582,12,1.8247418328042795,-0.751951242426786
582,13,1.6719038626087148,-0.8824276422792948
582,14,1.8284845770641638,-0.6153611742610989
582,15,1.710227095251511,-0.5893696434255146
582,16,1.9021961796832223,-0.8350875288464877
582,17,1.763924158024927,-0.7999322119186453
582,18,1.6486780999012027,-0.8227078941821289
582,19,1.6814348693765804,-0.7536234766879492
583,0,1.6896470302031952,-0.7831285830020315
583,1,1.6933424756153075,-1.0429742410334528
583,2,1.9099374339062438,-0.7426210139809281
583,3,1.817983441670247,-0.7177629046290446
583,4,1.8107550769034,-0.8893404168865677
583,5,1.6704178754299874,-0.55260427184233
583,6,1.8145897488749412,-0.9307372911355886
583,7,1.6597292132043084,-0.9535422400659179
583,8,1.9350892429072737,-0.72982089917495
583,9,1.679251895683049,-0.9121092471552295
583,10,1.8168306213109902,-0.6428722287701546
583,11,1.8491231701149318,-0.8102727445408787
583,12,1.8273847471029556,-0.7534832335994132
583,13,1.6746919773683477,-0.8838091021937311
583,14,1.831135042269303,-0.6170298495174071
583,15,1.7129985156182386,-0.5910527796596935
583,16,1.9047583793534704,-0.8365371142273218
583,17,1.7666233820707633,-0.8014117947183625
583,18,1.6514948580914142,-0.8241461810930286
583,19,1.6842244876800068,-0.7551343565420467
584,0,1.6924223839371018,-0.7846173821554805
584,1,1.6960914910475258,-1.0442062317463285
584,2,1.912497795009758,-0.74416685832753
584,3,1.8206366441694168,-0.7193272296438153
584,4,1.8134015044688088,-0.8907322647289228
584,5,1.6732299462807485,-0.5543241511199769
584,6,1.817242445741218,-0.9320613279615652
584,7,1.6597292132043084,-0.9535422400659179
584,8,1.9376290114270647,-0.7313761185965477
584,9,1.6820306094795727,-0.9134607693313397
584,10,1.8194948653282883,-0.6445052467434005
584,11,1.8517374598870457,-0.8117476740409979
584,12,1.8300250277901706,-0.7550136981733485
584,13,1.6774773144846915,-0.8851891858366752
584,14,1.833782866316799,-0.6186968619582978
584,15,1.7157671744265783,-0.5927342387470054
584,16,1.9073180263578118,-0.8379852554165796
584,17,1.7693199163517368,-0.8028899031203423
584,18,1.6543088101596206,-0.8255830351480432
584,19,1.6870113268185079,-0.7566437311779244
585,0,1.6951949721539241,-0.7861046977865074
585,1,1.6988377670561914,-1.04543699476716
585,2,1.9150556049824004,-0.7457111624026328
585,3,1.8232872029033702,-0.7208899958977819
585,4,1.8160452950959198,-0.8921227257141697
585,5,1.6760392147775713,-0.5560423164612678
585,6,1.8198863861042869,-0.9333962292921112
585,7,1.6597292132043084,-0.9535422400659179
585,8,1.9401662498084327,-0.7329297886956838
585,9,1.684806555085579,-0.9148109451036293
585,10,1.8221564550767488,-0.6461366378128457
585,11,1.8543491446545395,-0.8132211338501121
585,12,1.832662677508848,-0.7565426376805887
585,13,1.6802598767458714,-0.8865678945895922
585,14,1.8364280518571265,-0.6203622132524519
585,15,1.7185330744479606,-0.5944140223705924
585,16,1.9098751232584559,-0.8394319538638519
585,17,1.772013763567081,-0.8043665386041724
585,18,1.6543088101596206,-0.8255830351480432
585,19,1.6897953895817122,-0.7581516021064676
586,0,1.697964797629026,-0.7875905313839165
586,1,1.7015813063903293,-1.0466665313279422
586,2,1.9176108663845413,-0.7472539277520862
586,3,1.825935120525319,-0.7224512049552748
586,4,1.8186864514311702,-0.8935118012341615
586,5,1.6788456837325365,-0.5577587695860878
586,6,1.8225218279337465,-0.9347413553429312
586,7,1.6597292132043084,-0.9535422400659179
586,8,1.9427009605911556,-0.7344819110275836
586,9,1.6875797352797923,-0.9161597758236254
586,10,1.8248153932206257,-0.6477664036115143
586,11,1.8569582270317118,-0.8146931254431559
586,12,1.8352976988992775,-0.7580700536516036
586,13,1.683039666937235,-0.887945229832571
586,14,1.8390706015381189,-0.6220259050668878
586,15,1.7212962184510538,-0.5960921322119197
586,16,1.912429672615059,-0.8408772110172854
586,17,1.7747049264133394,-0.8058417026479665
586,18,1.6543088101596206,-0.8255830351480432
586,19,1.6925766787564693,-0.7596579708370567
587,0,1.7007318631350052,-0.7890748844350288
587,1,1.704322111796225,-1.0478948426594425
587,2,1.920163581774,-0.7487951559202
587,3,1.8285803996858312,-0.7240108583790658
587,4,1.8213249761183603,-0.894899492679364
587,5,1.6816493559549222,-0.5594735122126083
587,6,1.8251546440782092,-0.9360851412475749
587,7,1.6597292132043084,-0.9535422400659179
587,8,1.9452331463124815,-0.7360324871459231
587,9,1.6903501528381684,-0.9175072628415091
587,10,1.8274716824215185,-0.6493945457708034
587,11,1.8595647096302566,-0.8161636502935944
587,12,1.8379300945991184,-0.7595959476153382
587,13,1.6858166878413547,-0.8893211929443254
587,14,1.8417105180049709,-0.6236879390669627
587,15,1.7240566092017682,-0.5977685699507769
587,16,1.9149816769847274,-0.8423210283235838
587,17,1.777393407584369,-0.8073153967283653
587,18,1.6543088101596206,-0.8255830351480432
587,19,1.6953551971268526,-0.7611628388775681
588,0,1.7034961714416972,-0.7905577584256831
588,1,1.7070601860174275,-1.0491219299912018
588,2,1.922713753706047,-0.7503348484497449
588,3,1.831223043032834,-0.7255689577303694
588,4,1.8239608717986555,-0.8962858014388577
588,5,1.684450234251207,-0.5611865460572882
588,6,1.8277848371731262,-0.9374275883511732
588,7,1.6597292132043084,-0.9535422400659179
588,8,1.9477562114872988,-0.7375922424012358
588,9,1.693111858701018,-0.918865576246391
588,10,1.8301253253383754,-0.6510210659204849
588,11,1.8621685950592657,-0.8176327098734245
588,12,1.8405598672434014,-0.7611203210992138
588,13,1.6885909422380314,-0.8906957853021961
588,14,1.8443478039002414,-0.6253483169163743
588,15,1.7268142494632572,-0.5994433372652797
588,16,1.9175311389220202,-0.8437634072280096
588,17,1.7800792097713418,-0.8087876223205379
588,18,1.6543088101596206,-0.8255830351480432
588,19,1.6981309474741615,-0.7626662077343763
589,0,1.706257725316177,-0.7920391548402377
589,1,1.7097955317947517,-1.0503477945515356
589,2,1.925261384733407,-0.7518730068819547
589,3,1.833863053211616,-0.7271255045688448
589,4,1.8265941411105904,-0.8976707289003392
589,5,1.687248321425073,-0.5628978728348761
589,6,1.8304124098513237,-0.938768697997517
589,7,1.6597292132043084,-0.9535422400659179
589,8,1.9502767623271613,-0.7391504432983026
589,9,1.6958708123657886,-0.9202225360141625
589,10,1.8327763246274955,-0.6526459656887071
589,11,1.864769885925231,-0.8191003056531763
589,12,1.8431870194645312,-0.7626431756291298
589,13,1.6913624329042964,-0.8920690082821511
589,14,1.8469824618638564,-0.6270070402771623
589,15,1.7295691419959216,-0.6011164358318718
589,16,1.9200780609789514,-0.8452043491743856
589,17,1.7827623356627487,-0.8102583808981837
589,18,1.6543088101596206,-0.8255830351480432
589,19,1.7009039325769248,-0.764168078912355
590,0,1.7090165275227631,-0.7935190751615718
590,1,1.7125281518662814,-1.0515724375675355
590,2,1.927806477406261,-0.7534096327565275
590,3,1.8365004328648298,-0.7286805004525969
590,4,1.8292247866900697,-0.899054276450122
590,5,1.690043620277408,-0.564607494258412
590,6,1.8330373647430045,-0.9401084715290585
590,7,1.6597292132043084,-0.9535422400659179
590,8,1.952794801355143,-0.7407070913968843
590,9,1.6986270165941955,-0.9215781435031417
590,10,1.8354246829425318,-0.6542692467019964
590,11,1.8673685848320472,-0.8205664391019144
590,12,1.8458115538922901,-0.764164512729465
590,13,1.6941311626144149,-0.893440863258788
590,14,1.849614494533111,-0.6286641108097104
590,15,1.7323212895574116,-0.6027878673253266
590,16,1.9226224457049923,-0.846643855605096
590,17,1.785442787944401,-0.8117276739335334
590,18,1.6543088101596206,-0.8255830351480432
590,19,1.7009039325769248,-0.764168078912355
591,0,1.711772580823019,-0.7949975208710872
591,1,1.7152580489673719,-1.0527958602650704
591,2,1.9303490342722496,-0.7549447276116273
591,3,1.8391351846324953,-0.730233946938178
591,4,1.8318528111703725,-0.9004364454731388
591,5,1.6928361336063091,-0.5663154120392282
591,6,1.8356597044757508,-0.9414469102869122
591,7,1.6597292132043084,-0.9535422400659179
591,8,1.9553103310918034,-0.742262188255187
591,9,1.7013804741452014,-0.9229324000702931
591,10,1.8380704029344934,-0.6558909105852584
591,11,1.8699646943810142,-0.8220311116872401
591,12,1.8484334731538394,-0.7656843339230793
591,13,1.6968971341398875,-0.8948113516053351
591,14,1.8522439045426726,-0.6303195301727479
591,15,1.7350706949026296,-0.6044576334187488
591,16,1.9251642956470745,-0.8480819279610883
591,17,1.7881205692994344,-0.8131955028973509
591,18,1.6543088101596206,-0.8255830351480432
591,19,1.7009039325769248,-0.764168078912355
592,0,1.714525887975757,-0.7964744934487095
592,1,1.7179852258306532,-1.0540180638687877
592,2,1.9328890578764744,-0.7564782929838857
592,3,1.8417673111520012,-0.7317858455805896
592,4,1.8344782171821539,-0.9018172373529421
592,5,1.6956258642070847,-0.5680216278869524
592,6,1.8382794316745275,-0.9427840156108566
592,7,1.6597292132043084,-0.9535422400659179
592,8,1.9578233540551901,-0.7438157354298642
592,9,1.7041311877750205,-0.9242853070712288
592,10,1.8407134872517488,-0.6575109589617804
592,11,1.8725582171708406,-0.8234943248752918
592,12,1.851052779873723,-0.7672026407313154
592,13,1.6996542800911552,-0.8961926580530666
592,14,1.854870694524583,-0.6319733000233512
592,15,1.7378173607837328,-0.6061257357835756
592,16,1.9277036133495922,-0.8495185676818741
592,17,1.7907956824083107,-0.8146618692589342
592,18,1.6543088101596206,-0.8255830351480432
592,19,1.7009039325769248,-0.764168078912355
593,0,1.71727645173704,-0.7979499943728896
593,1,1.7207096851860317,-1.0552390496021145
593,2,1.9354265507615014,-0.7580103304084029
593,3,1.8443968150581092,-0.7333361979332838
593,4,1.8371010073534477,-0.9031966534717057
593,5,1.6984128148722581,-0.5697261435095083
593,6,1.8408965489616838,-0.9441197888393353
593,7,1.6597292132043084,-0.9535422400659179
593,8,1.9603338727608417,-0.7453677344760183
593,9,1.7068791602371196,-0.92563686586021
593,10,1.843353938540028,-0.6591293934532324
593,11,1.875149155797645,-0.8249560801307476
593,12,1.8536694766738695,-0.7687194346739997
593,13,1.7024086784024417,-0.8975725879567599
593,14,1.8574948671082616,-0.6336254220169455
593,15,1.7405612899501366,-0.6077921760895794
593,16,1.930240401354405,-0.8509537762055313
593,17,1.7934681299488204,-0.8161267744861177
593,18,1.6543088101596206,-0.8255830351480432
593,19,1.7009039325769248,-0.764168078912355
594,0,1.7200242748601853,-0.7994240251206055
594,1,1.723431429760694,-1.0564588186872583
594,2,1.9379615154673637,-0.7595408414187501
594,3,1.847023698982955,-0.7348850055481646
594,4,1.8397211843096697,-0.9045746952102267
594,5,1.7011969883915696,-0.5714289606131177
594,6,1.8435110589569568,-0.9454542313094589
594,7,1.6597292132043084,-0.9535422400659179
594,8,1.9628418897217899,-0.7469181869472018
594,9,1.709624394282222,-0.9269870777901484
594,10,1.8459845776590955,-0.6607578746629039
594,11,1.8777375128549596,-0.8264163789168258
594,12,1.8562835661735948,-0.7702347172694446
594,13,1.7051603318309028,-0.8989511426977261
594,14,1.8601164249205078,-0.6352758978073066
594,15,1.7433024851485168,-0.6094569560048684
594,16,1.9327746622008402,-0.852387554968705
594,17,1.7961379145960863,-0.8175902200452728
594,18,1.6543088101596206,-0.8255830351480432
594,19,1.7009039325769248,-0.764168078912355
595,0,1.7227693600957663,-0.8008965871673633
595,1,1.726150462279109,-1.0576773723452095
595,2,1.9404939545315636,-0.7610698275469702
595,3,1.8496479655560518,-0.7364322699755902
595,4,1.8423387506736193,-0.9059513639479262
595,5,1.7039783875519794,-0.573130080902302
595,6,1.8461229642774737,-0.9467873443570055
595,7,1.6625805991984126,-0.9547218483020289
595,8,1.965347407448562,-0.748467094395419
595,9,1.7123668926583095,-0.9283359442126075
595,10,1.848612595195619,-0.6623847329977836
595,11,1.8803232909337324,-0.827875222695287
595,12,1.8588950509896052,-0.7717484900344493
595,13,1.7079092431309462,-0.9003283236559
595,14,1.8627353705855034,-0.6369247290465625
595,15,1.7460409491228126,-0.6111200771958889
595,16,1.9353063984256953,-0.8538199054066092
595,17,1.7988050390225654,-0.8190522074013101
595,18,1.6543088101596206,-0.8255830351480432
595,19,1.7009039325769248,-0.764168078912355
596,0,1.725511710191616,-0.8023676819871992
596,1,1.728866785463031,-1.0588947117957417
596,2,1.9430238704890748,-0.7625972903235798
596,3,1.8522696174042934,-0.7379779927643737
596,4,1.8449537090654833,-0.9073266610628509
596,5,1.706757015137671,-0.5748295060798845
596,6,1.848732267537754,-0.9481191293164225
596,7,1.6654211966694,-0.9559193527211055
596,8,1.9678504284491838,-0.750014458371128
596,9,1.7151066581106258,-0.9296834664778038
596,10,1.8512379937802463,-0.6640099700863581
596,11,1.8829064926223298,-0.8293326129264352
596,12,1.8615039337359995,-0.773260754484302
596,13,1.7106554150542348,-0.901704132209841
596,14,1.8653517067248158,-0.6385719173851947
596,15,1.748776684614229,-0.612781541327427
596,16,1.9378296429355375,-0.8552613295262934
596,17,1.801469505898052,-0.8205127380176803
596,18,1.6543088101596206,-0.8255830351480432
596,19,1.7009039325769248,-0.764168078912355
597,0,1.7282513278928295,-0.8038373110526805
597,1,1.7315804020315024,-1.0601108382574125
597,2,1.9455512658723457,-0.7641232312775706
597,3,1.8548886571519558,-0.7395221754617852
597,4,1.8475660621028374,-0.9087005879316746
597,5,1.7095328739300533,-0.5765272378469914
597,6,1.851338971349713,-0.949449587520828
597,7,1.6682513051668881,-0.957133704868098
597,8,1.9703509552291818,-0.7515602804232415
597,9,1.7178436933816787,-0.9310296459346085
597,10,1.8538607760410042,-0.6656335875554915
597,11,1.885487120506539,-0.8307885510691195
597,12,1.8641102170242718,-0.7747715121327807
597,13,1.7133988503496893,-0.9030785697367348
597,14,1.8679654359573998,-0.6402174644720404
597,15,1.7515096943612398,-0.6144413500626098
597,16,1.9403503729422091,-0.8567013172154195
597,17,1.80413131788968,-0.8219718133563759
597,18,1.6543088101596206,-0.8255830351480432
597,19,1.7009039325769248,-0.764168078912355
598,0,1.730988215941767,-0.8053054758349073
598,1,1.7342913147008556,-1.0613257529475657
598,2,1.9480761432113016,-0.7656476519364112
598,3,1.8575050874207002,-0.7410648196135531
598,4,1.8501758124006495,-0.9100731459296995
598,5,1.7123059667077636,-0.578223277903054
598,6,1.8539430783226638,-0.9507787203020119
598,7,1.6710712208421392,-0.9583639154612781
598,8,1.9728489902915858,-0.7531045620991289
598,9,1.7205780012112433,-0.9323744839305486
598,10,1.8564809446033002,-0.6672555870304264
598,11,1.8880651771695713,-0.8322430385807353
598,12,1.8667139034633145,-0.7762807644921554
598,13,1.7161395517634912,-0.9044516376123948
598,14,1.8705765608996012,-0.6418613719542939
598,15,1.7542399810995906,-0.6160995050629076
598,16,1.9428685909689634,-0.8581398699154168
598,17,1.806790477661926,-0.8234294348779329
598,18,1.6543088101596206,-0.8255830351480432
598,19,1.7009039325769248,-0.764168078912355
599,0,1.7337223770780563,-0.806772177803514
599,1,1.736999526184717,-1.0625394570823323
599,2,1.9505985050333474,-0.7671705538260479
599,3,1.860118910829576,-0.7426059267638656
599,4,1.8527829625712824,-0.9114443364308573
599,5,1.7150762962466706,-0.5799176279458098
599,6,1.85654459106332,-0.9521065289904376
599,7,1.6738812353874815,-0.9596090509256958
599,8,1.9753445361369313,-0.7546473049446177
599,9,1.7233095843363642,-0.9337179818118082
599,10,1.8590985020899256,-0.668875970134786
599,11,1.8906406651920638,-0.8336960769172262
599,12,1.86931499565942,-0.7777885130731893
599,13,1.7188775220390853,-0.9058233372112632
599,14,1.8731850841651585,-0.6435036414775082
599,15,1.756967547562301,-0.617756007988135
599,16,1.9453842995365387,-0.8595769890662778
599,17,1.809446987876611,-0.8248856040414316
599,18,1.6543088101596206,-0.8255830351480432
599,19,1.7009039325769248,-0.764168078912355
600,0,1.736453814038595,-0.8082374184266706
600,1,1.7397050391940092,-1.0637519518766312
600,2,1.9531183538633694,-0.7686919384709072
600,3,1.862730129995023,-0.7441454984553726
600,4,1.8553875152244959,-0.9128141608077113
600,5,1.7178438653198769,-0.581610289671305
600,6,1.8591435121757984,-0.9534330149152427
600,7,1.6766816351619929,-0.9608682301308265
600,8,1.977837595263262,-0.7561885105039952
600,9,1.726038445491359,-0.9350601409232301
600,10,1.8617134511210578,-0.6704947384905751
600,11,1.8932135871520825,-0.8351476675330849
600,12,1.8719134962162842,-0.77929475938514
600,13,1.7216127639171825,-0.9071936699064127
600,14,1.875791008365206,-0.6451442746855965
600,15,1.7596923964796678,-0.6194108604964532
600,16,1.947897501163162,-0.8610126761065603
600,17,1.8121008511929049,-0.826340322304499
600,18,1.6543088101596206,-0.8255830351480432
600,19,1.7037779479760962,-0.7654585416492571
601,0,1.7391825295575543,-0.8097011991710846
601,1,1.7424078564369532,-1.064963238544171
601,2,1.955635692223739,-0.7702118073938965
601,3,1.865338747530874,-0.7456835362291868
601,4,1.8579894729674498,-0.9141826204314568
601,5,1.7206086766977218,-0.5833012647738958
601,6,1.8617398442616215,-0.954758179404241
601,7,1.6794727004796668,-0.9621406213217285
601,8,1.9803281701661328,-0.7577281803200093
601,9,1.7287645874078206,-0.9364009626083167
601,10,1.8643257943142637,-0.6721118937181826
601,11,1.895783945625125,-0.836597811881355
601,12,1.8745094077350088,-0.7807995049357617
601,13,1.7243452801357628,-0.9085626370695477
601,14,1.8783943361082764,-0.6467832732208346
601,15,1.7624145305792676,-0.6210640642443711
601,16,1.950408198364551,-0.8624469324733883
601,17,1.8147520702673272,-0.8277935911233095
601,18,1.6543088101596206,-0.8255830351480432
601,19,1.7066382889486167,-0.7667716013806455
602,0,1.7419085263663812,-0.811163521502002
602,1,1.7451079806190717,-1.0661733182974507
602,2,1.9581505226343143,-0.7717301621164061
602,3,1.867944766048358,-0.7472200416248855
602,4,1.8579894729674498,-0.9141826204314568
602,5,1.723370733147784,-0.5849905549462496
602,6,1.8643280505319306,-0.9560928212224291
602,7,1.6822547050390333,-0.9634254392332454
602,8,1.9828162633386115,-0.7592663159338713
602,9,1.7314880128146193,-0.937740448209232
602,10,1.8669355342845013,-0.6737274374363824
602,11,1.8983517431841226,-0.8380465114136324
602,12,1.877102732814104,-0.782302751231306
602,13,1.7270750734300775,-0.9099302400710055
602,14,1.8809950700003035,-0.6484206387238615
602,15,1.7651339525859588,-0.6227156208867474
602,16,1.9529163936539153,-0.863879759602454
602,17,1.8174006477537508,-0.8292454119525866
602,18,1.6543088101596206,-0.8255830351480432
602,19,1.7094853505685201,-0.7681058980048128
603,0,1.744631807193801,-0.8126243868832087
603,1,1.7478054144431916,-1.0673821923477613
603,2,1.960662847612443,-0.7732470041583106
603,3,1.8705481881561017,-0.7487550161805122
603,4,1.8579894729674498,-0.9141826204314568
603,5,1.7261300374348851,-0.5866781618793478
603,6,1.8669136775688608,-0.9574261330257857
603,7,1.6850279154756642,-0.9647219423770689
603,8,1.9853018772712818,-0.7608029188852563
603,9,1.7342087244379067,-0.9390785990668022
603,10,1.8695426736441227,-0.6753413712623355
603,11,1.900916982399443,-0.8394937675800669
603,12,1.8796934740494902,-0.783804499776524
603,13,1.7298021465326523,-0.9112964802797583
603,14,1.8835932126446242,-0.6500563728336815
603,15,1.767850665221886,-0.6243655320767917
603,16,1.9554220895419614,-0.8653111589280187
603,17,1.8200465863034043,-0.8306957862456044
603,18,1.6543088101596206,-0.8255830351480432
603,19,1.712319526340474,-0.7694601512684532
604,0,1.7473523747658206,-0.8140837967770325
604,1,1.750500160609447,-1.0685898619051872
604,2,1.9631726696729648,-0.7747623350379703
604,3,1.8731490164601334,-0.7502884614325778
604,4,1.8579894729674498,-0.9141826204314568
604,5,1.7288865923210912,-0.5883640872624866
604,6,1.8694967279606274,-0.9587581161489573
604,7,1.687792591021166,-0.9660294304918278
604,8,1.9877850144522458,-0.7623379907123055
604,9,1.736926725001118,-0.9404154165205179
604,10,1.8721472150028773,-0.6769536968115911
604,11,1.9034796658388933,-0.8409395818293631
604,12,1.8822816340345023,-0.7853047520746675
604,13,1.73252650217329,-0.9126613590634137
604,14,1.8861887666419819,-0.6516904771876662
604,15,1.7705646712064809,-0.6260137994660668
604,16,1.9579252885368932,-0.8667411318829145
604,17,1.822689888564875,-0.8321447154541889
604,18,1.6543088101596206,-0.8255830351480432
604,19,1.715141206244322,-0.7708331559117253
605,0,1.7500702318057308,-0.815541752644344
605,1,1.7531922218152813,-1.0697963281786065
605,2,1.9656799913282141,-0.776276156272233
605,3,1.8757472535638848,-0.7518203789160626
605,4,1.8579894729674498,-0.9141826204314568
605,5,1.7316404005657164,-0.5900483327832787
605,6,1.8720772042928662,-0.9600887719252603
605,7,1.690554511687594,-0.9673356157514821
605,8,1.9902656773671261,-0.7638715329516271
605,9,1.7396420172249742,-0.9417509019085344
605,10,1.8747491609679132,-0.6785644156980888
605,11,1.906039796067722,-0.8423839556087828
605,12,1.8848672153598909,-0.7868035096274906
605,13,1.7352481430790736,-0.9140248777882168
605,14,1.888781734590529,-0.6533229534215557
605,15,1.7732759732564662,-0.6276604247044901
605,16,1.9604259931444152,-0.8681696798985457
605,17,1.825330557184111,-0.8335922010287197
605,18,1.6543088101596206,-0.8255830351480432
605,19,1.7179507751055998,-0.7722237771037522
606,0,1.7527853810341092,-0.8169982559445585
606,1,1.7558816007554505,-1.0710015923756933
606,2,1.9681848150880223,-0.7777884693764352
606,3,1.8783429020681939,-0.7533507701644174
606,4,1.8579894729674498,-0.9141826204314568
606,5,1.7343914649253256,-0.5917309001276557
606,6,1.8720772042928662,-0.9600887719252603
606,7,1.6933136802396334,-0.9686404994635247
606,8,1.9927438684990688,-0.7654035471382986
606,9,1.7423546038274857,-0.943085056567674
606,10,1.8773485141437811,-0.6801735295341595
606,11,1.908597375648622,-0.8438268903641453
606,12,1.8874502206138255,-0.7883007739352509
606,13,1.737967071974368,-0.9153870378190512
606,14,1.8913721190858284,-0.6549538031694602
606,15,1.7759845740858582,-0.629305409440335
606,16,1.9629242058677354,-0.8695968044048903
606,17,1.827968594804424,-0.8350382444181312
606,18,1.6543088101596206,-0.8255830351480432
606,19,1.7207486112502108,-0.7736309461545721
607,0,1.7554978251688227,-0.8184533081356373
607,1,1.7585683001220256,-1.072205655702918
607,2,1.9706871434597206,-0.7792992758644037
607,3,1.880935964571307,-0.7548796367095655
607,4,1.8579894729674498,-0.9141826204314568
607,5,1.737139788153737,-0.5934117909798692
607,6,1.8720772042928662,-0.9600887719252603
607,7,1.6960700994392144,-0.9699440829341454
607,8,1.9952195903287455,-0.7669340348058676
607,9,1.7450644875239543,-0.944417881833427
607,10,1.879945277132436,-0.6817810399305281
607,11,1.9111524071417334,-0.8452683875398298
607,12,1.8900306523818968,-0.7897965464967115
607,13,1.7406832915808237,-0.9167478405194404
607,14,1.893959922720858,-0.6565830280638619
607,15,1.7786904764059688,-0.6309487553202328
607,16,1.9654199292075671,-0.8710225068305014
607,17,1.8306040040664924,-0.8364828470699144
607,18,1.657211818690452,-0.8268222030081387
607,19,1.7235350854063685,-0.7750536564894026
608,0,1.7582075669250308,-0.819906910674089
608,1,1.761252322604395,-1.0734085193655496
608,2,1.973186978948142,-0.7808085772484574
608,3,1.8835264436688826,-0.7564069800819037
608,4,1.8579894729674498,-0.9141826204314568
608,5,1.7398853730020245,-0.5950910070224925
608,6,1.8720772042928662,-0.9600887719252603
608,7,1.6988237720455157,-0.9712463674682325
608,8,1.9976928453343563,-0.7684629974863538
608,9,1.7477716710269762,-0.9457493790399526
608,10,1.8825394525332404,-0.6833869484963138
608,11,1.9137048931046448,-0.8467084485787764
608,12,1.8926085132471195,-0.7912908288091423
608,13,1.7433968046173793,-0.9181072872515491
608,14,1.8965451480860114,-0.6582106297356167
608,15,1.7813936829254087,-0.6325904639891744
608,16,1.9679131656621318,-0.8724467886025085
608,17,1.8332367876083635,-0.8379260104301178
608,18,1.6601019045168992,-0.8280834422868896
608,19,1.726310559821273,-0.7764909598711591
609,0,1.7609146090151873,-0.8213590650149712
609,1,1.7639336708892681,-1.0746101845676554
609,2,1.975684324055624,-0.7823163750394084
609,3,1.8861143419539925,-0.7579328018103042
609,4,1.8579894729674498,-0.9141826204314568
609,5,1.7426282222185216,-0.5967685499364226
609,6,1.8720772042928662,-0.9600887719252603
609,7,1.701574700814966,-0.9725473543693741
609,8,2.000163635991632,-0.7699904367102504
609,9,1.7504761570464447,-0.9470795495200808
609,10,1.885131042942966,-0.6849912568390327
609,11,1.9162548360923972,-0.8481470749224875
609,12,1.895183805789935,-0.7927836223683212
609,13,1.746107613800264,-0.9194653793761851
609,14,1.8991277977691021,-0.6598366098139553
609,15,1.7840941963500905,-0.6342305370905117
609,16,1.9704039177271615,-0.873869651146619
609,17,1.8358669480654561,-0.8393677359433496
609,18,1.662979432616725,-0.8293654301382094
609,19,1.7290753875638702,-0.7779419628573958
610,0,1.7636189541490441,-0.8228097726118919
610,1,1.7666123476606772,-1.0758106525121036
610,2,1.978179181282012,-0.7838226707465639
610,3,1.8886996620171257,-0.7594571034221161
610,4,1.8579894729674498,-0.9141826204314568
610,5,1.7453683385488228,-0.5984444214008815
610,6,1.8720772042928662,-0.9600887719252603
610,7,1.7043228885012478,-0.9738470449398595
610,8,2.0026319647738364,-0.7715163540065254
610,9,1.753177948289553,-0.9484083946053136
610,10,1.8877200509557976,-0.6865939665645993
610,11,1.9188022386574861,-0.8495842680110297
610,12,1.8977565325882135,-0.7942749286685362
610,13,1.7488157218430005,-0.9208221182527998
610,14,1.9017078743553648,-0.6614609699264854
610,15,1.7867920193832307,-0.6358689762659595
610,16,1.9728921878959016,-0.8752910958871197
610,17,1.8384944880705636,-0.8408080250527782
610,18,1.6658447668434408,-0.8306669209534184
610,19,1.7318299119884715,-0.779405823478199
611,0,1.7663206050336535,-0.8242590349170107
611,1,1.7692883555999803,-1.0770099244005638
611,2,1.9806715531246604,-0.7853274658777272
611,3,1.89128240644619,-0.7609798864431668
611,4,1.8579894729674498,-0.9141826204314568
611,5,1.7481057247357874,-0.6001186230934182
611,6,1.8720772042928662,-0.9600887719252603
611,7,1.7070683378552998,-0.9751454404806801
611,8,2.005097834151769,-0.7730407509026236
611,9,1.755877047460797,-0.9497359156258263
611,10,1.8903064791633348,-0.6881950792773273
611,11,1.921347103349864,-0.8510200292830346
611,12,1.9003266962172571,-0.7957647492025862
611,13,1.7515211314564074,-0.92217750523949
611,14,1.9042853804274587,-0.663083711699193
611,15,1.7894871547253528,-0.6375057831555971
611,16,1.975377978659113,-0.8767111242468782
611,17,1.8411194102538557,-0.8422468792001345
611,18,1.6686982680683715,-0.8319867416967294
611,19,1.7345744663370553,-0.7808817481220031
612,0,1.7690195643733706,-0.8257068533810407
612,1,1.7719616973858638,-1.0782080014335083
612,2,1.9831614420784356,-0.7868307619391998
612,3,1.893862577826515,-0.7625011523977636
612,4,1.8579894729674498,-0.9141826204314568
612,5,1.7508403835195416,-0.6017911566899103
612,6,1.8720772042928662,-0.9600887719252603
612,7,1.7098110516253193,-0.9764425422915312
612,8,2.0075612465937676,-0.7745636289244678
612,9,1.7585734572619773,-0.9510621139104686
612,10,1.8928903301545947,-0.6897945965799321
612,11,1.9238894327169427,-0.8524543601757004
612,12,1.9028942992498021,-0.7972530854617831
612,13,1.7542238453486028,-0.9235315416929997
612,14,1.9068603185654698,-0.6647048367564443
612,15,1.79217960507429,-0.6391409593978699
612,16,1.9778612925050747,-0.8781297376473444
612,17,1.8437417172428825,-0.8436842998257129
612,18,1.6715402926301057,-0.8333237875182167
612,19,1.7373093734607674,-0.7823689886168114
613,0,1.7717158348698563,-0.8271532294532494
613,1,1.7746323756943456,-1.0794048848102133
613,2,1.9856425864594693,-0.788342887137604
613,3,1.8964401787408551,-0.7640209028086952
613,4,1.8606531049309656,-0.9154198421456368
613,5,1.7535723176374816,-0.6034620238645656
613,6,1.8720772042928662,-0.9600887719252603
613,7,1.7125510325567657,-0.9777383516708128
613,8,2.01002220456571,-0.7760849895964604
613,9,1.7612671803922029,-0.9523869907867664
613,10,1.8954716065160149,-0.6913925200735322
613,11,1.9264292293035965,-0.853887262124794
613,12,1.905459344256022,-0.798739938935953
613,13,1.7569238662250055,-0.9248842289687205
613,14,1.909432691346914,-0.6663243467209871
613,15,1.7948693731251875,-0.6407745066295906
613,16,1.9803421319195862,-0.8795469375085515
613,17,1.8463614116625757,-0.8451202883683729
613,18,1.6743711910520216,-0.8346770176308569
613,19,1.740041556019123,-0.7838547474949702
614,0,1.77440941922208,-0.828598164581461
614,1,1.7773003931987774,-1.0806005757287607
614,2,1.9881212582944565,-0.7898535054510362
614,3,1.899015211769391,-0.7655391391972332
614,4,1.8633059863889154,-0.9166731530946508
614,5,1.756301529824276,-0.6051312262899237
614,6,1.8720772042928662,-0.9600887719252603
614,7,1.7152882833923624,-0.9790328699156315
614,8,2.012480710531018,-0.777604834441485
614,9,1.7639582195478933,-0.9537105475809227
614,10,1.8980503108314553,-0.6929888513576506
614,11,1.9264292293035965,-0.853887262124794
614,12,1.9080218338035289,-0.8002253111134375
614,13,1.7596211967883393,-0.9262355684206938
614,14,1.9120025013467388,-0.6679422432139522
614,15,1.797556461570506,-0.6424064264859417
614,16,1.9828204993859704,-0.8809627252491181
614,17,1.848978496135252,-0.8465548462655405
614,18,1.6771913069931912,-0.8360454514381279
614,19,1.742771016747039,-0.7853390262437256
615,0,1.7771003201263225,-0.8300416602120566
615,1,1.7799657525698471,-1.0817950753860377
615,2,1.9905974600645497,-0.7913626183916266
615,3,1.9015876794897335,-0.7670558630831337
615,4,1.865948418375272,-0.9179416389867269
615,5,1.7590280228118687,-0.6067987656368579
615,6,1.8720772042928662,-0.9600887719252603
615,7,1.7180228068721002,-0.9803260983218015
615,8,2.012480710531018,-0.777604834441485
615,9,1.7639582195478933,-0.9537105475809227
615,10,1.9006264456822013,-0.6945835920302166
615,11,1.9264292293035965,-0.853887262124794
615,12,1.9105817704573773,-0.8017092034810959
615,13,1.7623158397386347,-0.9275855614016116
615,14,1.9145697511373263,-0.6695585278548559
615,15,1.8002408731000235,-0.6440367206004767
615,16,1.9852963973850755,-0.8823771022862491
615,17,1.8515929732806153,-0.8479879749532093
615,18,1.6800009764020691,-0.8374281648987509
615,19,1.7454977583767086,-0.7868218263488421
616,0,1.779788540276178,-0.831483717789977
616,1,1.7826284564755823,-1.08298838497774
616,2,1.9930711942484296,-0.7928702274699988
616,3,1.9041575844769252,-0.7685710759846389
616,4,1.8685806973290287,-0.9192244352933043
616,5,1.7617517993294822,-0.6084646435745766
616,6,1.8720772042928662,-0.9600887719252603
616,7,1.72075460573324,-0.9816180381838454
616,8,2.012480710531018,-0.777604834441485
616,9,1.7639582195478933,-0.9537105475809227
616,10,1.9006264456822013,-0.6945835920302166
616,11,1.9264292293035965,-0.853887262124794
616,12,1.9131391567800666,-0.8031916175243056
616,13,1.765007797773232,-0.9289342092628183
616,14,1.9171344432884965,-0.6711732022616006
616,15,1.8029226104008387,-0.6456653906051215
616,16,1.9877698283952776,-0.8837900700357373
616,17,1.8542048457157603,-0.8494196758659428
616,18,1.6828005268460007,-0.8388242871154011
616,19,1.7482217836376028,-0.7883031492946041
617,0,1.7824740823625573,-0.8329243387587232
617,1,1.785288507581352,-1.0841805056983713
617,2,1.9955424633223064,-0.794376334195271
617,3,1.9067249293034436,-0.7700847794184784
617,4,1.871203114317913,-0.9205207244222972
617,5,1.7644728621036194,-0.6101288617706254
617,6,1.8747237520277449,-0.9612755727286875
617,7,1.7234836827103148,-0.9829086907949964
617,8,2.012480710531018,-0.777604834441485
617,9,1.7639582195478933,-0.9537105475809227
617,10,1.9006264456822013,-0.6945835920302166
617,11,1.9264292293035965,-0.853887262124794
617,12,1.915693995331543,-0.8046725547269646
617,13,1.7676970735867836,-0.9302815133543118
617,14,1.9196965803675083,-0.6727862680504769
617,15,1.8056016761573732,-0.6472924381301765
617,16,1.9902407948924838,-0.8852016299119647
617,17,1.8568141160551734,-0.8508499504368748
617,18,1.6855902769928148,-0.8402329971345657
617,19,1.7509365111156612,-0.7897950405731742
618,0,1.7851569490736912,-0.8343635245603581
618,1,1.7879459085498701,-1.0853714387412459
618,2,1.9980112697599228,-0.7958809400750574
618,3,1.9092897165392033,-0.7715969748998708
618,4,1.8738159544028212,-0.9218297330539407
618,5,1.7671912138580668,-0.6117914218908883
618,6,1.877359845417701,-0.9624785132743373
618,7,1.7262100405351335,-0.9841980574471991
618,8,2.012480710531018,-0.777604834441485
618,9,1.7639582195478933,-0.9537105475809227
618,10,1.9006264456822013,-0.6945835920302166
618,11,1.9264292293035965,-0.853887262124794
618,12,1.9182462886692022,-0.8061520165714927
618,13,1.7703836698712574,-0.9316274750247445
618,14,1.9222561649390637,-0.6743977268361653
618,15,1.8082780730513743,-0.6489178648043177
618,16,1.9927092993501339,-0.8866117833279042
618,17,1.8594207869107369,-0.8522788000977117
618,18,1.6883705362236183,-0.8416535209451608
618,19,1.753648533210421,-0.7912854450956037
619,0,1.7878371430951314,-0.8358012766355082
619,1,1.7906006620411976,-1.0865611852984889
619,2,2.0004776160325566,-0.79738404661547
619,3,1.9118519487515588,-0.7731076639425252
619,4,1.8764194961254128,-0.9231507296307884
619,5,1.769906857313897,-0.6134523255995896
619,6,1.8799857660818078,-0.9636966908951418
619,7,1.728933681936783,-0.9854861394311107
619,8,2.012480710531018,-0.777604834441485
619,9,1.7639582195478933,-0.9537105475809227
619,10,1.9006264456822013,-0.6945835920302166
619,11,1.9264292293035965,-0.853887262124794
619,12,1.9207960393478924,-0.8076300045388325
619,13,1.7730675893159389,-0.9329720956214257
619,14,1.9248131995653093,-0.6760075802317376
619,15,1.8109445065185523,-0.6505536273522465
619,16,1.9951753442392033,-0.8880205316951209
619,17,1.862024860891731,-0.8537062262787334
619,18,1.6911416043584397,-0.843085128664008
619,19,1.7563578526366195,-0.792774364353789
620,0,1.7905146671097552,-0.8372375964233647
620,1,1.7932527707127452,-1.0877497465610377
620,2,2.002941504609023,-0.7988856553211201
620,3,1.9144051880529525,-0.7746277186151963
620,4,1.8790140111032825,-0.924483021993623
620,5,1.7726197951894718,-0.6151115745592957
620,6,1.8826017921274207,-0.9649292513734322
620,7,1.731654609641631,-0.9867729380361026
620,8,2.012480710531018,-0.777604834441485
620,9,1.7639582195478933,-0.9537105475809227
620,10,1.9006264456822013,-0.6945835920302166
620,11,1.9264292293035965,-0.853887262124794
620,12,1.9233432499199168,-0.8091065201084513
620,13,1.7757488346074342,-0.9343153764903218
620,14,1.9273676868058394,-0.6776158298486586
620,15,1.8136082827311124,-0.6521877597685266
620,16,1.9976389320282053,-0.889427876423773
620,17,1.864626340604836,-0.8551322304087948
620,18,1.693909911143051,-0.8445153097956755
620,19,1.7590644721062876,-0.7942617998381398
621,0,1.7931895237977664,-0.8386724853616851
621,1,1.7959022372192766,-1.0889371237186434
621,2,2.0054029379556764,-0.8003857676951193
621,3,1.916955882948044,-0.7761462584918642
621,4,1.8815997637188753,-0.9258259551552918
621,5,1.7753300302004447,-0.6167691704309162
621,6,1.8852081973345078,-0.9661753862327698
621,7,1.7343728263733287,-0.9880584545502613
621,8,2.012480710531018,-0.777604834441485
621,9,1.7639582195478933,-0.9537105475809227
621,10,1.9006264456822013,-0.6945835920302166
621,11,1.9264292293035965,-0.853887262124794
621,12,1.9258879229350352,-0.8105815647583428
621,13,1.7784274084296723,-0.9356573189760583
621,14,1.9299196292176979,-0.6792224772967879
621,15,1.8162694043554972,-0.6538202636889261
621,16,2.0001000651831937,-0.890833818922614
621,17,1.867225228654136,-0.8565568139153276
621,18,1.6966754593485298,-0.8459440657717759
621,19,1.7617683943287543,-0.7957477530375805
622,0,1.7958554690221857,-0.8401175295006165
622,1,1.79854906421291,-1.0901233179598717
622,2,2.0078619185364146,-0.8018843852390816
622,3,1.9195040359900815,-0.777663285092589
622,4,1.8841770108898928,-0.9271789092047578
622,5,1.7780375650597637,-0.6184251148737062
622,6,1.887805250479196,-0.9674343301822145
622,7,1.7370883348528139,-0.9893426902603902
622,8,2.012480710531018,-0.777604834441485
622,9,1.7639582195478933,-0.9537105475809227
622,10,1.9006264456822013,-0.6945835920302166
622,11,1.9264292293035965,-0.853887262124794
622,12,1.928430060940468,-0.812055139965028
622,13,1.7811033134639083,-0.9369979244219209
622,14,1.932469029355382,-0.6808275241843809
622,15,1.8189278740554922,-0.6554511407475829
622,16,2.0025587461677654,-0.892238360598994
622,17,1.8698215276411203,-0.8579799782243411
622,18,1.699438251743193,-0.8473713980224956
622,19,1.7644696220106484,-0.7972322254395515
623,0,1.7985187575089396,-0.8415611335862576
623,1,1.801193254343122,-1.091308330472104
623,2,2.0103184488126793,-0.8033815094531246
623,3,1.9220496497297683,-0.7791787999359155
623,4,1.8867460019103324,-0.9285412973339668
623,5,1.780742402477674,-0.6200794095452679
623,6,1.890393214779577,-0.9687053587054366
623,7,1.7398011377983131,-0.9906256464520106
623,8,2.012480710531018,-0.777604834441485
623,9,1.7639582195478933,-0.9537105475809227
623,10,1.9006264456822013,-0.6945835920302166
623,11,1.9264292293035965,-0.853887262124794
623,12,1.9309696664808982,-0.8135272472035573
623,13,1.7837765523887257,-0.938337194169857
623,14,1.9350158897708434,-0.6824309721180912
623,15,1.8215836944922281,-0.6570803925770068
623,16,2.005014977443062,-0.8936415028588603
623,17,1.8724152401646867,-0.8594017247604243
623,18,1.7021982910925981,-0.8487973079765954
623,19,1.7671681578559015,-0.7987152185300114
624,0,1.8011793919239827,-0.8430032990636577
624,1,1.8038348102567494,-1.0924921624415393
624,2,2.0127725312434595,-0.8048771418358712
624,3,1.9245927267152667,-0.7806928045388758
624,4,1.8893124329799957,-0.9299023278692718
624,5,1.78344454516172,-0.6217320561015517
624,6,1.892972347448691,-0.9699877857872077
624,7,1.7425112379253447,-0.9919073244093628
624,8,2.012480710531018,-0.777604834441485
624,9,1.7639582195478933,-0.9537105475809227
624,10,1.9006264456822013,-0.6945835920302166
624,11,1.9290808502958408,-0.8550938049997183
624,12,1.9335005498270377,-0.815008519081135
624,13,1.7864471278800393,-0.9396751295604768
624,14,1.9375602130134921,-0.6840328227029719
624,15,1.8242368683241839,-0.6587080208080802
624,16,2.007468761467774,-0.89504324710676
624,17,1.8750063688211442,-0.8608220549467468
624,18,1.7049555801595475,-0.8502217970614125
624,19,1.7698640045657508,-0.8001967337934376
625,0,1.8038373749306125,-0.8444440273764257
625,1,1.8064737345979924,-1.0936748150531943
625,2,2.015224168285294,-0.8063712838844509
625,3,1.9271332694921992,-0.7822053004169899
625,4,1.8918763066678828,-0.9312620021730657
625,5,1.7861439958167498,-0.6233830561968585
625,6,1.895542899341276,-0.9712809617699988
625,7,1.7452186379467216,-0.9931877254154077
625,8,2.015050878152427,-0.7789208052471117
625,9,1.7639582195478933,-0.9537105475809227
625,10,1.9006264456822013,-0.6945835920302166
625,11,1.9317197972122693,-0.8563210329027742
625,12,1.9360289110530549,-0.8164883148157626
625,13,1.789115042611098,-0.9410117319330552
625,14,1.9400951028959648,-0.6856439832185987
625,15,1.826887398207189,-0.6603340270700607
625,16,2.0099201006981415,-0.8964435947458401
625,17,1.877594916204215,-0.8622409702050605
625,18,1.7077101217040902,-0.8516448667028621
625,19,1.772557164838741,-0.8016767727128283
626,0,1.8064927091894725,-0.845883319966732
626,1,1.8091100300084169,-1.0948562894909055
626,2,2.0176733623922747,-0.8078639370945012
626,3,1.9296712806036513,-0.7837162890842676
626,4,1.8944376255404334,-0.9326203216063835
626,5,1.7888407571449156,-0.625032411483841
626,6,1.8981051146823664,-0.9725842713336389
626,7,1.747923340572554,-0.994466850751828
626,8,2.0176081211012393,-0.7802555754640786
626,9,1.766709939166747,-0.9548952925445773
626,10,1.9033058048334937,-0.695991575982885
626,11,1.9343463999233337,-0.8575677833494113
626,12,1.9385547526898415,-0.8179666358887168
626,13,1.7917802992524867,-0.9423470026255323
626,14,1.9426274666411751,-0.6872535381368218
626,15,1.8295352867944263,-0.6619584129905822
626,16,2.012368997587957,-0.8978425471778502
626,17,1.880174882705571,-0.8636693672740096
626,18,1.7104619184835248,-0.8530665183254381
626,19,1.7752476413707285,-0.8031553367697041
627,0,1.8091453973585552,-0.8473211782753102
627,1,1.8117436991269569,-1.0960365869373299
627,2,2.0201201160160465,-0.8093551029601695
627,3,1.932206762590175,-0.7852257720532102
627,4,1.8969963921615305,-0.9339772875289046
627,5,1.7915348318456785,-0.6266801236135056
627,6,1.9006592308671606,-0.9738971315912383
627,7,1.7506253485102519,-0.9957447016990293
627,8,2.020152803060832,-0.781608080847374
627,9,1.7694509906401685,-0.9560971416669799
627,10,1.90597161571864,-0.6974187211876257
627,11,1.9369609886111998,-0.8588329575473519
627,12,1.9410780772657676,-0.8194434837797986
627,13,1.7944429004721303,-0.9436809429745154
627,14,1.9451573067840222,-0.6888614890688074
627,15,1.8321805367364352,-0.6635811801956565
627,16,2.0148154545885695,-0.899240105803143
627,17,1.882752278164783,-0.8650963408868553
627,18,1.7132109732524028,-0.8544867533522154
627,19,1.777935436854883,-0.8046324274441088
628,0,1.8117954420932039,-0.8487576037414576
628,1,1.8143747445899179,-1.0972157085739465
628,2,2.0225644316058125,-0.8108447829741144
628,3,1.93473971798979,-0.7867337508348116
628,4,1.899552609092502,-0.9353329012989531
628,5,1.7942262226158097,-0.6283261942352135
628,6,1.9032108023866798,-0.9752086838465124
628,7,1.7533246644645275,-0.9970212795361418
628,8,2.022685284296167,-0.7829773155437257
628,9,1.7721816660873249,-0.9573151149292478
628,10,1.9086242923117638,-0.6988638923770767
628,11,1.9395638921352492,-0.8601155167918909
628,12,1.9435988873066838,-0.8209188599673342
628,13,1.797102848935295,-0.9450135543152802
628,14,1.9476846258568783,-0.6904678376241159
628,15,1.8348231506811132,-0.6652023303096752
628,16,2.0172594741488843,-0.900636272020676
628,17,1.8853271051618261,-0.8665218924719995
628,18,1.7159572887625307,-0.8559055732048504
628,19,1.7806205539816904,-0.8061080462146119
629,0,1.814442846046116,-0.8501925978030376
629,1,1.8169982945869727,-1.0984044724726592
629,2,2.025006311608335,-0.8123329786275071
629,3,1.9372701493379874,-0.7882402269385599
629,4,1.9021062788921235,-0.9366871642734996
629,5,1.796914932149394,-0.6299706249966832
629,6,1.9057598317950497,-0.9765189294123265
629,7,1.7560212911373991,-0.9982965855410211
629,8,2.0252059204281427,-0.7843623287517567
629,9,1.774902254184149,-0.9585482863250171
629,10,1.911264242394015,-0.7003260193069933
629,11,1.942155436642422,-0.8614144790590075
629,12,1.9461171853359231,-0.8223927659281766
629,13,1.7997601473045917,-0.9463448379817718
629,14,1.9502094263895922,-0.6920725854107038
629,15,1.8374631312737197,-0.6668218649554112
629,16,2.019701058715367,-0.902031047228013
629,17,1.8878993662741048,-0.8679460234564209
629,18,1.718700867762973,-0.8573229793035833
629,19,1.7833029954389554,-0.8075821945583089
630,0,1.8170876118673454,-0.8516261618964807
630,1,1.8196192301273826,-1.0995920517277868
630,2,2.0274457584679384,-0.8138196914100326
630,3,1.939798059167731,-0.7897452018724392
630,4,1.9046574041166209,-0.9380400778081629
630,5,1.7996009631378325,-0.6316134175439915
630,6,1.9083063216438512,-0.9778278696002377
630,7,1.7587152312281926,-0.9995706209902497
630,8,2.0277150614088626,-0.7857622215716209
630,9,1.7776130392174214,-0.9597957807657469
630,10,1.9138918663543627,-0.7018040928589222
630,11,1.9447359443934726,-0.8627289157881664
630,12,1.9486329738743045,-0.823865203137707
630,13,1.802414798239979,-0.9476747953066066
630,14,1.9527317109094917,-0.6936757340349253
630,15,1.8401004811568777,-0.6684397857540202
630,16,2.022140210732047,-0.9034244328213253
630,17,1.8904690640764548,-0.8693687352656759
630,18,1.7214417130000548,-0.8587389730672389
630,19,1.7859827639118049,-0.8090548739508241
631,0,1.8197297422043053,-0.8530582974567859
631,1,1.8222375538347066,-1.1007784475280975
631,2,2.029882774626511,-0.8153049228098922
631,3,1.9423234500094615,-0.791248677142931
631,4,1.9072059873196732,-0.9393916432572106
631,5,1.8022843182698447,-0.6332545735215752
631,6,1.9083063216438512,-0.9778278696002377
631,7,1.7614064874335447,-1.0008433871591385
631,8,2.0302130506735097,-0.7871761440352528
631,9,1.7803143003023765,-0.9610567711643733
631,10,1.916507556212061,-0.7032971613778664
631,11,1.9473057327793573,-0.8640579488464225
631,12,1.9511462554401346,-0.8253361730698365
631,13,1.8050668043987648,-0.949003427621073
631,14,1.9552514819413864,-0.6952772851015336
631,15,1.8427352029705772,-0.6700560943250425
631,16,2.0245769326405174,-0.9048164301953934
631,17,1.8930362011411461,-0.8707900293239005
631,18,1.724179827217365,-0.8601535559132285
631,19,1.7886598620826895,-0.8105260858663108
632,0,1.8223692397017708,-0.8544890059175223
632,1,1.8222375538347066,-1.1007784475280975
632,2,2.032317362523509,-0.8167886743138038
632,3,1.9448463243910974,-0.7927506542550155
632,4,1.9097520310524145,-0.9407418619735611
632,5,1.8049650002314717,-0.6348940945722331
632,6,1.9083063216438512,-0.9778278696002377
632,7,1.7640950624474052,-1.0021148853217274
632,8,2.032700224447185,-0.7886032923083472
632,9,1.7830063107434353,-0.9623304756882136
632,10,1.919111694832203,-0.7048043272325819
632,11,1.9498651135047933,-0.8654007476653247
632,12,1.953657032549211,-0.8268056771970077
632,13,1.80771616843561,-0.9503307362551335
632,14,1.9577687420075693,-0.696877240213683
632,15,1.8453672993521772,-0.6716707922864047
632,16,2.027011226879939,-0.9062070407436078
632,17,1.8956007800378858,-0.8722099070538113
632,18,1.7269152131557586,-0.8615667292575508
632,19,1.791334292631387,-0.8119958317774536
633,0,1.8250061070018815,-0.8559182887108305
633,1,1.8222375538347066,-1.1007784475280975
633,2,2.0347495245959566,-0.818270947407004
633,3,1.9473666848380384,-0.7942511347121731
633,4,1.9122955378634374,-0.9420907353087847
633,5,1.8076430117060787,-0.6365319823371275
633,6,1.9083063216438512,-0.9778278696002377
633,7,1.7667809589610406,-1.0033851167507877
633,8,2.0351769111874742,-0.7900429060552696
633,9,1.7856893375199685,-0.963616155172189
633,10,1.921704655309103,-0.7063247435863323
633,11,1.9524143919185581,-0.8667565265421172
633,12,1.956165307714824,-0.8282737169901955
633,13,1.8103628930025306,-0.9516567225374252
633,14,1.9602834936278202,-0.6984756009729302
633,15,1.8479967729364088,-0.673283881254421
633,16,2.0294430958870433,-0.9075962658579712
633,17,1.8981628033338196,-0.8736283698767074
633,18,1.7296478735533598,-0.8629784945147938
633,19,1.7940060582350053,-0.8134641131554697
634,0,1.8276403467441442,-0.8573461472674241
634,1,1.8222375538347066,-1.1007784475280975
634,2,2.037179263278451,-0.8197517435732499
634,3,1.949884533873168,-0.7957501200163865
634,4,1.9148365102987945,-0.9434382646131049
634,5,1.8103109890800526,-0.6381802221744117
634,6,1.9083063216438512,-0.9778278696002377
634,7,1.769464179663036,-1.004654082717822
634,8,2.0376434311456446,-0.7914942659582663
634,9,1.7883636408810533,-0.9649131106836651
634,10,1.9242868004952036,-0.7078576113662235
634,11,1.9549538664723574,-0.8681245420968369
634,12,1.9586710834477592,-0.8297402939189091
634,13,1.8130069807489004,-0.9529813877952616
634,14,1.962795739319408,-0.7000723689792356
634,15,1.8506236263553777,-0.6748953628437949
634,16,2.031872542096133,-0.9089841069290991
634,17,1.9007222735935354,-0.8750454192124716
634,18,1.732377811145564,-0.8643888530981358
634,19,1.7966751615679841,-0.8149309314701102
635,0,1.8302719615654355,-0.8587725830165908
635,1,1.8222375538347066,-1.1007784475280975
635,2,2.039606581003163,-0.8212310642948197
635,3,1.9523998740168556,-0.7972476116681412
635,4,1.9173749509020017,-0.9447844512353998
635,5,1.812976307645344,-0.6398268194361505
635,6,1.9083063216438512,-0.9778278696002377
635,7,1.7721447272392976,-1.0059217844930666
635,8,2.0401000960312925,-0.7929566913825694
635,9,1.7910294740350263,-0.9662206812304902
635,10,1.9268584826558228,-0.7094021764196162
635,11,1.9574838282921168,-0.8695040908770729
635,12,1.961174362256301,-0.8312054094511936
635,13,1.815648434321454,-0.9543047333546341
635,14,1.9653054815970932,-0.7016675458309659
635,15,1.8532478622385664,-0.6765052386676212
635,16,2.0342995679390867,-0.9103705653462221
635,17,1.9032791933790654,-0.8764610564795714
635,18,1.7351050286650418,-0.8657978064193472
635,19,1.7993416053020987,-0.8163962881896615
636,0,1.832900954100004,-0.8601975973861941
636,1,1.8222375538347066,-1.1007784475280975
636,2,2.0420314801998396,-0.8227089110525151
636,3,1.9549127077869588,-0.7987436111664279
636,4,1.9199108622140404,-0.9461292965232037
636,5,1.8156389700699396,-0.6414717757705893
636,6,1.9083063216438512,-0.9778278696002377
636,7,1.7748226043730566,-1.007188223345492
636,8,2.0425472087669805,-0.7944295381792614
636,9,1.7936870829212685,-0.9675382416041243
636,10,1.9294200432324005,-0.7109577268465446
636,11,1.9600045608473644,-0.8708945071023799
636,12,1.9636751466462334,-0.8326690650536309
636,13,1.818287256364289,-0.9556267605402127
636,14,1.9678127229731301,-0.7032611331248945
636,15,1.855869483212838,-0.6781135103373872
636,16,2.036724175845359,-0.9117556424971862
636,17,1.9058335652498888,-0.8778752830950614
636,18,1.7378295288417402,-0.8672053558887917
636,19,1.8020053921064618,-0.8178601847809472
637,0,1.8355273269794745,-0.8616211918026748
637,1,1.8222375538347066,-1.1007784475280975
637,2,2.0444539632958074,-0.8241852853256619
637,3,1.9574230376988269,-0.8002381200087436
637,4,1.9224442467733605,-0.9474728018227079
637,5,1.8182989790191668,-0.6431150928243312
637,6,1.9083063216438512,-0.9778278696002377
637,7,1.7774978137448705,-1.0084534005428052
637,8,2.0449850633209232,-0.7959121966180716
637,9,1.796342043393714,-0.968854488976026
637,10,1.9319718126989631,-0.7125235904975319
637,11,1.9625163397059808,-0.8722951605406012
637,12,1.9661734391208445,-0.8341312621913419
637,13,1.8209234495188684,-0.956947470675348
637,14,1.97031746595727,-0.7048531324562038
637,15,1.8584884919024374,-0.6797201794629744
637,16,2.0391463682419855,-0.9131393397684551
637,17,1.9083853917629345,-0.8792881004745835
637,18,1.7405513144028868,-0.8686115029154275
637,19,1.8046665246475264,-0.8193226227093293
638,0,1.8381510828328484,-0.8630433676910525
638,1,1.8222375538347066,-1.1007784475280975
638,2,2.0468740327159742,-0.8256601885921124
638,3,1.9599308662653023,-0.8017311396910931
638,4,1.9249751071158823,-0.9488149684787625
638,5,1.8209563371556974,-0.6447567722423381
638,6,1.9083063216438512,-0.9778278696002377
638,7,1.7801703580326262,-1.0097173173514493
638,8,2.047413944607156,-0.7974040894425963
638,9,1.798994358109981,-0.9701694246637603
638,10,1.934514110498368,-0.7140991326266923
638,11,1.965019432363044,-0.8737054545086499
638,12,1.9686692421809275,-0.8355920023279872
638,13,1.8235570164240247,-0.9582668650820722
638,14,1.9728197130567628,-0.7064435454184869
638,15,1.8611048909289951,-0.68132524765266
638,16,2.0415661475535827,-0.914521658545111
638,17,1.9109346754725833,-0.8806995100323696
638,18,1.7432703880729916,-0.8700162489068094
638,19,1.807325005589089,-0.8207836034387096
639,0,1.8407722242865079,-0.8644641264749265
639,1,1.8222375538347066,-1.1007784475280975
639,2,2.049291690882832,-0.8271336223282462
639,3,1.9624361959967243,-0.8032226717079906
639,4,1.9275034457749995,-0.9501557978348777
639,5,1.8236110471395495,-0.6463968156679326
639,6,1.9083063216438512,-0.9778278696002377
639,7,1.7828402399115435,-1.0109799750366066
639,8,2.0498341284438273,-0.7989046700407774
639,9,1.801644029725039,-0.9714830499835791
639,10,1.937053875349354,-0.7156731050078295
639,11,1.96751409813378,-0.875124823990608
639,12,1.9711625583247836,-0.8370512869257694
639,13,1.8261879597159607,-0.9595849450811003
639,14,1.9753194667763607,-0.7080323736037485
639,15,1.863718682911529,-0.682928716513119
639,16,2.0439835162023523,-0.9159026002108565
639,17,1.9134814189306706,-0.8821095131812419
639,18,1.74598675257385,-0.8714195952690893
639,19,1.8099808375922917,-0.8222431284315311
640,0,1.8433907539642183,-0.8658834695764779
640,1,1.8222375538347066,-1.1007784475280975
640,2,2.051706940216459,-0.8286055880089718
640,3,1.9649390294009301,-0.804712717552461
640,4,1.9300292652815818,-0.9514952912332251
640,5,1.8262631116280903,-0.6480352247428
640,6,1.9083063216438512,-0.9778278696002377
640,7,1.7855074620541767,-1.0122413748621986
640,8,2.052251901020928,-0.8004037555916511
640,9,1.8042910608912117,-0.9727953662504227
640,10,1.939591109794228,-0.7172455092164914
640,11,1.970006278277451,-0.8765427792457624
640,12,1.9736533900482247,-0.8385091174454334
640,13,1.8288162820282532,-0.9609017119918317
640,14,1.9778167296183193,-0.7096196186024073
640,15,1.8663298704664475,-0.6845305876494253
640,16,2.0463984766080823,-0.9172821661480154
640,17,1.916025624686489,-0.8835181113326149
640,18,1.7487004106245454,-0.8728215434070185
640,19,1.8126340233156248,-0.8237011991487799
641,0,1.8460066744871302,-0.8673013984164704
641,1,1.8222375538347066,-1.1007784475280975
641,2,2.0541197831345226,-0.8300760871077283
641,3,1.9674393689832586,-0.8062012787160417
641,4,1.9325525681639768,-0.9528334500146387
641,5,1.828912533276039,-0.6496720011069892
641,6,1.9083063216438512,-0.9778278696002377
641,7,1.7881720271304176,-1.0135015180908877
641,8,2.0546672647586512,-0.8019013475958036
641,9,1.8069354542581804,-0.974106374777921
641,10,1.9421258163727644,-0.7188163468266562
641,11,1.9724959752887319,-0.8779593216934877
641,12,1.9761417398445758,-0.8399654953462693
641,13,1.8314419859918556,-0.9622171671323514
641,14,1.9803115040824013,-0.7112052820032971
641,15,1.8689384562075517,-0.6861308626650535
641,16,2.048811031188151,-0.9186603577375346
641,17,1.9185672952867914,-0.8849253058964969
641,18,1.7514113649414524,-0.8742220947239482
641,19,1.8152845654149299,-0.8251578170499861
642,0,1.8486199884737826,-0.8687179144142521
642,1,1.8222375538347066,-1.1007784475280975
642,2,2.0565302220522805,-0.8315451210964868
642,3,1.969937217246552,-0.807688356688784
642,4,1.9350733569480132,-0.9541702755186169
642,5,1.8315593147354692,-0.6513071463989151
642,6,1.910921258343139,-0.9789870565243677
642,7,1.7908286090751488,-1.0147716123989248
642,8,2.0570802220747786,-0.8033974475523259
642,9,1.809577212472985,-0.9754160768783946
642,10,1.944657997622207,-0.7203856194107336
642,11,1.974983191659812,-0.8793744527517442
642,12,1.9786276102046774,-0.8414204220861127
642,13,1.8340650742351,-0.9635313118194313
642,14,1.9828037926658784,-0.7127893653936686
642,15,1.8715444427460388,-0.6877295431618804
642,16,2.0512211823575273,-0.9200371763589853
642,17,1.9211064332757921,-0.8863310982814908
642,18,1.7541196182382388,-0.8756212506218318
642,19,1.8179324665434022,-0.8266129835932258
643,0,1.8512306985401057,-0.870133018987757
643,1,1.8249270332846979,-1.1017851221167176
643,2,2.0589382593825842,-0.8330126914457519
643,3,1.9724325766911588,-0.8091739529592543
643,4,1.9375916341570032,-0.9555057690833233
643,5,1.8342034586558118,-0.6529406622553596
643,6,1.9135257455613142,-0.9801626706885044
643,7,1.7934825436387276,-1.0160404410114918
643,8,2.0594907753846825,-0.8048920569588156
643,9,1.8122163381800283,-0.9767244738628568
643,10,1.9471876560772714,-0.7219533285395674
643,11,1.9774679298803972,-0.8807881738370795
643,12,1.9811110036168882,-0.8428738991213466
643,13,1.836680023427823,-0.9648551199259516
643,14,1.9852935978635338,-0.7143718703591907
643,15,1.8741478326905037,-0.6893266307401867
643,16,2.0536289325287753,-0.9214126233905642
643,17,1.923643041195171,-0.8877354898947963
643,18,1.7568251732258688,-0.8770190125012258
643,19,1.8205777293515935,-0.828066700235122
644,0,1.8538388072994225,-0.8715467135535061
644,1,1.8276066581816768,-1.1028098200355174
644,2,2.061343897535882,-0.8344787996245626
644,3,1.9749254498149367,-0.810658069014536
644,4,1.9401074023117446,-0.9568399320455883
644,5,1.8368449676838576,-0.6545725503114738
644,6,1.9161200563911123,-0.9813538065532678
644,7,1.796133833477745,-1.0173080051986876
644,8,2.0618989271013293,-0.8063851773113782
644,9,1.8148528340210777,-0.9780315670410141
644,10,1.9497147942701485,-0.7235194757824357
644,11,1.979950192437713,-0.8822004863646299
644,12,1.9835919225670875,-0.8443259279069031
644,13,1.8392923667194594,-0.9661776088049348
644,14,1.987780922167665,-0.7159527984839524
644,15,1.8767486286469421,-0.6909221269986587
644,16,2.0536289325287753,-0.9214126233905642
644,17,1.926177121584075,-0.8891384821422108
644,18,1.7595280326126057,-0.8784153817612911
644,19,1.823220356487414,-0.8295189684308465
645,0,1.8564443173624525,-0.8729589995266092
645,1,1.8302766550359768,-1.1038515635904262
645,2,2.0637471389202195,-0.835943447100495
645,3,1.9774158391132537,-0.8121407063402306
645,4,1.9426206639305237,-0.9581727657409103
645,5,1.8394838444637596,-0.6562028122007791
645,6,1.9187044613260105,-0.9825596066094553
645,7,1.7987824812461448,-1.018574306229345
645,8,2.064304679635281,-0.8078768101046285
645,9,1.817486702635268,-0.9793373577212683
645,10,1.952239414730506,-0.7250840627070535
645,11,1.9824299818165065,-0.8836113917481214
645,12,1.9860703695386777,-0.8457765098962643
645,13,1.8419021067249672,-0.9674987797801933
645,14,1.990265768068086,-0.7175321513504644
645,15,1.8793468332187537,-0.6925160335343897
645,16,2.0536289325287753,-0.9214126233905642
645,17,1.928708676979121,-0.8905400764281309
645,18,1.7622281991040143,-0.8798103597997947
645,19,1.8258603505961366,-0.8309697896341213
646,0,1.859047231337314,-0.8743698783207657
646,1,1.8329372514525317,-1.1049094265144677
646,2,2.066147985941244,-0.8374066353396624
646,3,1.9799037470789922,-0.8136218664204596
646,4,1.945131421529118,-0.9595042715034571
646,5,1.842120091637036,-0.6578314495551694
646,6,1.9212792273792123,-0.9837792587293658
646,7,1.8014284895952262,-1.019839345371033
646,8,2.066708035394698,-0.8093669568316926
646,9,1.8201179466591042,-0.9806418472107169
646,10,1.9547615199854915,-0.7266470908795739
646,11,1.9849073004990494,-0.8850208913998718
646,12,1.9885463470125866,-0.8472256465414643
646,13,1.8445092460566987,-0.9688186341742208
646,14,1.9927481380521301,-0.7191099305396605
646,15,1.8819424490067436,-0.6941083519428818
646,16,2.0536289325287753,-0.9214126233905642
646,17,1.9312377099143987,-0.8919402741555539
646,18,1.7649256754029639,-0.8812039480131111
646,19,1.8284977143203978,-0.8324191652972197
647,0,1.8616475518295263,-0.8757793513482669
647,1,1.8329372514525317,-1.1049094265144677
647,2,2.068546441002206,-0.8388683658067178
647,3,1.9823891762025503,-0.8151015507378658
647,4,1.9476396776207983,-0.9608344506660673
647,5,1.8447537118425728,-0.6594584640049121
647,6,1.9238446173451051,-0.9850119936642202
647,7,1.8040718611736457,-1.0211031238900568
647,8,2.0691089967853427,-0.8108556189842085
647,9,1.8227465687264646,-0.9819450368151553
647,10,1.9572811125597347,-0.7282085618645896
647,11,1.9873821509651401,-0.8864289867307917
647,12,1.99101985746727,-0.8486733392930902
647,13,1.847113787324403,-0.9701371733081926
647,14,1.995228034604652,-0.7206861376308992
647,15,1.8845354786091257,-0.6956990838180471
647,16,2.0536289325287753,-0.9214126233905642
647,17,1.9337642229214722,-0.8933390767260789
647,18,1.767620464209631,-0.8825961477962233
647,19,1.831132450300201,-0.8338670968709683
648,0,1.864245281442013,-0.8771874200199966
648,1,1.8329372514525317,-1.1049094265144677
648,2,2.0709425065039606,-0.8403286399648547
648,3,1.9848721289718452,-0.8165797607736145
648,4,1.9501454347163314,-0.9621633045602516
648,5,1.8473847077166266,-0.6610838571786506
648,6,1.926400889186241,-0.9862570826807311
648,7,1.8067125986274213,-1.0223656430514598
648,8,2.0715075662105793,-0.8123427980523288
648,9,1.825372571468602,-0.9832469278390776
648,10,1.9597981949753505,-0.7297684772251346
648,11,1.9898545356921062,-0.8878356791503859
648,12,1.9934909033787143,-0.850119589600284
648,13,1.8497157331352283,-0.9714543985019679
648,14,1.9977054602080306,-0.7222607742019652
648,15,1.8871259246215255,-0.6972882307522099
648,16,2.0536289325287753,-0.9214126233905642
648,17,1.9362882185293837,-0.8947364855399089
648,18,1.7703125682215015,-0.8839869605427247
648,19,1.83376456117292,-0.8353135858047479
649,0,1.8668404227751036,-0.8785940857454329
649,1,1.8329372514525317,-1.1049094265144677
649,2,2.073336184844972,-0.8417874592758091
649,3,1.9873526078723147,-0.8180564980073954
649,4,1.9526486953239826,-0.963490834516194
649,5,1.8500130818928266,-0.6627076307034048
649,6,1.9289482955307296,-0.9875138353299417
649,7,1.8093507045999335,-1.0236269041190251
649,8,2.073903746071378,-0.813828495524721
649,9,1.827995957514148,-0.9845475215856779
649,10,1.9623127697519405,-0.7313268385226857
649,11,1.9923244571548075,-0.8892409700667547
649,12,1.995959487220439,-0.8515643989107436
649,13,1.8523150860937252,-0.9727703110740903
649,14,2.0001804173421713,-0.7238338418290714
649,15,1.8897137896369816,-0.6988757943361079
649,16,2.0536289325287753,-0.9214126233905642
649,17,1.9388096992646553,-0.8961325019958514
649,18,1.7730019901333747,-0.8853763876448203
649,19,1.8363940495733,-0.8367586335464955
650,0,1.8694329784265373,-0.8799993499326495
650,1,1.8329372514525317,-1.1049094265144677
650,2,2.075727478421315,-0.8432448251998605
650,3,1.989830615386921,-0.819531763917424
650,4,1.9551494619495182,-0.9648170418627533
650,5,1.8526388370021782,-0.6643297862045736
650,6,1.9314870832665758,-0.9887815973415864
650,7,1.8119861817319292,-1.024886908355276
650,8,2.076297538766317,-0.8153127128885699
650,9,1.8306167294891145,-0.9858468193568519
650,10,1.9648248394065968,-0.7328836473171639
650,11,1.9947919178256377,-0.890644860886596
650,12,1.9984256114634986,-0.8530077686707246
650,13,1.8549118488018483,-0.9740849123417896
650,14,2.002652908484509,-0.72540534208686
650,15,1.8922990762459495,-0.7004617761588937
650,16,2.0536289325287753,-0.9214126233905642
650,17,1.9413286676512915,-0.8975271274913201
650,18,1.775688732637364,-0.8867644304933279
650,19,1.8390209181334616,-0.8382022415427052
651,0,1.8720229509914648,-0.8814032139883173
651,1,1.8329372514525317,-1.1049094265144677
651,2,2.0781163896266763,-0.8447007391958338
651,3,1.992306153996152,-0.8210055599804429
651,4,1.957647737096208,-0.9661419279274643
651,5,1.8552619756730648,-0.6659503253059363
651,6,1.934017493220968,-0.9900597486373974
651,7,1.8146190326615232,-1.0261456570214784
651,8,2.078688946691586,-0.8167954516295785
651,9,1.8332348900168969,-0.9871448224531979
651,10,1.9673344064539036,-0.7344389051669367
651,11,1.9972569201745274,-0.8920473530152057
651,12,2.0008892785764862,-0.8544497003250414
651,13,1.8575060238589598,-0.975398203620983
651,14,2.005122936110009,-0.7269752765484043
651,15,1.894881787036304,-0.7020461778081366
651,16,2.0536289325287753,-0.9214126233905642
651,17,1.9438451262107825,-0.8989203634223367
651,18,1.7783727984229019,-0.8881510904776798
651,19,1.8416451694829026,-0.8396444112384299
652,0,1.8746103430624512,-0.8828056793177057
652,1,1.8329372514525317,-1.1049094265144677
652,2,2.080502920852359,-0.8461552027211
652,3,1.9947792261780242,-0.8224778876717234
652,4,1.9601435232648279,-0.9674654940365394
652,5,1.8578825005312507,-0.6675692496296542
652,6,1.9365397599138434,-0.9913477014569865
652,7,1.8172492600242023,-1.0274031513776405
652,8,2.081077972240986,-0.8182767132319696
652,9,1.8358504417182764,-0.9884415321740182
652,10,1.9698414734059397,-0.7359926136288184
652,11,1.9997194666689462,-0.8934484478564797
652,12,2.003350491025535,-0.8558901953170691
652,13,1.8600976138618313,-0.9767101862262763
652,14,2.0075905026911722,-0.7285436467852102
652,15,1.8974619245933406,-0.7036290008698244
652,16,2.0536289325287753,-0.9214126233905642
652,17,1.9463590774621056,-0.9003122111835317
652,18,1.7810541901767403,-0.889536368985924
652,19,1.8442668062485015,-0.8410851440772831
653,0,1.8771951572294787,-0.8842067473246837
653,1,1.8329372514525317,-1.1049094265144677
653,2,2.0828870744872825,-0.8476082172315788
653,3,1.9972498344080851,-0.8239487484650668
653,4,1.9626368229536624,-0.9687877415148693
653,5,1.8605004141998838,-0.669186560796272
653,6,1.9390541113762403,-0.9926448985901607
653,7,1.8198768664528264,-1.0286593926825156
653,8,2.0834646178059337,-0.8197564991784876
653,9,1.8384633872114229,-0.9897369498173206
653,10,1.9723460427722819,-0.7375447742580729
653,11,2.002179559773906,-0.8948481468129155
653,12,2.005809251274321,-0.8573292550887447
653,13,1.8626866214046471,-0.9780208614709653
653,14,2.0100556106980347,-0.7301104543672179
653,15,1.9000394914997798,-0.7052102469283643
653,16,2.0536289325287753,-0.9214126233905642
653,17,1.9488705239217283,-0.9017026721681459
653,18,1.7837329105829554,-0.8909202674047257
653,19,1.846885831054519,-0.8425244415014397
654,0,1.8797773960799486,-0.8856064194117219
654,1,1.8329372514525317,-1.1049094265144677
654,2,2.085268852917987,-0.8490597841817389
654,3,1.9997179811594161,-0.8254181438328064
654,4,1.9651276386585068,-0.9701086716860253
654,5,1.8631157192994983,-0.6708022604247199
654,6,1.9415659578142406,-0.9939408033381953
654,7,1.8225018545776324,-1.0299143821936025
654,8,2.085848885775464,-0.8212348109503996
654,9,1.8410737291118973,-0.9910310766798195
654,10,1.9748481170600063,-0.7390953886084144
654,11,2.0046372019519616,-0.896246451285613
654,12,2.0082655617840657,-0.8587668810805683
654,13,1.8652730490790064,-0.9793302306670374
654,14,2.0125182625981726,-0.7316757008628033
654,15,1.9026144903357687,-0.7067899175665854
654,16,2.0536289325287753,-0.9214126233905642
654,17,1.9513794681036112,-0.9030917477680324
654,18,1.7864089623229487,-0.8923027871193685
654,19,1.8495022465226019,-0.8439623049516378
655,0,1.8823570621986845,-0.8870046969798934
655,1,1.8329372514525317,-1.1049094265144677
655,2,2.0876482585286356,-0.8505099050246004
655,3,2.0021836689026347,-0.8268860752458085
655,4,1.96761597287267,-0.9714282858722597
655,5,1.8657284184480172,-0.6724163501323147
655,6,1.944075301742205,-0.9952354169982923
655,7,1.8251242270262356,-1.031168121167147
655,8,2.085848885775464,-0.8212348109503996
655,9,1.8436814700326543,-0.992323914056937
655,10,1.9773476987736918,-0.7406444582320094
655,11,2.0070923956632156,-0.8976433626742764
655,12,2.0107194250135385,-0.860203074731605
655,13,1.8678568994739255,-0.9806382951251723
655,14,2.0149784608567023,-0.7332393878387796
655,15,1.9051869236788834,-0.7083680143657394
655,16,2.056107536207832,-0.9226496873115395
655,17,1.9538859125192096,-0.9044794393736569
655,18,1.7890823480754507,-0.893683929513756
655,19,1.8521160552717841,-0.8453987358671802
656,0,1.8849341581679349,-0.8884015814288753
656,1,1.8329372514525317,-1.1049094265144677
656,2,2.090025293701015,-0.8519585812117357
656,3,2.0046469001058966,-0.8283525441734736
656,4,1.9701018280869773,-0.9727465853945076
656,5,1.8683385142607547,-0.6740288315347619
656,6,1.9465821456719894,-0.9965287408663611
656,7,1.8277439864236336,-1.032420610858143
656,8,2.085848885775464,-0.8212348109503996
656,9,1.8462866125840454,-0.9936154632428046
656,10,1.9798447904154222,-0.7421919846794781
656,11,2.0095451433653198,-0.8990388823772153
656,12,2.0131708434190587,-0.8616378374794859
656,13,1.8704381751758414,-0.9819450561547439
656,14,2.0174362079362846,-0.7348015168603992
656,15,1.9077567941041325,-0.7099445389055027
656,16,2.0585755977227937,-0.9239016031650189
656,17,1.9563898596774771,-0.9058657483741004
656,18,1.7917530705165232,-0.895063695970413
656,19,1.854727259918491,-0.8468337356859356
657,0,1.8875086865673751,-0.8897970741569503
657,1,1.8329372514525317,-1.1049094265144677
657,2,2.09239996081454,-0.8534058141932711
657,3,2.007107677234899,-0.8298175520837386
657,4,1.972585206789772,-0.9740635715723881
657,5,1.8709460093504195,-0.6756397062461569
657,6,1.949086492112947,-0.9978207762370203
657,7,1.8303611353922082,-1.033671852520334
657,8,2.085848885775464,-0.8212348109503996
657,9,1.8488891593738206,-0.9949057255302644
657,10,1.9823328817851233,-0.7437484293022901
657,11,2.0119954475134763,-0.9004330117913464
657,12,2.0156198194544985,-0.8630711707604101
657,13,1.8730168787686137,-0.9832505150638212
657,14,2.019891506297127,-0.7363620894913546
657,15,1.9103241041839585,-0.7115194927639781
657,16,2.06103340206891,-0.9251675623934218
657,17,1.9588913120848672,-0.9072506761570593
657,18,1.794421132319562,-0.8964420878704873
657,19,1.857335863076541,-0.8482673058443402
658,0,1.8900806499741107,-0.8911911765610081
658,1,1.8329372514525317,-1.1049094265144677
658,2,2.0947722622462543,-0.8548516054178881
658,3,2.009566002752881,-0.831281100443078
658,4,1.9750661114669186,-0.9753792457242056
658,5,1.8735509063271167,-0.6772489758789868
658,6,1.9515883435719308,-0.9991115244035984
658,7,1.832975676551728,-1.0349218474062136
658,8,2.085848885775464,-0.8212348109503996
658,9,1.851489113007132,-0.9961947022108701
658,10,1.9848184936766347,-0.74530332286852
658,11,2.0144433105604422,-0.9018257523121945
658,12,2.018066355571285,-0.8645030760091456
658,13,1.875593012833527,-0.9845546731591699
658,14,2.022344358396986,-0.7379211072937806
658,15,1.9128888564882416,-0.7130928775176958
658,16,2.0634812300087058,-0.9264467984960315
658,17,1.961390272245336,-0.9086342241088479
658,18,1.7970865361552995,-0.8978191065937503
658,19,1.8599418673571486,-0.8496994477773991
659,0,1.8926500509626798,-0.8925838900365466
659,1,1.8356168784541167,-1.1059100259402062
659,2,2.097142200370835,-0.8562959563328252
659,3,2.01202187912063,-0.8327431907165052
659,4,1.9775445446018052,-0.9766936091669514
659,5,1.876153207798351,-0.6788566420441322
659,6,1.9540877025532968,-1.0004009866581356
659,7,1.8355876125193513,-1.0361705967670285
659,8,2.085848885775464,-0.8212348109503996
659,9,1.8540864760865357,-0.9974823945748889
659,10,1.987301628578056,-0.7468566669346176
659,11,2.0168887349565314,-0.9032171053338944
659,12,2.0205104542184036,-0.8659335546590308
659,13,1.8781665799492941,-0.9858575317462535
659,14,2.024794766691168,-0.7394785718282555
659,15,1.9154510535843012,-0.7146646947416155
659,16,2.0659193574279815,-0.9277385847399833
659,17,1.9638867426603452,-0.9100163936143988
659,18,1.7997492846918075,-0.8991947535185992
659,19,1.8625452753689262,-0.8511301629186879
660,0,1.895216892105055,-0.8939752159776733
660,1,1.8382866689388875,-1.106928678373696
660,2,2.0995097775605918,-0.857738868383879
660,3,2.0144753087964804,-0.8342038243675737
660,4,1.9800205086753457,-0.9780066632163044
660,5,1.8787529163690282,-0.6804627063508685
660,6,1.9565845715589056,-1.001689164291385
660,7,1.8381969459096286,-1.0374181018527777
660,8,2.085848885775464,-0.8212348109503996
660,9,1.8566812512119943,-0.9987688039113017
660,10,1.9897822889750079,-0.7484084630554819
660,11,2.0193317231496155,-0.9046070722491918
660,12,2.0229521178423995,-0.8673626081419764
660,13,1.8807375826920583,-0.9871590921292347
660,14,2.0272427336325345,-0.7410344846538028
660,15,1.9180106980368992,-0.7162349460091278
660,16,2.068348054803648,-0.9290422319972633
660,17,1.9663807258288644,-0.9113971860572652
660,18,1.8024093805944998,-0.900569030022058
660,19,1.8651460897178882,-0.8525594527003538
661,0,1.8977811759706469,-0.8953651557771067
661,1,1.8409468468557035,-1.1079644083009499
661,2,2.1018749961854715,-0.859180343015406
661,3,2.0169262942363178,-0.8356630028583794
661,4,1.9824940061659826,-0.979318409186633
661,5,1.8813500346414596,-0.6820671704068675
661,6,1.9590789530881259,-1.0029760585928136
661,7,1.840803679334505,-1.0386643639122153
661,8,2.085848885775464,-0.8212348109503996
661,9,1.8592734409808809,-1.0000539315078059
661,10,1.9922604773506336,-0.7499587127844624
661,11,2.021772277585128,-0.9059956544494447
661,12,2.0253913488873803,-0.8687902378884663
661,13,1.8833060236353958,-0.9884593556109769
661,14,2.029688261671503,-0.742588847327893
661,15,1.920567792408242,-0.7178036328920558
661,16,2.0707675867701076,-0.9303570867015325
661,17,1.9688722242473728,-0.9127766028196216
661,18,1.8050668265261354,-0.9019419374797787
661,19,1.867744313007452,-0.8539873185531173
662,0,1.9003429051263063,-0.8967537108261782
662,1,1.843597637447825,-1.1090162913383905
662,2,2.1042321381737805,-0.8606297262726301
662,3,2.0193748378935807,-0.8371207276495614
662,4,1.9849650395496894,-0.9806288483909963
662,5,1.8839445652153628,-0.6836700358181994
662,6,1.9615708496378357,-1.0042616708506038
662,7,1.8434078154033235,-1.0399093841928506
662,8,2.085848885775464,-0.8212348109503996
662,9,1.8618630479879796,-1.0013377786508153
662,10,1.9947361961856023,-0.7515074176733605
662,11,2.0242104007060666,-0.9073828533246255
662,12,2.0278281497950186,-0.8702164453275593
662,13,1.8858719053503186,-0.9897583234930448
662,14,2.032131353256049,-0.7441416614064444
662,15,1.9231223392579837,-0.7193707569606566
662,16,2.073178211772298,-0.931682528918708
662,17,1.971361240409863,-0.9141546452822656
662,18,1.8077157366202055,-0.9033248157879561
662,19,1.870339947838442,-0.8554137619062734
663,0,1.9029020821363265,-0.8981408825148325
663,1,1.846239266041084,-1.1100834514770495
663,2,2.10658693123142,-0.8620776651956557
663,3,2.021820942219264,-0.8385770002003036
663,4,1.9874336112999726,-0.9819379821411451
663,5,1.8865365106878655,-0.6852713041893341
663,6,1.9640602637024258,-1.005546002351655
663,7,1.8460093567228268,-1.0411531639409504
663,8,2.085848885775464,-0.8212348109503996
663,9,1.8644500748254895,-1.0026203466254622
663,10,1.997209447958111,-0.7530545792724314
663,11,2.0266460949529947,-0.9087686702633215
663,12,2.030262523004555,-0.8716412318868904
663,13,1.8884352304052765,-0.9910559970757068
663,14,2.03457201083171,-0.7456929284438255
663,15,1.9256743411432282,-0.7209363197836228
663,16,2.07558018179481,-0.933017970525395
663,17,1.9738477768078426,-0.9155313148246191
663,18,1.810362006961255,-0.9047063159983266
663,19,1.8729329968090909,-0.8568387841876934
664,0,1.9054587095624462,-0.8995266722316299
664,1,1.8488719570038112,-1.111165058471382
664,2,2.10893937771554,-0.8635241612338709
664,3,2.0242646096619206,-0.8400318219683363
664,4,1.9898944819611304,-0.9832556487016172
664,5,1.889125873653508,-0.6868709771231428
664,6,1.9665471977738025,-1.0068290543815839
664,7,1.84860830589716,-1.042395704401539
664,8,2.085848885775464,-0.8212348109503996
664,9,1.8670345240830273,-1.0039016367155982
664,10,1.9996802351438872,-0.7546001991303853
664,11,2.029079362764045,-0.910153106652737
664,12,2.0326944709527983,-0.8730645989926722
664,13,1.8909960013661609,-0.9923523776579354
664,14,2.0370102368415868,-0.7472426499928562
664,15,1.928223800618532,-0.7225003229280845
664,16,2.077973742157621,-0.9343628534894449
664,17,1.9763318359303368,-0.9169066128247295
664,18,1.8130056401982029,-0.9060864394937733
664,19,1.8755234625150432,-0.858262386823826
665,0,1.908012789963852,-0.9009110813637472
665,1,1.8514959328589435,-1.112260325366817
665,2,2.1112894799809423,-0.8649692158352197
665,3,2.026705842667664,-0.8414851944099374
665,4,1.99235290031153,-0.9845720021789058
665,5,1.8917126567042446,-0.6884690562208996
665,6,1.969031654341389,-1.008110828224727
665,7,1.8512046655278742,-1.043637006818401
665,8,2.088348986708195,-0.8225012872074206
665,9,1.869616398347629,-1.005181650203796
665,10,2.0021485602161913,-0.7561442787943893
665,11,2.0315102065749207,-0.911536163878694
665,12,2.0351239960741316,-0.8744865480696968
665,13,1.8935542207963056,-0.9936474665374087
665,14,2.0394460337263456,-0.7487908276048091
665,15,1.9307707202359063,-0.7240627679596103
665,16,2.080359131370022,-0.9357166482471194
665,17,1.9788134202638914,-0.9182805406592716
665,18,1.8156466389773287,-0.9074651876558012
665,19,1.8781113475493578,-0.8596845712396989
666,0,1.9105643258971807,-0.9022941112969795
666,1,1.8541114135308143,-1.1133685061600345
666,2,2.113637240380081,-0.8664128304462032
666,3,2.02914464368017,-0.8429371189799343
666,4,1.9948088688120507,-0.9858870438906822
666,5,1.894296862429448,-0.6900655430822833
666,6,1.9715136358921288,-1.0093913251641415
666,7,1.8537984382139276,-1.0448770724340815
666,8,2.090836482488429,-0.823786342046768
666,9,1.8721957002037535,-1.0064603883713505
666,10,2.0046144256458187,-0.7576868198100686
666,11,2.033933083857577,-0.9129275438995121
666,12,2.037551100800512,-0.8759070805413366
666,13,1.896109891256491,-0.9949412650105119
666,14,2.041879403924222,-0.7503374628294117
666,15,1.9333151025448203,-0.7256236564422093
666,16,2.0827365810352334,-0.9370788521715627
666,17,1.9812925322925747,-0.9196530997035484
666,18,1.8182850059422748,-0.9088425618645385
666,19,1.8806966545025103,-0.8611053388589199
667,0,1.9131133199165224,-0.9036757634157409
667,1,1.8567186157109725,-1.1144888935859258
667,2,2.1159826612630668,-0.8678550065118812
667,3,2.031581015140682,-0.8443875971317049
667,4,1.9972623899211195,-0.9872007751533043
667,5,1.8968784934159109,-0.6916604393053788
667,6,1.973993144910488,-1.0106705464816057
667,7,1.8563896265516895,-1.046115902489887
667,8,2.0933117099924274,-0.8250889526135584
667,9,1.8747724322332842,-1.00773785249828
667,10,2.0070778339011035,-0.7592278237215082
667,11,2.036353546700289,-0.9143175373856
667,12,2.0399757875614735,-0.8773261978295458
667,13,1.8986630153049457,-0.9962337743723388
667,14,2.044310349871021,-0.7518825572148473
667,15,1.9358569500922032,-0.7271829899383322
667,16,2.0851063157990373,-0.9384489881275047
667,17,1.9837691744979802,-0.9210242913314929
667,18,1.8209207437340493,-0.9102185634987381
667,19,1.8832793859623953,-0.8625246911036789
668,0,1.9156597745734227,-0.9050560391030666
668,1,1.8593177523290487,-1.1156208170252286
668,2,2.1183257449776685,-0.8692957454758732
668,3,2.0340149594880095,-0.845836630317179
668,4,1.9997134660947133,-0.9885131972818184
668,5,1.899457552247848,-0.6932537464866787
668,6,1.976465066811712,-1.0119583634859175
668,7,1.8589782331349418,-1.0473534982258876
668,8,2.095775004110212,-0.8264081507080854
668,9,1.8773465970155325,-1.009014043863327
668,10,2.00953878744792,-0.7607672920712547
668,11,2.0387715975259426,-0.9157061457283422
668,12,2.04239805878413,-0.8787439013548624
668,13,1.9012135954973493,-0.9975249959166924
668,14,2.0467388740001224,-0.7534261123077569
668,15,1.9383962654224467,-0.7287407700088735
668,16,2.087473689085317,-0.939817758721671
668,17,1.9862433493592293,-0.9223941169156693
668,18,1.8235538549910282,-0.911593193935779
668,19,1.8858595445143296,-0.8639426293947489
669,0,1.918203692416885,-0.9064349397406141
669,1,1.8619090321161844,-1.116763640526909
669,2,2.1206664938693147,-0.8707350487803602
669,3,2.0340149594880095,-0.845836630317179
669,4,2.002162099786362,-0.9898243115899604
669,5,1.9020340415069001,-0.6948454662210852
669,6,1.9789345253974961,-1.013244897157002
669,7,1.861564260554882,-1.048589860880918
669,8,2.098226696516065,-0.8277430197493609
669,9,1.8799181971272398,-1.0102889637439605
669,10,2.0119972887496846,-0.7623052264003173
669,11,2.041187238755009,-0.9170933703177372
669,12,2.0448179168931775,-0.8801601925364089
669,13,1.903761634386835,-0.9988149309360868
669,14,2.0491649787424815,-0.7549681296532407
669,15,1.940933051077408,-0.7302969982131725
669,16,2.0898387032638155,-0.9411851653242022
669,17,1.9887150593529734,-0.9237625778272743
669,18,1.8261843423489583,-0.9129664545516677
669,19,1.8884311506367695,-0.8653699864758898
670,0,1.9207450759933737,-0.907812466708664
670,1,1.8644926592498834,-1.117916760939499
670,2,2.123004910281098,-0.8721729178660865
670,3,2.0340149594880095,-0.845836630317179
670,4,2.0046082934471503,-0.991134119390157
670,5,1.9046079637721351,-0.6964356001019113
670,6,1.9814015231397706,-1.014530148782681
670,7,1.8641477114001266,-1.0498249916925786
670,8,2.1006671146278513,-0.8290926919042956
670,9,1.8824872351425805,-1.0115626134163767
670,10,2.0144533402673597,-0.7638416282481698
670,11,2.0436004728055472,-0.9184792125423981
670,12,2.047235364310896,-0.8815750727918942
670,13,1.9063071345239926,-1.000103580721748
670,14,2.0515886665266314,-0.7565086107948594
670,15,1.9434673095964123,-0.7318516761090152
670,16,2.0922013607019143,-0.9425512093038737
670,17,1.9911843069533965,-0.9251296754361387
670,18,1.8288122084409602,-0.9143383467210394
670,19,1.8910001940510766,-0.866795921138734
671,0,1.9232839278468161,-0.9091886213861222
671,1,1.8670688330703524,-1.119079606145756
671,2,2.125340996553775,-0.8736093541723603
671,3,2.0340149594880095,-0.845836630317179
671,4,2.0070520495257202,-0.9924426219935272
671,5,1.907179321620052,-0.6980241497208824
671,6,1.9814015231397706,-1.014530148782681
671,7,1.8667285882567122,-1.0510588918972361
671,8,2.1030965807331556,-0.8304563453753898
671,9,1.8850537136331642,-1.0128349941554997
671,10,2.0169069444594556,-0.765376499152752
671,11,2.046011302093207,-0.9198636737895544
671,12,2.0496504034571528,-0.8829885435376148
671,13,1.90885009845687,-1.001390946563616
671,14,2.0515886665266314,-0.7565086107948594
671,15,1.9459924219541678,-0.7334155477016833
671,16,2.094561663764636,-0.9439158920280969
671,17,1.9936510946322181,-0.9264954111107283
671,18,1.8314374558975304,-0.9157088718171594
671,19,1.8935666773288655,-0.8682204348106436
672,0,1.9258202505186055,-0.910563405150521
672,1,1.8696424404511824,-1.120241292900666
672,2,2.1276747550257706,-0.8750443591370558
672,3,2.0340149594880095,-0.845836630317179
672,4,2.0094933704682743,-0.9937498207098832
672,5,1.9097481176245825,-0.6996111166681385
672,6,1.9814015231397706,-1.014530148782681
672,7,1.8693068937080988,-1.0522915627300262
672,8,2.1055154112625907,-0.8318332018396997
672,9,1.8876176351680383,-1.0141061072349844
672,10,2.0193581037820323,-0.7669098406504711
672,11,2.048419729031231,-0.9212467554450531
672,12,2.052063036749405,-0.8844006061884564
672,13,1.9113905287309765,-1.002677029750345
672,14,2.0515886665266314,-0.7565086107948594
672,15,1.9485150179288317,-0.7349778608290335
672,16,2.0969196148146456,-0.9452792148629205
672,17,1.996115424858695,-0.9278597862181461
672,18,1.8340600873465442,-0.9170780312119249
672,19,1.896130603039189,-0.869643528917558
673,0,1.9283483591655703,-0.9119472604991775
673,1,1.8722134839685567,-1.121401822367079
673,2,2.1300061880331795,-0.8764779341966143
673,3,2.0340149594880095,-0.845836630317179
673,4,2.0119322587185766,-0.9950557168477322
673,5,1.9123143543570937,-0.7011965025322348
673,6,1.9814015231397706,-1.014530148782681
673,7,1.871882630335173,-1.0535230054248534
673,8,2.1079239161927217,-0.8332225240318315
673,9,1.8901790023136906,-1.0153759539272158
673,10,2.0218068206887025,-0.7684416542762035
673,11,2.0508257560304566,-0.9226284588933603
673,12,2.0544676125309835,-0.885820878528704
673,13,1.9139284278892854,-1.0039618315693055
673,14,2.0515886665266314,-0.7565086107948594
673,15,1.9510351000455253,-0.736538617054943
673,16,2.0992752162122548,-0.9466411791730321
673,17,1.998577300099624,-0.9292228021241329
673,18,1.8366801054132582,-0.9184458262758656
673,19,1.8986919737485388,-0.871065204883996
674,0,1.9308739484814867,-0.9133297367972341
674,1,1.8747819661960925,-1.122561195706686
674,2,2.132335297909768,-0.8779100807860459
674,3,2.0340149594880095,-0.845836630317179
674,4,2.014368716717957,-0.9963603117142776
674,5,1.9148780343863914,-0.7027803089001442
674,6,1.9814015231397706,-1.014530148782681
674,7,1.8744558007162495,-1.0547532212143933
674,8,2.1103223985629462,-0.8346236134637901
674,9,1.8927378176340524,-1.016644535503312
674,10,2.0242530976306345,-0.7699719415632962
674,11,2.0532293854993195,-0.9240087855175626
674,12,2.0568697920988552,-0.8872397355357041
674,13,1.9164637984722361,-1.0052453533065857
674,14,2.0515886665266314,-0.7565086107948594
674,15,1.9535526708268531,-0.7380978179417301
674,16,2.101628470315423,-0.9480017863217592
674,17,2.001036722819345,-0.9305844601930688
674,18,1.839297512720313,-0.9198122583781457
674,19,1.90125079202085,-0.8724854641330564
675,0,1.933397020994472,-0.9147108354285507
675,1,1.877347889704843,-1.123719414080021
675,2,2.1346620869869772,-0.8793408003389308
675,3,2.0340149594880095,-0.845836630317179
675,4,2.016802746905313,-0.9976636066154202
675,5,1.9174391602787215,-0.7043625373572585
675,6,1.9814015231397706,-1.014530148782681
675,7,1.8770264074270746,-1.055982211330093
675,8,2.1103223985629462,-0.8346236134637901
675,9,1.8952940836905001,-1.0179118532331244
675,10,2.0266969370565535,-0.7715007040435682
675,11,2.055630619843855,-0.9253877366993682
675,12,2.059269577857604,-0.8886571786297343
675,13,1.9189966430177372,-1.006527596246992
675,14,2.0515886665266314,-0.7565086107948594
675,15,1.9560677327929061,-0.7396554650501567
675,16,2.10397937947976,-0.9493610376710709
675,17,2.003493695479742,-0.931944761787975
675,18,1.841912311887736,-0.9211773288865652
675,19,1.9038070604175017,-0.8739043080864203
676,0,1.9359175792301244,-0.9160905577756085
676,1,1.8799112570633,-1.1248764786464618
676,2,2.136986557593926,-0.8807700942874206
676,3,2.0340149594880095,-0.845836630317179
676,4,2.01923435171711,-0.9989656028557593
676,5,1.919997734597774,-0.7059431894873899
676,6,1.9814015231397706,-1.014530148782681
676,7,1.879594453040828,-1.0572099770021726
676,8,2.1103223985629462,-0.8346236134637901
676,9,1.8978478030418586,-1.019177908385239
676,10,2.0291383414127457,-0.7730279432473123
676,11,2.0580294614677013,-0.9267653138191086
676,12,2.061666972209418,-0.8900732092296563
676,13,1.9215269640611685,-1.0078085616740506
676,14,2.0515886665266314,-0.7565086107948594
676,15,1.9560677327929061,-0.7396554650501567
676,16,2.106327946058528,-0.9507189345815792
676,17,2.005942744618227,-0.9333135521781885
676,18,1.844524505532944,-0.9225410391675609
676,19,1.9063607814973214,-0.8753217381643518
677,0,1.9384356257115252,-0.9174689052195111
677,1,1.8799112570633,-1.1248764786464618
677,2,2.1393087120574115,-0.8821979640622399
677,3,2.0340149594880095,-0.845836630317179
677,4,2.01923435171711,-0.9989656028557593
677,5,1.9225537599046836,-0.7075222668727726
677,6,1.9814015231397706,-1.014530148782681
677,7,1.882159940128126,-1.0584365194596268
677,8,2.1103223985629462,-0.8346236134637901
677,9,1.9003989782444037,-1.0204427022269784
677,10,2.031577313143059,-0.7745536607032963
677,11,2.0604259127721005,-0.92814151825574
677,12,2.064061977554091,-0.8914878287529181
677,13,1.924054764135384,-1.0090882508700094
677,14,2.0515886665266314,-0.7565086107948594
677,15,1.9560677327929061,-0.7396554650501567
677,16,2.1086741724026443,-0.9520754784125401
677,17,2.0083893532291395,-0.934680978540773
677,18,1.847134096270745,-0.9239033905862082
677,19,1.908911957816586,-0.8767377557856999
678,0,1.940951162959241,-0.9188458791399855
678,1,1.8799112570633,-1.1248764786464618
678,2,2.141628552701912,-0.883624411092688
678,3,2.0340149594880095,-0.845836630317179
678,4,2.01923435171711,-0.9989656028557593
678,5,1.9251072387580346,-0.7090997710940649
678,6,1.9814015231397706,-1.014530148782681
678,7,1.8847228712570234,-1.059661839930226
678,8,2.1103223985629462,-0.8346236134637901
678,9,1.902947611851864,-1.0217062360244025
678,10,2.0340138546889066,-0.776077857938765
678,11,2.0628199761559034,-0.9295163513868442
678,12,2.066454596289026,-0.8929010386155554
678,13,1.9265800457707138,-1.0103666651158385
678,14,2.0515886665266314,-0.7565086107948594
678,15,1.9560677327929061,-0.7396554650501567
678,16,2.111018060860684,-0.9534306705218556
678,17,2.0108335237615362,-0.936047042244524
678,18,1.849741086713342,-0.9252643845062222
678,19,1.911460591929026,-0.8781523623678995
679,0,1.9434641934913275,-0.9202214809153839
679,1,1.8799112570633,-1.1248764786464618
679,2,2.1439460818495912,-0.8850494368066394
679,3,2.0340149594880095,-0.845836630317179
679,4,2.01923435171711,-0.9989656028557593
679,5,1.9276581737138618,-0.7106757037303498
679,6,1.9814015231397706,-1.014530148782681
679,7,1.8872832489930171,-1.060885939640517
679,8,2.1103223985629462,-0.8346236134637901
679,9,1.9054937064154243,-1.02296851104231
679,10,2.0364479684892687,-0.7776005364794414
679,11,2.06521165401557,-0.9308898145886305
679,12,2.068844830809236,-0.8943128402321925
679,13,1.9291028114949675,-1.0116438056912318
679,14,2.0515886665266314,-0.7565086107948594
679,15,1.9560677327929061,-0.7396554650501567
679,16,2.113359613778882,-0.9547845122660741
679,17,2.0132752586620346,-0.9374117446568723
679,18,1.852345479470335,-0.9266240222899591
679,19,1.9140066863858263,-0.8795655593269733
680,0,1.9459747198233306,-0.9215957119226852
680,1,1.8799112570633,-1.1248764786464618
680,2,2.1439460818495912,-0.8850494368066394
680,3,2.0365121942175426,-0.8471676534069373
680,4,2.01923435171711,-0.9989656028557593
680,5,1.9302065673256537,-0.7122500663591376
680,6,1.9814015231397706,-1.014530148782681
680,7,1.8898410758990476,-1.062108819815825
680,8,2.1103223985629462,-0.8346236134637901
680,9,1.9080372644837278,-1.024229528544239
680,10,2.0388796569806957,-0.7791216978495281
680,11,2.0676009487451714,-0.9322619092359371
680,12,2.0712326835073487,-0.8957232350160443
680,13,1.9316230638334362,-1.0129196738746082
680,14,2.0515886665266314,-0.7565086107948594
680,15,1.9560677327929061,-0.7396554650501567
680,16,2.1156988335011344,-0.9561370050003926
680,17,2.0157145603748132,-0.9387750871438865
680,18,1.8549472771487236,-0.9279823052984177
680,19,1.91655024373563,-0.8809773480775328
681,0,1.9484827444682895,-0.9229685735374958
681,1,1.8799112570633,-1.1248764786464618
681,2,2.1439460818495912,-0.8850494368066394
681,3,2.0389986130260516,-0.8485128904083277
681,4,2.01923435171711,-0.9989656028557593
681,5,1.9327524221443546,-0.7138228605563667
681,6,1.9814015231397706,-1.014530148782681
681,7,1.892396354535502,-1.0633304816802542
681,8,2.1103223985629462,-0.8346236134637901
681,9,1.9105782886028786,-1.02548928979247
681,10,2.0413089225973104,-0.7806413435717091
681,11,2.0699878627363946,-0.933632636702232
681,12,2.073618156773607,-0.8971322243789174
681,13,1.9341408053088947,-1.0141942709431133
681,14,2.054123786760317,-0.7578517734169904
681,15,1.9560677327929061,-0.7396554650501567
681,16,2.1180357223690027,-0.9574881500786575
681,17,2.0181514313416162,-0.9401370710702738
681,18,1.85754648235291,-0.9293392348912407
681,19,1.919091266524541,-0.8823877300327799
682,0,1.9509882699367396,-0.9243400671340517
682,1,1.8799112570633,-1.1248764786464618
682,2,2.1439460818495912,-0.8850494368066394
682,3,2.041474528486572,-0.8498715440288731
682,4,2.01923435171711,-0.9989656028557593
682,5,1.9352957407183677,-0.7153940878964056
682,6,1.9839428380237873,-1.01565453934857
682,7,1.8949490874602168,-1.0645509264566893
682,8,2.1103223985629462,-0.8346236134637901
682,9,1.9131167813164445,-1.0267477960480245
682,10,2.04373576777081,-0.7821594751671513
682,11,2.0723723983785423,-0.9350019983596146
682,12,2.076001252995872,-0.8985398097312114
682,13,1.9366560384416045,-1.0154675981726196
682,14,2.0566458715608182,-0.75921330976996
682,15,1.9560677327929061,-0.7396554650501567
682,16,2.1203702827217152,-0.9588379488533665
682,17,2.0205858740017533,-0.9414976977993813
682,18,1.860143097684701,-0.9306948124267158
682,19,1.921629757296125,-0.8837967066045084
683,0,1.9534912987367141,-0.9257101940852192
683,1,1.8799112570633,-1.1248764786464618
683,2,2.1439460818495912,-0.8850494368066394
683,3,2.0439402468285968,-0.8512428593874882
683,4,2.01923435171711,-0.9989656028557593
683,5,1.9378365255935575,-0.7169637499520545
683,6,1.9864740491872659,-1.0167948181301396
683,7,1.8974992772284802,-1.0657701553667966
683,8,2.1103223985629462,-0.8346236134637901
683,9,1.9156527451654588,-1.0280050485706687
683,10,2.0461601949304686,-0.783676094155506
683,11,2.0747545580585376,-0.9363699955788175
683,12,2.0783819745596253,-0.8999459924819208
683,13,1.9391687657493168,-1.0167396568377292
683,14,2.059155292330006,-0.7605921805751273
683,15,1.9560677327929061,-0.7396554650501567
683,16,2.122702516896169,-0.9601864026756695
683,17,2.023017890792104,-0.9428569686931979
683,18,1.8627371257433114,-0.9320490392617776
683,19,1.9241657185914138,-0.8852042792031051
684,0,1.9559918333737476,-0.9270789557624967
684,1,1.8799112570633,-1.1248764786464618
684,2,2.1439460818495912,-0.8850494368066394
684,3,2.0463960674320556,-0.852626121642962
684,4,2.01923435171711,-0.9989656028557593
684,5,1.940374779313252,-0.7185318482945466
684,6,1.9889954102023983,-1.017950131994433
684,7,1.9000469263930346,-1.0669881696310257
684,8,2.1103223985629462,-0.8346236134637901
684,9,1.9181861826884241,-1.0292610486189138
684,10,2.0485822065031405,-0.7851912020549101
684,11,2.0771343441609242,-0.9377366297292071
684,12,2.0807603238479713,-0.9013507740386357
684,13,1.941678989747274,-1.0180104482117738
684,14,2.0616524163506,-0.7619874034513744
684,15,1.9560677327929061,-0.7396554650501567
684,16,2.122702516896169,-0.9601864026756695
684,17,2.0254474841471195,-0.944214885112355
684,18,1.8653285691253656,-0.9334019167520083
684,19,1.9266991529489075,-0.8866104492375516
685,0,1.9584898763508773,-0.9284463535360161
685,1,1.8799112570633,-1.1248764786464618
685,2,2.1439460818495912,-0.8850494368066394
685,3,2.0488422824257038,-0.8540206537583268
685,4,2.01923435171711,-0.9989656028557593
685,5,1.9429105044182455,-0.72009838449355
685,6,1.9915071726815308,-1.019119671882223
685,7,1.9025920375040795,-1.0682049704686098
685,8,2.1103223985629462,-0.8346236134637901
685,9,1.9207170964213138,-1.030515797450017
685,10,2.0510018049132617,-0.7867048003819883
685,11,2.0795117590678704,-0.9391019021787856
685,12,2.0831363032416403,-0.902754155807544
685,13,1.9441867129482127,-1.019279973566817
685,14,2.0641376056424128,-0.7633980496614032
685,15,1.9560677327929061,-0.7396554650501567
685,16,2.122702516896169,-0.9601864026756695
685,17,2.0278746564988253,-0.9455714484161282
685,18,1.8679174304249009,-0.9347534462516398
685,19,1.9292300629045762,-0.8880152181154255
686,0,1.9609854301686471,-0.9298123887745439
686,1,1.8799112570633,-1.1248764786464618
686,2,2.1439460818495912,-0.8850494368066394
686,3,2.0512791763768288,-0.8554258143938672
686,4,2.01923435171711,-0.9989656028557593
686,5,1.9454437034468017,-0.7216633601171689
686,6,1.994009585448446,-1.020302670442495
686,7,1.9051346131092735,-1.0694205590975678
686,8,2.1103223985629462,-0.8346236134637901
686,9,1.923240405394476,-1.031779498267845
686,10,2.053418992582852,-0.7882168906518539
686,11,2.0818868051591712,-0.9404658142941921
686,12,2.08550991511899,-0.9041561391934322
686,13,1.9466919378623664,-1.020548234173655
686,14,2.0666112160097123,-0.7648232410432434
686,15,1.9586908871593636,-0.7410168718448914
686,16,2.122702516896169,-0.9601864026756695
686,17,2.0302994102768235,-0.9469266599624387
686,18,1.87050371223337,-0.9361036291135544
686,19,1.9317584509918633,-0.8894185872429019
687,0,1.9634784973251085,-0.9311770628454826
687,1,1.8799112570633,-1.1248764786464618
687,2,2.1439460818495912,-0.8850494368066394
687,3,2.053707026060625,-0.8568409959217521
687,4,2.01923435171711,-0.9989656028557593
687,5,1.9479677025160627,-0.7232375324821121
687,6,1.9965028938375848,-1.0214983997934046
687,7,1.9076746557537372,-1.0706349367347052
687,8,2.1103223985629462,-0.8346236134637901
687,9,1.9257611998357278,-1.0330419397805046
687,10,2.0558337719315194,-0.7897274743781106
687,11,2.0842594848122498,-0.9418283674407039
687,12,2.0878811618560076,-0.9055567255996869
687,13,1.9491946669974676,-1.0218152313018176
687,14,2.0690735962565205,-0.7662621471181644
687,15,1.9613008898682998,-0.7423970944403886
687,16,2.122702516896169,-0.9601864026756695
687,17,2.032721747908295,-0.9482805211078548
687,18,1.8730874171396439,-0.9374524666892864
687,19,1.9342843197416877,-0.8908205580247546
688,0,1.9659690803158243,-0.9325403771148725
688,1,1.882544372100518,-1.1258565831041716
688,2,2.1439460818495912,-0.8850494368066394
688,3,2.056126100298888,-0.8582656225555271
688,4,2.021740975974416,-1.0001099703559007
688,5,1.9504891863130414,-0.7248101361174287
688,6,1.998987339106464,-1.022706169403978
688,7,1.9102121679800559,-1.0718481045956152
688,8,2.1103223985629462,-0.8346236134637901
688,9,1.9282794822683869,-1.0343031232517008
688,10,2.05824614537646,-0.7912365530728546
688,11,2.086629800402161,-0.943189562982238
688,12,2.090250045826314,-0.9069559164282966
688,13,1.9516949028587507,-1.0230809662195706
688,14,2.071525087549227,-0.7677139823662025
688,15,1.96389812728039,-0.7437950433926787
688,16,2.122702516896169,-0.9601864026756695
688,17,2.0351416718180015,-0.9496330332075926
688,18,1.8756685477300132,-0.9387999603290236
688,19,1.9368076716824463,-0.8922211318643577
689,0,1.9684571816338705,-0.9339023329473923
689,1,1.8851678335333577,-1.1268544604970097
689,2,2.1439460818495912,-0.8850494368066394
689,3,2.0585366598588455,-0.8596991485879811
689,4,2.0242374431886843,-1.0012698760723724
689,5,1.9530081573617453,-0.7263811725972966
689,6,2.001463157948107,-1.0239253240908537
689,7,1.9127471523282817,-1.07306006389468
689,8,2.1103223985629462,-0.8346236134637901
689,9,1.9307952552132566,-1.0355630499438797
689,10,2.0606561153324616,-0.7927441282466747
689,11,2.0889977543015927,-0.9445494022813525
689,12,2.0926165694011645,-0.9083537130798527
689,13,1.9541926479489542,-1.0243454401939156
689,14,2.0739660229081704,-0.7691780036606236
689,15,1.966482980874289,-0.7452096902814135
689,16,2.122702516896169,-0.9601864026756695
689,17,2.03755918442829,-0.9509841976155182
689,18,1.8782471065881925,-0.9401461113816083
689,19,1.9393285093400172,-0.893620310163687
690,0,1.9709428037698389,-0.9352629317063612
690,1,1.8877818544204048,-1.1278691662656581
690,2,2.1439460818495912,-0.8850494368066394
690,3,2.0609389574039705,-0.8611410567311839
690,4,2.026724010762663,-1.002444488626706
690,5,1.9555246181836672,-0.7279506434943248
690,6,2.0039305820916824,-1.0251552421244452
690,7,1.9152796113359365,-1.0742708158450718
690,8,2.1103223985629462,-0.8346236134637901
690,9,1.9307952552132566,-1.0355630499438797
690,10,2.0630636842119072,-0.7942502014086554
690,11,2.0913633488808694,-0.945907886699248
690,12,2.094980734949451,-0.9097501169535509
690,13,1.9566879047683232,-1.0256086544905922
690,14,2.0763967268118955,-0.7706535078528312
690,15,1.9690558260621105,-0.7466400641382366
690,16,2.122702516896169,-0.9601864026756695
690,17,2.039974288159092,-0.9523340156841484
690,18,1.8808230962953216,-0.9414909211945393
690,19,1.9418468352377611,-0.8950180943233215
691,0,1.9734259492118398,-0.93662217475374
691,1,1.890386649464537,-1.1288998045501923
691,2,2.146335884406787,-0.8863439408785684
691,3,2.06333886130177,-0.8625815281582823
691,4,2.0292009337424664,-1.003633019376987
691,5,1.9580385712977866,-0.7295185503795553
691,6,2.00638983798082,-1.0263953334390283
691,7,1.9178046751419757,-1.075490500655755
691,8,2.1103223985629462,-0.8346236134637901
691,9,1.9307952552132566,-1.0355630499438797
691,10,2.0654688544247755,-0.7957547740663774
691,11,2.0937265865079535,-0.9472650175957685
691,12,2.097342544837706,-0.9111451294471931
691,13,1.9591806758146124,-1.0268706103740795
691,14,2.078817514899602,-0.7721398294994619
691,15,1.9716170312118755,-0.7480852480842982
691,16,2.122702516896169,-0.9601864026756695
691,17,2.04238698542793,-0.9536824887646524
691,18,1.8833965194299689,-0.9428343911139723
691,19,1.944362651896525,-0.8964144857424443
692,0,1.9759066204455042,-0.9379800634501322
692,1,1.8929824338372214,-1.1299455256108006
692,2,2.1487152286653464,-0.8876519912392691
692,3,2.06573637395455,-0.8640205643111895
692,4,2.0316684640421343,-1.0048347201318384
692,5,1.9605500192205731,-0.7310848948224643
692,6,2.0088411465201728,-1.027645037941399
692,7,1.9203272226640518,-1.076708970022566
692,8,2.1103223985629462,-0.8346236134637901
692,9,1.9307952552132566,-1.0355630499438797
692,10,2.067871628378644,-0.7972578477259193
692,11,2.0960874695484484,-0.9486207963294035
692,12,2.0997020014301033,-0.9125387519571879
692,13,1.9616709635830882,-1.028131309107596
692,14,2.081228693758957,-0.7736363387236986
692,15,1.9741669568510496,-0.749544376166453
692,16,2.122702516896169,-0.9601864026756695
692,17,2.044797278649915,-0.9550296182068532
692,18,1.8859673785681335,-0.9441765224847221
692,19,1.9468759618346436,-0.8978094858188447
693,0,1.9783848199539864,-0.9393365991547857
693,1,1.8955694221649784,-1.1310055233809062
693,2,2.1510844043195956,-0.8889728531072647
693,3,2.0681314977622227,-0.8654581666303821
693,4,2.0341268497893723,-1.0060488809865358
693,5,1.9630589644659888,-0.7326496783909642
693,6,2.0112847228818334,-1.0289038239129285
693,7,1.922847256427237,-1.0779262251651942
693,8,2.1103223985629462,-0.8346236134637901
693,9,1.9307952552132566,-1.0355630499438797
693,10,2.070272008478692,-0.7987594238918594
693,11,2.0984460003656,-0.9499752242572889
693,12,2.1020591070884613,-0.9139309858785529
693,13,1.9641537243037948,-1.029400670786426
693,14,2.0836305607878747,-0.7751424392031308
693,15,1.9767059550282224,-0.7510166303817691
693,16,2.122702516896169,-0.9601864026756695
693,17,2.047205170237754,-0.9563754053592285
693,18,1.8885356762832477,-0.9455173166502635
693,19,1.9493867675679428,-0.8992030959489191
694,0,1.9808605502179666,-0.9406917832255942
694,1,1.8981478276599006,-1.1320790331475437
694,2,2.153443695661836,-0.8903058294774812
694,3,2.07052423512231,-0.8668943365549014
694,4,2.0365763347785317,-1.0072748282756723
694,5,1.96556540954549,-0.7342129026514048
694,6,2.0137207763641007,-1.0301711865000247
694,7,1.9253647789540878,-1.079142267302113
694,8,2.1103223985629462,-0.8346236134637901
694,9,1.9307952552132566,-1.0355630499438797
694,10,2.072669997127702,-0.8002595040672769
694,11,2.1008021813203004,-0.9513283027352082
694,12,2.104413864172245,-0.9153218326049157
694,13,1.9666340109103528,-1.0306687675243122
694,14,2.086023404120195,-0.7766575662768229
694,15,1.9792343688125924,-0.7525012378801704
694,16,2.122702516896169,-0.9601864026756695
694,17,2.0496106626017485,-0.9577198515689127
694,18,1.8911014151461802,-0.9468567749527328
694,19,1.9518950716097414,-0.9005953175276726
695,0,1.9833338137156533,-0.9420456170190982
695,1,1.9007178613779971,-1.1331653293537032
695,2,2.1557933811120558,-0.8916502590790572
695,3,2.072914588429944,-0.868329075522355
695,4,2.039017158018353,-1.0085119226368453
695,5,1.9680693569680308,-0.7357745691685753
695,6,2.016154402730475,-1.0314372863743357
695,7,1.9278797927646465,-1.0803570976505819
695,8,2.1103223985629462,-0.8346236134637901
695,9,1.9307952552132566,-1.0355630499438797
695,10,2.075065596726063,-0.8017580897537534
695,11,2.1031560147710886,-0.9526800331175944
695,12,2.1067662750385687,-0.9167112935285151
695,13,1.9691118258855318,-1.0319356005906208
695,14,2.0884075026063265,-0.7781811851645877
695,15,1.9817525319132527,-0.7539974683352993
695,16,2.1251119912945065,-0.9613854111064892
695,17,2.0520137581497986,-0.9590629581816977
695,18,1.893664597725238,-0.9481948987329291
695,19,1.9544008764708543,-0.9019861519487204
696,0,1.9858046129227855,-0.9433981018904866
696,1,1.903279731590812,-1.1342637235172892
696,2,2.158133732838026,-0.8930055144459468
696,3,2.0753025600778705,-0.8697623849689181
696,4,2.0414495533632957,-1.0097595571799194
696,5,1.9705708092400651,-0.7373346795057053
696,6,2.018585604417018,-1.0327021248032286
696,7,1.9303923003764445,-1.0815707174266471
696,8,2.1103223985629462,-0.8346236134637901
696,9,1.9307952552132566,-1.0355630499438797
696,10,2.077458809671773,-0.8032551824513747
696,11,2.105507503074154,-0.954030416757531
696,12,2.109116342042198,-0.9180993700402029
696,13,1.971587171709627,-1.033201171253453
696,14,2.0907892258662995,-0.779703286103552
696,15,1.9842607684023514,-0.7555046314740171
696,16,2.127511254490623,-0.9625988368767161
696,17,2.054414459287405,-0.9604047265420347
696,18,1.8962252265861694,-0.9495316893303155
696,19,1.9569041846595945,-0.9033756006042892
697,0,1.9882729503126357,-0.9447492391935981
697,1,1.9058336432572955,-1.1353735622613454
697,2,2.1604650164549186,-0.894371000094588
697,3,2.0776881524564517,-0.8711942663293347
697,4,2.043873749218479,-1.011017155756545
697,5,1.9730697688655492,-0.7388932352244668
697,6,2.0210143838573655,-1.033965703052808
697,7,1.9329023043045044,-1.0827831278451432
697,8,2.1103223985629462,-0.8346236134637901
697,9,1.9307952552132566,-1.0355630499438797
697,10,2.0798496383604403,-0.8047507836587322
697,11,2.1078566485833394,-0.9553794550067533
697,12,2.111464067535552,-0.9194860635294452
697,13,1.9740600508604618,-1.0344654807796463
697,14,2.0931685762842216,-0.7812238706173402
697,15,1.9867593925280447,-0.7570220747553192
697,16,2.129900571806673,-0.9638259154290882
697,17,2.0568127684176725,-0.961745157993035
697,18,1.8987833042921665,-0.9508671480830209
697,19,1.959404998681776,-0.9047636648852183
698,0,1.9907388283560121,-0.9460990302809226
698,1,1.9083797975842676,-1.1364942254502564
698,2,2.1627874907947398,-0.8957461508030689
698,3,2.080071367953668,-0.8726247210369195
698,4,2.0462899683093023,-1.0122841713247621
698,5,1.9755662383459438,-0.7404502378849757
698,6,2.023440743482728,-1.035228022387917
698,7,1.9354098070613426,-1.0839943301196944
698,8,2.1127876119921596,-0.8358976503202349
698,9,1.9307952552132566,-1.0355630499438797
698,10,2.0822380851852866,-0.8062448948729241
698,11,2.1102034536501413,-0.9567271492156498
698,12,2.1138094538687064,-0.9208713753843233
698,13,1.9765304658133909,-1.0357285304347756
698,14,2.095545556241825,-0.7827429402280591
698,15,1.9892487086048118,-0.7585491811898364
698,16,2.1322802050998186,-0.9650659209541546
698,17,2.0592086879413105,-0.9630842538764718
698,18,1.9013388334038674,-0.9522012763278406
698,19,1.9619033210407164,-0.9061503461809616
699,0,1.9932022495212611,-0.9474474765036022
699,1,1.910918391665052,-1.137625124426728
699,2,2.1651014077369197,-0.8971304299864026
699,3,2.0824522089551207,-0.8740537505235589
699,4,2.048698427507784,-1.0135600844036916
699,5,1.9780602201802175,-0.742005689045793
699,6,2.025864685721894,-1.0364890840721381
699,7,1.9379148111569717,-1.0852043254627153
699,8,2.115240686873287,-0.8371890414427559
699,9,1.9307952552132566,-1.0355630499438797
699,10,2.08462415253715,-0.807737517589557
699,11,2.112547920623714,-0.9580735007332639
699,12,2.1161525033893955,-0.9222553069915358
699,13,1.978998419041302,-1.036990321483155
699,14,2.097920168118469,-0.7842604964562988
699,15,1.9917290109701615,-0.7600853672914996
699,16,2.134650412144325,-0.966318164337082
699,17,2.0616022202566366,-0.9644220155327814
699,18,1.9038918164793595,-0.9535340754002384
699,19,1.9643991542372385,-0.9075356458795882
700,0,1.9956632162742696,-0.9487945792114328
700,1,1.9134496181869616,-1.1387657003444815
700,2,2.1674070120923257,-0.8985233281627214
700,3,2.0848306778440335,-0.8754813562197131
700,4,2.051099337708505,-1.0148444016134992
700,5,1.9805517168648488,-0.7435595902639269
700,6,2.0282862130012314,-1.0377488893677957
700,7,1.9404173190989036,-1.0864131150854122
700,8,2.117681950748557,-0.8384968372182047
700,9,1.9307952552132566,-1.0355630499438797
700,10,2.087007842804485,-0.809228653302748
700,11,2.114890051850871,-0.9594185109072947
700,12,2.118493218443014,-0.9236378597363997
700,13,1.9814639130146188,-1.0382508551878384
700,14,2.1002924142911423,-0.7857765408211345
700,15,1.9942068420183192,-0.7616200227720674
700,16,2.137011446115067,-0.9675819912140488
700,17,2.0639933677595796,-0.9657584443010646
700,18,1.9064422560741812,-0.9548655466343475
700,19,1.966892500769674,-0.9089195653677846
701,0,1.9981217310784676,-0.9501403397528658
701,1,1.9159736651993113,-1.139915422591743
701,2,2.169704541533808,-0.8999243615054044
701,3,2.087206777001256,-0.8769075395544167
701,4,2.0534978559394705,-1.0161274392886033
701,5,1.9830407308938278,-0.7451119430948342
701,6,2.030705327744692,-1.039007439535956
701,7,1.9429173333921508,-1.087620700197785
701,8,2.1201117281598005,-0.8398201382583269
701,9,1.9307952552132566,-1.0355630499438797
701,10,2.0893891583733692,-0.8107183035051252
701,11,2.1172298496760886,-0.9607621810840986
701,12,2.1208316013726196,-0.9250190350028515
701,13,1.983926950201303,-1.0395101328106215
701,14,2.1026622971344655,-0.7872910748401281
701,15,1.9966822042295964,-0.7631531491677316
701,16,2.1393635551607972,-0.9688567801330917
701,17,2.06638213284368,-0.9670935415190879
701,18,1.908990154741325,-0.9561956913629719
701,19,1.969383363133865,-0.9103021060308556
702,0,2.000577796394831,-0.9514847594750087
702,1,1.9184951974090168,-1.1410639993276355
702,2,2.171994226567145,-0.9013330704763726
702,3,2.089580508805266,-0.8783323019552806
702,4,2.0558939846016,-1.0174091987133258
702,5,1.9855272647586604,-0.7466627490924215
702,6,2.033122032373812,-1.040264735836429
702,7,1.9454148565392302,-1.0888270820086274
702,8,2.1225303396309494,-0.8411580926293635
702,9,1.9307952552132566,-1.0355630499438797
702,10,2.0917681016275016,-0.81220646968783
702,11,2.119567316441506,-0.9621045126086909
702,12,2.123167654518936,-0.9263988341734491
702,13,1.9863875330668574,-1.0407681556120423
702,14,2.105029819020694,-0.7888041000293297
702,15,1.9991551000818328,-0.7646847480131531
702,16,2.1417069820567236,-0.9701419408143495
702,17,2.0687685179000943,-0.9684273085232848
702,18,1.91153551503124,-0.9575245109175877
702,19,1.9718717438231674,-0.9116832692527257
703,0,2.0030314146818835,-0.9528278397236267
703,1,1.921014217340134,-1.1422114317018859
703,2,2.1742816303770662,-0.9027403759443071
703,3,2.0919518756321716,-0.8797556448484933
703,4,2.058287726093421,-1.0186896811707093
703,5,1.9880113209483692,-0.748212009809047
703,6,2.0355363293077153,-1.0415207795277694
703,7,1.947909891040165,-1.090032261725529
703,8,2.1249381008115154,-0.8425098932331722
703,9,1.9307952552132566,-1.0355630499438797
703,10,2.094144674948206,-0.8136931533405182
703,11,2.12190245448693,-0.9634455068247467
703,12,2.125501380220355,-0.9277772586293729
703,13,1.988845664074328,-1.0420249248513829
703,14,2.107394982319719,-0.7903156179032789
703,15,2.0016255320504,-0.766214820841464
703,16,2.1440419639270347,-0.9714369125047553
703,17,2.071152525317596,-0.9697597466487575
703,18,1.9140783394918344,-0.9588520066283447
703,19,1.9743576453284526,-0.9130630564159407
704,0,2.0054825883956995,-0.9541695818431448
704,1,1.9235307275142042,-1.143357720863075
704,2,2.176566755253266,-0.9041462793179224
704,3,2.094320879855713,-0.8811775696588225
704,4,2.0606790828110704,-1.019968887942518
704,5,1.990492901949497,-0.7497597267955224
704,6,2.037948220963115,-1.0427755718672784
704,7,1.9504024393924873,-1.0912362405548754
704,8,2.1273353217622626,-0.8438747753330552
704,9,1.9307952552132566,-1.0355630499438797
704,10,2.0965188807144357,-0.8151783559513616
704,11,2.124235266149836,-0.9647851650746027
704,12,2.127832780812938,-0.929154309750427
704,13,1.991301345684306,-1.0432804417866703
704,14,2.109757789399072,-0.7918256299750066
704,15,2.0040935026082023,-0.7677433691842686
704,16,2.146368732029003,-0.9727411624223663
704,17,2.0735341574825794,-0.9710908572292779
704,18,1.9166186306684778,-0.9601781798240673
704,19,1.9768410701381103,-0.9144414689016688
705,0,2.0079313199899063,-0.955509987176648
705,1,1.9260447304502568,-1.144502867958639
705,2,2.1788496034831555,-0.9055507820045288
705,3,2.0966875238472658,-0.8825980778096164
705,4,2.063068057148299,-1.0212468203092389
705,5,1.9929720102461088,-0.7513059016011139
705,6,2.040357709754317,-1.044029114111004
705,7,1.9528925040912402,-1.0924390197018512
705,8,2.1297223063662805,-0.8452520142174597
705,9,1.9307952552132566,-1.0355630499438797
705,10,2.098890721302772,-0.8166620790070493
705,11,2.126565753765371,-0.9661234886992579
705,12,2.1301618586304194,-0.9305299889150409
705,13,1.9937545803549315,-1.0445347076746787
705,14,2.1121182426239247,-0.7933341377560365
705,15,2.006559014225681,-0.7692703945716453
705,16,2.1486875115911666,-0.9740541842856699
705,17,2.07591341677906,-0.9724206415972889
705,18,1.9191563911040044,-0.9615030318322562
705,19,1.9793220207380513,-0.9158185080897022
706,0,2.0103776119156866,-0.9568490570658834
706,1,1.928556228664811,-1.145646874134872
706,2,2.1811301773518688,-0.9069538854100351
706,3,2.099051809975843,-0.884017170722805
706,4,2.0654546514964722,-1.0225234795500837
706,5,1.9954486483197946,-0.7528505357735439
706,6,2.0427647980932218,-1.0452814075137435
706,7,1.955380087628981,-1.093640600370439
706,8,2.132099351850459,-0.8466409229947736
706,9,1.9307952552132566,-1.0355630499438797
706,10,2.1012542553259954,-0.8181537834317953
706,11,2.128893919666355,-0.9674604790383756
706,12,2.1324886160042085,-0.9319042975002709
706,13,1.9962053705418943,-1.045787723770929
706,14,2.114476344357093,-0.7948411427563862
706,15,2.009022069370815,-0.7707958985321479
706,16,2.1509985216988947,-0.9753754969233761
706,17,2.078290305588679,-0.973749101083906
706,18,1.9216916233387147,-0.9628265639790895
706,19,1.9818004996117096,-0.9171941753584587
707,0,2.012821466621781,-0.9581867928512613
707,1,1.9310652246718791,-1.1467897405369247
707,2,2.1834084791422623,-0.908355590938949
707,3,2.1014137406080975,-0.8854348498189015
707,4,2.0678388682445736,-1.0237988669429896
707,5,1.9979228186496714,-0.7543936308589927
707,6,2.0451694883893277,-1.0465324533290439
707,7,1.9578651924957835,-1.0948409837634228
707,8,2.1344667484039768,-0.8480408505125558
707,9,1.9307952552132566,-1.0355630499438797
707,10,2.1036154340321342,-0.8196440013380979
707,11,2.131219766183285,-0.9687961374302846
707,12,2.134813055263392,-0.9332772368818012
707,13,1.998653718698438,-1.0470394913296919
707,14,2.116832096959039,-0.7963466464845693
707,15,2.011482670509126,-0.7723198825928076
707,16,2.1533019752213547,-0.9767046429603814
707,17,2.0806648262907044,-0.9750762370189183
707,18,1.9242243299103787,-0.9641487775894243
707,19,1.984276509240045,-0.9185684720849824
708,0,2.0152628865544906,-0.9595231958718565
708,1,1.9335717209829688,-1.1479314683088078
708,2,2.185684511134918,-0.9097558999943793
708,3,2.103773318108324,-0.8868511165170043
708,4,2.0702207097792065,-1.0250729837646204
708,5,2.000394523712386,-0.7559351884021001
708,6,2.0475717830497318,-1.047782252809203
708,7,1.9603478211792398,-1.096040171082387
708,8,2.1368247788818615,-0.8494511793946984
708,9,1.9307952552132566,-1.0355630499438797
708,10,2.1059742597847304,-0.8211327342176666
708,11,2.1335432956443348,-0.9701304652119801
708,12,2.1371351787347352,-0.9346488084339455
708,13,2.001099627275362,-1.0482900116039877
708,14,2.1191794751065576,-0.7978600409303591
708,15,2.0139408201036773,-0.7738423482791338
708,16,2.1556031340438366,-0.9780324649023475
708,17,2.0830369812620337,-0.9764020507307904
708,18,1.9267545133542383,-0.9654696739867976
708,19,1.9867500521015453,-0.9199413996449457
709,0,2.017701874157679,-0.9608582674654097
709,1,1.936075720107085,-1.1490720585933918
709,2,2.187958275608147,-0.9111548139780367
709,3,2.1061305448384617,-0.8882659722347976
709,4,2.072600178484596,-1.0263458312903684
709,5,2.002863765982118,-0.7574752099459666
709,6,2.0499716844791336,-1.0490308072052714
709,7,1.9603478211792398,-1.096040171082387
709,8,2.139173718582982,-0.8508713241902133
709,9,1.9307952552132566,-1.0355630499438797
709,10,2.1083307349449707,-0.8226199835607246
709,11,2.1358645103753604,-0.9714634637191255
709,12,2.1394549887426866,-0.9360190135296481
709,13,2.0035430987210225,-1.0495392858455885
709,14,2.121524514040773,-0.7993719272457166
709,15,2.0163965206150793,-0.7753632971151161
709,16,2.157902000469803,-0.9793589640784257
709,17,2.0854067728771963,-0.9777265435466631
709,18,1.9292821762030095,-0.9667892544934281
709,19,1.9892211306722296,-0.9213129594126505
710,0,2.020138431872775,-0.9621920089683289
710,1,1.9385772245507336,-1.1502115125324086
710,2,2.190229774837989,-0.9125523342902353
710,3,2.1084854231580974,-0.8896794183885536
710,4,2.0749772767425934,-1.0276174107943552
710,5,2.0053305479305807,-0.7590136970321555
710,6,2.052369195079837,-1.0502781177670533
710,7,1.9603478211792398,-1.096040171082387
710,8,2.1415138350929905,-0.852300729627558
710,9,1.9307952552132566,-1.0355630499438797
710,10,2.110684861871689,-0.8241057508560099
710,11,2.1381834126998998,-0.9727951342860537
710,12,2.1417724876093778,-0.9373878535404858
710,13,2.005984135481337,-1.0507873153050191
710,14,2.1238672161090717,-0.8008823069440415
710,15,2.018849774501491,-0.7768827306232259
710,16,2.160193531572421,-0.9806928471637911
710,17,2.087774203508356,-0.9790497167923549
710,18,1.9318073209868853,-0.9681075204302171
710,19,1.99168974742565,-0.9226831527610294
711,0,2.022572562138776,-0.9635244217156907
711,1,1.9410762368179226,-1.151349831266453
711,2,2.192499011098217,-0.9139484623298945
711,3,2.1108379554244663,-0.891091456393133
711,4,2.0773520069326756,-1.0288877235494334
711,5,2.007794872027026,-0.7605506512006937
711,6,2.0547643172517516,-1.051524185743108
711,7,1.9603478211792398,-1.096040171082387
711,8,2.1438453881837836,-0.853738868968647
711,9,1.9307952552132566,-1.0355630499438797
711,10,2.113036642921369,-0.825590037590777
711,11,2.140500004939176,-0.9741254782457682
711,12,2.1440876776546274,-0.9387553298366689
711,13,2.008422739999786,-1.0520341012315582
711,14,2.1262075836565004,-0.8023911815372253
711,15,2.021300584218621,-0.7784006503244175
711,16,2.1624827791609373,-0.982025401032707
711,17,2.0901392755253134,-0.9803715717923634
711,18,1.934329950233538,-0.9694244731167501
711,19,1.9941559048328943,-0.9240519810616473
712,0,2.0250042673922475,-0.9648555070412416
712,1,1.943572759410166,-1.1524870159349827
712,2,2.1947659866603395,-0.9153431994945397
712,3,2.1131881439924554,-0.8925020876619875
712,4,2.0797243714319507,-1.030156770827187
712,5,2.0102567407382437,-0.7620860739900738
712,6,2.0571570533923977,-1.0527690123807503
712,7,1.9603478211792398,-1.096040171082387
712,8,2.1461686297619793,-0.8551852424569456
712,9,1.9307952552132566,-1.0355630499438797
712,10,2.115386080448146,-0.8270728452507984
712,11,2.1428092001378203,-0.9754633200970599
712,12,2.1464005611959434,-0.9401214437870422
712,13,2.0108589147174145,-1.0532796448732396
712,14,2.1285456190257697,-0.8038985525356531
712,15,2.023748952219733,-0.7799170577381301
712,16,2.16476974552689,-0.983356627019061
712,17,2.0925019912955074,-0.9816921098698671
712,18,1.9368446948913247,-0.9707503523484208
712,19,1.9966196053625882,-0.9254194456847028
713,0,2.0274335500673297,-0.9661852662773991
713,1,1.9460667948264851,-1.153623067676321
713,2,2.1970307037936005,-0.9167365471803043
713,3,2.115535991214606,-0.8939113136071601
713,4,2.0820894791543365,-1.0314336596181097
713,5,2.0127161565285676,-0.7636199669372556
713,6,2.0595474058969065,-1.0540125989260531
713,7,1.9603478211792398,-1.096040171082387
713,8,2.148483803859748,-0.8566393758542957
713,9,1.9334098103653063,-1.0365949706506137
713,10,2.1177331768038083,-0.828554175320366
713,11,2.1451160942035825,-0.9767998287774369
713,12,2.148711140548524,-0.9414861967590874
713,13,2.0132926620728364,-1.0545239474768537
713,14,2.1308813245572553,-0.8054044214482046
713,15,2.026194880955646,-0.7814319543822891
713,16,2.167054432959535,-0.9846865264554118
713,17,2.0948623531840194,-0.9830113323467257
713,18,1.9393569335379315,-0.9720749103055171
713,19,1.9990808514808986,-0.9267855479990291
714,0,2.029860412595737,-0.9675137007552537
714,1,1.9485583455634123,-1.1547579876276568
714,2,2.1992931647649843,-0.9181285067819306
714,3,2.117881499441115,-0.8953191356392876
714,4,2.0844522300303354,-1.0327092759804217
714,5,2.0151731218598754,-0.7651523315776675
714,6,2.0619305762780047,-1.0552641313790043
714,7,1.9603478211792398,-1.096040171082387
714,8,2.1507966710943824,-0.8580920603382663
714,9,1.936013543821958,-1.0376465270702564
714,10,2.120077934337803,-0.8300340292822928
714,11,2.1474206894456653,-0.9781350056247455
714,12,2.1510194180252618,-0.9428495901189234
714,13,2.0157239845022348,-1.055767010287949
714,14,2.1332147025890005,-0.8069087897822561
714,15,2.0286383728747364,-0.7829453417733073
714,16,2.169336843745847,-0.9860151006729898
714,17,2.0972203635535736,-0.9843292405434821
714,18,1.941866668688112,-0.9733981483139228
714,19,2.0015396456515355,-0.9281502893720961
715,0,2.032284857406761,-0.9688408118045695
715,1,1.951047414114992,-1.155891776925046
715,2,2.2015533718392164,-0.9195190796927715
715,3,2.1202246710198387,-0.896725555167601
715,4,2.0868126264250635,-1.0339836211910163
715,5,2.0176276391915917,-0.7666831694452079
715,6,2.0643113718047665,-1.0565144166667102
715,7,1.9603478211792398,-1.096040171082387
715,8,2.1531072337810655,-0.8595432973629961
715,9,1.9386066975271297,-1.0387166685064726
715,10,2.1224203553972334,-0.8315124086179138
715,11,2.1497229881709714,-0.9794688519754993
715,12,2.1533253959367444,-0.9442116252313084
715,13,2.018152884439366,-1.0570088345508324
715,14,2.135545755456719,-0.8084116590436818
715,15,2.0310794304229423,-0.7844572214260871
715,16,2.171616980170521,-0.9873423510016993
715,17,2.0995760247645405,-0.9856458357793639
715,18,1.9443739028541136,-0.9747200676982004
715,19,2.0039959903357536,-0.9295136711700113
716,0,2.0347068869272733,-0.970166600753786
716,1,1.9535340029727843,-1.157024436703413
716,2,2.2038113272787663,-0.9209082673047919
716,3,2.122565508296294,-0.8981305735999278
716,4,2.0891706707012796,-1.035256696525514
716,5,2.0200797109806903,-0.768212482072247
716,6,2.0666897948603706,-1.0577634560407074
716,7,1.9603478211792398,-1.096040171082387
716,8,2.155415494232672,-0.8609930883811745
716,9,1.9411895163685653,-1.0398043990495474
716,10,2.124760442326866,-0.8329893148070883
716,11,2.152022992684104,-0.9808013691648796
716,12,2.1556290765912585,-0.9455723034596407
716,13,2.020579364315561,-1.058249421508571
716,14,2.137874485493797,-0.8099130307368553
716,15,2.0335180560437647,-0.7859675948540215
716,16,2.173894844515976,-0.9886682787701191
716,17,2.10192933917494,-0.9869611193722841
716,18,1.94687863854568,-0.9760406697815925
716,19,2.006449887992357,-0.9308756947575211
717,0,2.0371265035817276,-0.9714910689300194
717,1,1.956018114625867,-1.1581559680965512
717,2,2.20606703334385,-0.92229607100857
717,3,2.124904013613662,-0.8995341923426927
717,4,2.0915263652193885,-1.036528503258265
717,5,2.022529339681698,-0.7697402709896283
717,6,2.0690658478256205,-1.0590112507512859
717,7,1.9603478211792398,-1.096040171082387
717,8,2.157721454759774,-0.8624414348440439
717,9,1.9437622466799254,-1.0409087746490389
717,10,2.12709819746913,-0.8344647493282009
717,11,2.154320705287369,-0.9821325585267374
717,12,2.1579304622947904,-0.9469316261659607
717,13,2.0230034265597285,-1.0594887724029936
717,14,2.1402008950312963,-0.8114129063646511
717,15,2.03595425217827,-0.7874764635689957
717,16,2.176170439062356,-0.9899928853055041
717,17,2.1042803091404414,-0.988275092638843
717,18,1.9493808782700541,-0.9773599558860232
717,19,2.0089013410776992,-0.9322363614980125
718,0,2.039543709792163,-0.9728142176590634
718,1,1.9584997515608384,-1.1592863722371245
718,2,2.208320492292431,-0.9236824921932987
718,3,2.127240189312788,-0.9009364128009196
718,4,2.0938797123374426,-1.0377990426623487
718,5,2.0249765277466953,-0.77126653772667
718,6,2.071439533078948,-1.060257802047489
718,7,1.9603478211792398,-1.096040171082387
718,8,2.160025117670639,-0.8638883382014005
718,9,1.94632513494629,-1.042028900335467
718,10,2.129433623164121,-0.835938713658163
718,11,2.1566161282807803,-0.9834624213935947
718,12,2.1602295553510293,-0.9482895947109518
718,13,2.0254250735983574,-1.0607268884746919
718,14,2.1425249863979543,-0.8129112874284462
718,15,2.0383880212650936,-0.7889838290813889
718,16,2.1784437660875344,-0.991316171933787
718,17,2.106628937014368,-0.9895877568943289
718,18,1.9518806245319804,-0.9786779273320991
718,19,2.0113503520456875,-0.9335956727535142
719,0,2.041958507978205,-0.9741360482653912
719,1,1.9609789162618194,-1.1604156502566687
719,2,2.2105664508123177,-0.92507603844147
719,3,2.1295740377321866,-0.9023372363782325
719,4,2.096230714411145,-1.0390683160095764
719,5,2.02742127762532,-0.7727912838111666
719,6,2.073810852996414,-1.061503111177116
719,7,1.9603478211792398,-1.096040171082387
719,8,2.162326485271237,-0.8653337999015961
719,9,1.9488784266904233,-1.0431639275858386
719,10,2.1317667217496017,-0.8374112092724143
719,11,2.1589092639620575,-0.9847909590966455
719,12,2.1625263580613696,-0.9496462104539416
719,13,2.027844307855519,-1.0619637709630212
719,14,2.144846761920189,-0.8144081754281215
719,15,2.04081936574044,-0.7904896929000753
719,16,2.1807148278671127,-0.9926381399795787
719,17,2.108975225147699,-0.9908991134527201
719,18,1.9543778798337073,-0.9799945854391109
719,19,2.013791465231157,-0.9349634172918336
720,0,2.044370900557069,-0.9754565620721567
720,1,1.9634556112104564,-1.1615438032855923
720,2,2.2128101712337864,-0.9264681960203377
720,3,2.1319000972424074,-0.9037457277259504
720,4,2.098579373793851,-1.040336324570492
720,5,2.029863591764769,-0.7743145107693904
720,6,2.076179809951712,-1.0627471793867227
720,7,1.9603478211792398,-1.096040171082387
720,8,2.1646255598652386,-0.866777821391539
720,9,1.951422365519484,-1.044313051827496
720,10,2.1340974955610066,-0.8388822376449244
720,11,2.161200114626632,-0.9861181729657573
720,12,2.1648156893706387,-0.9510102122932581
720,13,2.0302611317528685,-1.063199421106102
720,14,2.1471662239221,-0.8159035718620634
720,15,2.043248288038088,-0.7919940565324262
720,16,2.1829836266744262,-0.9939587907661708
720,17,2.1113191758890713,-0.9922091636266858
720,18,1.9568726466749897,-0.9813099315250347
720,19,2.016230145801996,-0.9363297988473163
721,0,2.0467756853164563,-0.976785224307403
721,1,1.9659298388859234,-1.1626708324531774
721,2,2.215051655802803,-0.9278589663234529
721,3,2.13422383881236,-0.9051528154987389
721,4,2.1009256928365705,-1.0416030696143732
721,5,2.032303472609801,-0.7758362201260931
721,6,2.0785464063161707,-1.0639900079216222
721,7,1.9603478211792398,-1.096040171082387
721,8,2.16692234375402,-0.8682204041166964
721,9,1.9539571923139838,-1.045475510074581
721,10,2.136425946931442,-0.8403518002481941
721,11,2.163488682567648,-0.9874440643294726
721,12,2.1671027393475746,-0.952372854896589
721,13,2.0326755477096494,-1.0644338401408213
721,14,2.1494833747254707,-0.8173974782271652
721,15,2.0456747905893904,-0.793496921484311
721,16,2.185250164780545,-0.9952781256155359
721,17,2.113660791584781,-0.9935179087275875
721,18,1.959364927553092,-0.9826239669065331
721,19,2.0186663961993263,-0.9376948187877113
722,0,2.049178073673059,-0.9781125625115205
722,1,1.9683972085249235,-1.1638063341456386
722,2,2.217290906763096,-0.929248350742978
722,3,2.1365452647681114,-0.9065585011050944
722,4,2.1032696738879717,-1.0428685524092332
722,5,2.034740922602739,-0.7773564134045072
722,6,2.080910644458755,-1.0652315980258875
722,7,1.9603478211792398,-1.096040171082387
722,8,2.1692168392366638,-0.869661549521095
722,9,1.9564831445426916,-1.046650578691316
722,10,2.138752078191691,-0.841819898553257
722,11,2.1657749700759634,-0.9887686345150098
722,12,2.1693875102815166,-0.9537341396279408
722,13,2.0350875581426946,-1.0656670293028339
722,14,2.1517982166497718,-0.8188898960188287
722,15,2.048098875823279,-0.794998289260099
722,16,2.1875144444542762,-0.9965961458483293
722,17,2.1160000745787886,-0.9948253500654805
722,18,1.9618547249627896,-0.983936692898957
722,19,2.0211002188618368,-0.9390584784794052
723,0,2.051578068031671,-0.9794385780131759
723,1,1.9708621193992313,-1.1649407042964672
723,2,2.219527926356158,-0.9306363506696881
723,3,2.1388643774334115,-0.9079627859521093
723,4,2.1056113192943817,-1.0441327742218214
723,5,2.037175944183473,-0.7788750921263478
723,6,2.08327252674607,-1.0664719509423513
723,7,1.9603478211792398,-1.096040171082387
723,8,2.171509048609962,-0.8711012590473226
723,9,1.9590004556888962,-1.047837571276277
723,10,2.1410758916702126,-0.843286534029681
723,11,2.168058979440155,-0.9900918848482652
723,12,2.1716700044595227,-0.9550940678499611
723,13,2.0374971654664287,-1.0668989898265633
723,14,2.154110752012162,-0.8203808267309654
723,15,2.050520546166266,-0.7964981613626607
723,16,2.1897764679621656,-0.9979128527838909
723,17,2.1183320062267077,-0.9961404322629126
723,18,1.9643420413963721,-0.9852481108163463
723,19,2.0235316162257866,-0.9404207792874224
724,0,2.0539756707946886,-0.9807632721397122
724,1,1.973324573976225,-1.1660739440411692
724,2,2.2217627168212473,-0.9320229674929726
724,3,2.1411811791296946,-0.9093656714454743
724,4,2.10795063139979,-1.045395736317625
724,5,2.0396085397894623,-0.7803922578118136
724,6,2.0856320555423618,-1.067711067912608
724,7,1.9603478211792398,-1.096040171082387
724,8,2.1737989741684194,-0.87253953413653
724,9,1.9615093547749827,-1.0490358366618888
724,10,2.1433973896931464,-0.8447517081455695
724,11,2.168058979440155,-0.9900918848482652
724,12,2.173950224166372,-0.9564526409239392
724,13,2.039904372092871,-1.0681297229452031
724,14,2.1564209831274916,-0.8218702718559985
724,15,2.0529398040424454,-0.7979965392933698
724,16,2.192036237568501,-0.9992282477402453
724,17,2.120661614091988,-0.9974542039737436
724,18,1.9668268793436459,-0.9865582219714317
724,19,2.0259605907250067,-0.9417817225754276
725,0,2.0563708843621145,-0.9820866462171493
725,1,1.9757845747208245,-1.167206054514118
725,2,2.2239952803953917,-0.9334082026008363
725,3,2.143495672176081,-0.9107671589894791
725,4,2.11028761254585,-1.0466574399608704
725,5,2.0420387118557373,-0.7819079119795892
725,6,2.0879892332095213,-1.0689489501770153
725,7,1.9603478211792398,-1.096040171082387
725,8,2.176086618204253,-0.8739763762284318
725,9,1.9640100659736606,-1.050244757023458
725,10,2.145716574584314,-0.8462154223675635
725,11,2.168058979440155,-0.9900918848482652
725,12,2.1762281716845666,-0.9578098602098082
725,13,2.042309180431638,-1.0693592298907184
725,14,2.1587289123083044,-0.823358232884864
725,15,2.0553566518734963,-0.7994934245521038
725,16,2.1942937555353144,-1.0005423320341045
725,17,2.122988900506569,-0.9987666665130603
725,18,1.969309241291936,-0.9878670276756356
725,19,2.028387144790903,-0.9431413097057263
726,0,2.05876371113156,-0.983408701570186
726,1,1.9782421240954924,-1.168337036848558
726,2,2.2262256193133894,-0.934792057379901
726,3,2.145807858889381,-0.9121672499870142
726,4,2.1126222650718827,-1.0479178864145242
726,5,2.0444664628149027,-0.7834220561468457
726,6,2.0903440621070857,-1.0701855989746942
726,7,1.9603478211792398,-1.096040171082387
726,8,2.1783719830073967,-0.8754117867613085
726,9,1.9665028082954306,-1.0514637460921983
726,10,2.148033448665222,-0.8476776781608422
726,11,2.168058979440155,-0.9900918848482652
726,12,2.178503849294334,-0.9591657270661458
726,13,2.0447115928899446,-1.070587511893847
726,14,2.1610345418648396,-0.8248447113070124
726,15,2.0577649937645326,-0.8009986203234896
726,16,2.196549024122383,-1.0018551069808679
726,17,2.1253138678000667,-1.000077821194639
726,18,1.971789129726089,-0.9891745292390739
726,19,2.030811280852459,-0.9444995420392664
727,0,2.061154153498247,-0.9847294395222012
727,1,1.9806972245602383,-1.1694668921766032
727,2,2.228453735807812,-0.9361745332154066
727,3,2.1481177415840955,-0.9135659458395718
727,4,2.114954591314877,-1.0491770769402946
727,5,2.0468917950971397,-0.7849346918292429
727,6,2.0926965445922407,-1.0714210155435313
727,7,1.9603478211792398,-1.096040171082387
727,8,2.180655070865503,-0.8768457671720074
727,9,1.9689877953429926,-1.0526922474668536
727,10,2.150348014255064,-0.849138476989125
727,11,2.168058979440155,-0.9900918848482652
727,12,2.1807772592736296,-0.9605202428501761
727,13,2.0471116118726083,-1.0718145701841002
727,14,2.1633378741050344,-0.8263297086104101
727,15,2.0601709356857714,-0.8025023161316003
727,16,2.198802045587233,-1.0031665738946245
727,17,2.127636518299776,-1.0013876693309467
727,18,1.974266547128476,-0.990480727970557
727,19,2.0332330013362365,-0.94585642093564
728,0,2.063542213855011,-0.9860488613952547
728,1,1.9831498785726203,-1.1705956216292401
728,2,2.2306796321090063,-0.9375556314912126
728,3,2.1504253225724193,-0.9149632479472481
728,4,2.117284593609494,-1.0504350127986324
728,5,2.049314711130208,-0.7864458205409307
728,6,2.0950466830198238,-1.07265520112018
728,7,1.9603478211792398,-1.096040171082387
728,8,2.1829358840639452,-0.8782783188959442
728,9,1.9714652351243027,-1.0539297330187145
728,10,2.1526602736707217,-0.8505978203146731
728,11,2.168058979440155,-0.9900918848482652
728,12,2.1830484038981393,-0.9618734089177708
728,13,2.0495092397820507,-1.0730404059897647
728,14,2.165638911334527,-0.8278132262815407
728,15,2.062574480045563,-0.8040045134816369
728,16,2.2010528221851406,-1.0044767340881542
728,17,2.1299568543306715,-1.0026962122331426
728,18,1.9767414959789942,-0.991785625177591
728,19,2.0356523086663803,-0.9472119477530843
729,0,2.0659278945923023,-0.9873669685100892
729,1,1.9856000885877472,-1.171723226336328
729,2,2.2329033104450966,-0.9389353535897998
729,3,2.152730604164243,-0.9163591577087439
729,4,2.1196122742880683,-1.0516916952487327
729,5,2.0517352133394486,-0.7879554437945503
729,6,2.097394479742326,-1.0738881569400611
729,7,1.9603478211792398,-1.096040171082387
729,8,2.1852144248858196,-0.8797094433671048
729,9,1.9739402067756422,-1.0551659857352902
729,10,2.154970229226769,-0.8520557095982906
729,11,2.168058979440155,-0.9900918848482652
729,12,2.1853172854412812,-0.9632252266234504
729,13,2.051904479018299,-1.0742650205379032
729,14,2.1679376558566577,-0.829295265805407
729,15,2.064975629249858,-0.8055052138773005
729,16,2.203301356169136,-1.0057855888729283
729,17,2.1322748782154126,-1.0040034512110798
729,18,1.9792139787550698,-0.9930892221663793
729,19,2.0380692052646197,-0.9485661238484826
730,0,2.06831119809819,-0.9886837621861312
730,1,1.9880478570582818,-1.1728497074266002
730,2,2.2351247730419868,-0.9403137008922716
730,3,2.1550335886671563,-0.9177536765213661
730,4,2.1219376356806103,-1.0529471255485359
730,5,2.0541533041477873,-0.7894635631012361
730,6,2.0997399371098937,-1.0751198842373648
730,7,1.9603478211792398,-1.096040171082387
730,8,2.187490695611948,-0.881139142018046
730,9,1.97641271277446,-1.0564010068540712
730,10,2.1572778832354746,-0.853512146299326
730,11,2.168058979440155,-0.9900918848482652
730,12,2.1875839061742077,-0.9645756973203858
730,13,2.054297331978991,-1.0754884150543562
730,14,2.1702341099724722,-0.830775828665532
730,15,2.067374385702209,-0.8070044188207935
730,16,2.205547649790004,-1.007093139559112
730,17,2.134590592274343,-1.0053093875733055
730,18,1.9816839979316603,-0.9943915202418239
730,19,2.04048369355027,-0.9499189505773667
731,0,2.06831119809819,-0.9886837621861312
731,1,1.9904931864344426,-1.1739750660276653
731,2,2.2373440221233634,-0.9416906747783549
731,3,2.1573342783864486,-0.9191468057810294
731,4,2.1242606801148094,-1.054201304954729
731,5,2.056568985975735,-0.790970179970617
731,6,2.1020830574703324,-1.0763503842450513
731,7,1.9603478211792398,-1.096040171082387
731,8,2.189764698520879,-0.8825674162798977
731,9,1.978882755595737,-1.0576347976113147
731,10,2.159583238006802,-0.854967131875674
731,11,2.168058979440155,-0.9900918848482652
731,12,2.1898482683658087,-0.9659248223603994
731,13,2.056687801059374,-1.0767105907637426
731,14,2.1725282759807234,-0.8322549163439605
731,15,2.069770751803773,-0.8085021298128218
731,16,2.2077917052962865,-1.0083993874555648
731,17,2.136903998825495,-1.0066140226270632
731,18,1.9841515559812575,-0.9956925207075262
731,19,2.042895775940237,-0.9512704292939177
732,0,2.06831119809819,-0.9886837621861312
732,1,1.992936079164007,-1.1750993032660086
732,2,2.239561059910697,-0.9430662766264017
732,3,2.159632675625113,-0.9205385468822576
732,4,2.126581409916035,-1.0554542347227467
732,5,2.0589822612413915,-0.7924752959108181
732,6,2.1044238431691076,-1.0775796581948522
732,7,1.9603478211792398,-1.096040171082387
732,8,2.1920364358888924,-0.8839942675823637
732,9,1.9813503377119885,-1.0588673592420466
732,10,2.1618862958484133,-0.8564206677837765
732,11,2.168058979440155,-0.9900918848482652
732,12,2.1921103742827124,-0.9672726030939669
732,13,2.0590758886523104,-1.0779315488894619
732,14,2.1748201561778733,-0.8337325303212608
732,15,2.072164729953316,-0.8099983483525952
732,16,2.2100335249342855,-1.009704333869842
732,17,2.139215100184591,-1.0079173576782943
732,18,1.9866166553738893,-0.9969922248657892
732,19,2.045305454849017,-0.9526205613509668
733,0,2.06831119809819,-0.9886837621861312
733,1,1.9953765376923127,-1.1762224202669926
733,2,2.241775888623245,-0.9444405078133911
733,3,2.1619287826838467,-0.9219289012181848
733,4,2.1288998274073405,-1.056705916106773
733,5,2.0613931323604477,-0.7939789124284617
733,6,2.1067622965493484,-1.0788077073172722
733,7,1.9628998919187193,-1.0970761679889929
733,8,2.1943059099899993,-0.8854196973537236
733,9,1.9838154615932668,-1.060098692980062
733,10,2.164187059065672,-0.8578727554786243
733,11,2.168058979440155,-0.9900918848482652
733,12,2.1943702261892897,-0.9686190408702179
733,13,2.061461597148278,-1.079151290653694
733,14,2.1771097528580965,-0.8352086720765259
733,15,2.0745563225472115,-0.8114930759378303
733,16,2.2122731109480642,-1.0110079801081964
733,17,2.1415238986650453,-1.009219394031638
733,18,1.9890792985771228,-0.998290634017618
733,19,2.0477127326887015,-0.9539693480999977
734,0,2.06831119809819,-0.9886837621861312
734,1,1.9978145644622614,-1.1773444181548585
734,2,2.243988510478052,-0.9458133697149297
734,3,2.1642226018610558,-0.9233178701805572
734,4,2.1312159349094633,-1.057956350359742
734,5,2.063801601746188,-0.7954810310286696
734,6,2.1090984199518488,-1.0800345328415892
734,7,1.9654424164948034,-1.0981282739627953
734,8,2.1965731230959453,-0.886843707020834
734,9,1.9862781297071632,-1.0613288000579275
734,10,2.166485529961644,-0.8593233964137588
734,11,2.168058979440155,-0.9900918848482652
734,12,2.196627826347654,-0.969964137036938
734,13,2.0638449289353735,-1.0803698172774017
734,14,2.1793970683132815,-0.8366833430873751
734,15,2.076945531979446,-0.8129863140647505
734,16,2.2145104655794507,-1.012310327475579
734,17,2.1438303965779677,-1.0105201329904343
734,18,1.9915394880560662,-0.9995877494627212
734,19,2.0501176118689775,-0.9553167908911471
735,0,2.06831119809819,-0.9886837621861312
735,1,2.00025016191432,-1.1784652980527273
735,2,2.2461989276899557,-0.9471848637052537
735,3,2.166514135452855,-0.9247054551597341
735,4,2.1335297347408297,-1.05920553873334
735,5,2.0662076718094933,-0.796981653215064
735,6,2.1114322157150704,-1.0812601359958571
735,7,1.967975617445653,-1.0991956398066318
735,8,2.198838077476213,-0.88826629800913
735,9,1.988738344518811,-1.0625576817069813
735,10,2.1687817108371013,-0.8607725920412729
735,11,2.1704243500049474,-0.9912575750231379
735,12,2.198883177017666,-0.9713078929405697
735,13,2.066225886399314,-1.0815871299803312
735,14,2.1816821048330337,-0.8381565448299556
735,15,2.079332360641621,-0.814478064228089
735,16,2.2167455910680394,-1.0136113772756408
735,17,2.146134596232165,-1.011819575856724
735,18,1.9939972262733716,-1.0008835724995129
735,19,2.0525200947971314,-0.9566628910732067
736,0,2.06831119809819,-0.9886837621861312
736,1,2.002683332486524,-1.1795850610826006
736,2,2.2484071424715855,-0.9485549911572299
736,3,2.1688033857530717,-0.9260916575446894
736,4,2.1358412292175557,-1.0604534824780054
736,5,2.0686113449588412,-0.798480780489769
736,6,2.113763686175145,-1.0824845180069058
736,7,1.9704997169207363,-1.100277459513978
736,8,2.201100775398024,-0.8896874717426266
736,9,1.9911912654535528,-1.0637949874273878
736,10,2.1710756039905226,-0.8622203438118128
736,11,2.1727797020449877,-0.9924375697097594
736,12,2.2011362804569328,-0.9726503099262143
736,13,2.068604471923441,-1.082803229981014
736,14,2.1839648647046763,-0.8396282787789437
736,15,2.0817168109229542,-0.815968327921089
736,16,2.2189784896511924,-1.014911130810734
736,17,2.1484364999341428,-1.0131177239312508
736,18,1.9964525156892372,-1.002178104425113
736,19,2.0549201838780515,-0.958007649993624
737,0,2.06831119809819,-0.9886837621861312
737,1,2.0051140786144797,-1.1807037083653629
737,2,2.2506131570333663,-0.9499237534423571
737,3,2.171090355053248,-0.927476478723013
737,4,2.1381504206534494,-1.0617001828429313
737,5,2.071006539997614,-0.7999881248531285
737,6,2.1160928336658777,-1.083707680100343
737,7,1.9730149357855045,-1.1013729679979751
737,8,2.203361219126341,-0.8911072296439201
737,9,1.9936417420104504,-1.065031060151391
737,10,2.1733672117180975,-0.8636666531745795
737,11,2.175125287095663,-0.9936311251819431
737,12,2.203387138920814,-0.9739913893376322
737,13,2.0709806878887203,-1.0840181184967672
737,14,2.1862453502132544,-0.8410985464075467
737,15,2.0840988852102824,-0.8174571066355059
737,16,2.221209163564044,-1.0162095893819132
737,17,2.1507361099881095,-1.014414578513462
737,18,1.9989053587614103,-1.0034713465353495
737,19,2.057317881514229,-0.9593510689985041
738,0,2.06831119809819,-0.9886837621861312
738,1,2.007542402731366,-1.1818212410207807
738,2,2.252816973583521,-0.9512911519307679
738,3,2.1733750456426426,-0.9288599200809122
738,4,2.140457311360014,-1.062945641076066
738,5,2.0733993481647577,-0.8014939671102139
738,6,2.1184196605187466,-1.0849296235005548
738,7,1.9755214928549574,-1.102481438938123
738,8,2.205619410923871,-0.8925255731341895
738,9,1.996089776642433,-1.0662659011163012
738,10,2.175656536313728,-0.8651115215773301
738,11,2.177461353928279,-0.9948375347180819
738,12,2.2056357546624215,-0.9753311325172453
738,13,2.0733545366737465,-1.0852317967436955
738,14,2.188523563641536,-0.8425673491875038
738,15,2.086478585888065,-0.8189444018616087
738,16,2.2234376150395008,-1.0175067542889367
738,17,2.1530334286959767,-1.0157101409015103
738,18,2.001355757945189,-1.004763300124759
738,19,2.0597131901057613,-0.9606931494326106
739,0,2.06831119809819,-0.9886837621861312
739,1,2.009968307267938,-1.1829376601675055
739,2,2.2550185943280727,-0.9526571879912293
739,3,2.1756574598082326,-0.9302419830032133
739,4,2.1427619036464485,-1.0641898584241145
739,5,2.0757897718554763,-0.8029983087683747
739,6,2.120744169062908,-1.086150349430708
739,7,1.9780196042416653,-1.1036021827396763
739,8,2.2078753530510653,-0.8939425036331979
739,9,1.9985353717999856,-1.0674995115581953
739,10,2.17794358006903,-0.8665549504663792
739,11,2.1797881479250023,-0.9960561266787232
739,12,2.207882129932621,-0.9766695408061379
739,13,2.075721384840244,-1.0864532907358395
739,14,2.1907995072700155,-0.8440346885890879
739,15,2.0888559153383834,-0.8204302150881814
739,16,2.2256638463082448,-1.0188026268302677
739,17,2.155328458357363,-1.0170044123922553
739,18,2.003803715693426,-1.006053966486588
739,19,2.062106112050355,-0.9620338926393676
740,0,2.06831119809819,-0.9886837621861312
740,1,2.0123917946525287,-1.184052966923074
740,2,2.2572180214708455,-0.9540218629911449
740,3,2.177937599834717,-0.9316226688733625
740,4,2.145064199819653,-1.0654328361325394
740,5,2.078177813462586,-0.8045011513334586
740,6,2.1230663616251966,-1.0873698591127505
740,7,1.9805094828053027,-1.1047345446007524
740,8,2.2101290477661246,-0.8953580225592944
740,9,2.0009785299311513,-1.0687318927119185
740,10,2.1802283452733366,-0.8679969412866007
740,11,2.1821059105511007,-0.9972862626841983
740,12,2.2101262669800366,-0.9780066155440579
740,13,2.0780858744243424,-1.0876735674998272
740,14,2.1930731833769146,-0.8455005660811075
740,15,2.091230875940948,-0.8219145478025244
740,16,2.2278878595987357,-1.020097208303076
740,17,2.157621201269595,-1.0182973942812636
740,18,2.0062492344565284,-1.007343346912795
740,19,2.0644966497433277,-0.9633732999608601
741,0,2.06831119809819,-0.9886837621861312
741,1,2.014812867311051,-1.185167162403909
741,2,2.259415257213468,-0.9553851782965557
741,3,2.1802154680045183,-0.9330019790734279
741,4,2.1473642021842276,-1.0666745754455627
741,5,2.0805634753765188,-0.8060024963098121
741,6,2.12538624053013,-1.0885881537674127
741,7,1.9829913376920862,-1.1058779026821806
741,8,2.212380497325,-0.8967721313294147
741,9,2.003419253481534,-1.0699630458110856
741,10,2.1825108342136996,-0.8694374954814286
741,11,2.1844148789136026,-0.9985273358878298
741,12,2.212368168051052,-0.9793423580694185
741,13,2.0804480077928984,-1.0888926282571567
741,14,2.195344594238185,-0.8469649831309071
741,15,2.0936034700730963,-0.8233974014904563
741,16,2.230109657137213,-1.0213905000032388
741,17,2.159911659727711,-1.0195890878628118
741,18,2.0086923166824633,-1.008631442694051
741,19,2.066884805577609,-0.9647113727378362
742,0,2.0707711750706657,-0.9898447214025626
742,1,2.0172315276670014,-1.1862802477253218
742,2,2.261610303755375,-0.9567471352721416
742,3,2.1824910665977844,-0.9343799149841001
742,4,2.1496619130424772,-1.0679150776061666
742,5,2.0829467599853246,-0.8075023452002833
742,6,2.127703808099909,-1.0898052346142086
742,7,1.9854653739537187,-1.1070316663751896
742,8,2.2146297039813936,-0.898184831359083
742,9,2.0058575448943006,-1.071192972088082
742,10,2.184791049174893,-0.8708766144928592
742,11,2.1867152853965917,-0.999778769340286
742,12,2.2146078353898115,-0.9806767697192993
742,13,2.0828077873104096,-1.090110474228109
742,14,2.197613742127511,-0.8484279412043697
742,15,2.095973700109797,-0.8248787776363151
742,16,2.2323292411476987,-1.0226825032253426
742,17,2.162199836024462,-1.020879494429886
742,18,2.0111329648167584,-1.0099182551197414
742,19,2.069270581943746,-0.9660481123097082
743,0,2.073221015157469,-0.9910207177452272
743,1,2.019647778141461,-1.1873922240015116
743,2,2.263803163293811,-0.958107735281223
743,3,2.184764397892392,-0.9357564779846945
743,4,2.1519573346944125,-1.0691543438560949
743,5,2.085327669674674,-0.8090006995062223
743,6,2.1300190666544214,-1.0910211028714374
743,7,1.9879317922365278,-1.10819527466213
743,8,2.2168766699867644,-0.8995961240624134
743,9,2.0082934066101825,-1.0724216727740652
743,10,2.187068992439414,-0.8723142997614521
743,11,2.1890073573643565,-1.0010400144407168
743,12,2.2146078353898115,-0.9806767697192993
743,13,2.0851652153390177,-1.091327106631749
743,14,2.1998806293163127,-0.8498894417659179
743,15,2.098341568423653,-0.8263586777229598
743,16,2.234546613851998,-1.0239732192626838
743,17,2.164485732450314,-1.0221686152741847
743,18,2.0135711813025052,-1.0112037854779663
743,19,2.071653981229903,-0.9673835200145536
744,0,2.075660976549401,-0.9922109522879042
744,1,2.0220616211530986,-1.1885030923455677
744,2,2.2659938380238303,-0.9594669796857616
744,3,2.1870354641639476,-0.9371316694531521
744,4,2.154250469437753,-1.0703923754358544
744,5,2.087706206827859,-0.8104975607274834
744,6,2.132332018511243,-1.0922357597561843
744,7,1.9903907885324659,-1.1093681945655556
744,8,2.2191160355162536,-0.9010145121613828
744,9,2.01072684106748,-1.0736491490989657
744,10,2.1893446662874867,-0.8737505527263316
744,11,2.1912913169245156,-1.0023105494704128
744,12,2.2146078353898115,-0.9806767697192993
744,13,2.0875202942385105,-1.092542526685927
744,14,2.2021452580737457,-0.851349486278515
744,15,2.100707077384903,-0.8278371032317717
744,16,2.2367617774697033,-1.0252626494072703
744,17,2.166769351293453,-1.0234564516861189
744,18,2.0160069685803603,-1.0124880350555432
744,19,2.074035005821865,-0.9687175971891169
745,0,2.078091314716067,-0.9934146668058434
745,1,2.024473059118174,-1.1896128538694706
745,2,2.2681823301383,-0.9608248698463625
745,3,2.1893042676857912,-0.9385054907660406
745,4,2.1565413195679284,-1.071629173584716
745,5,2.090082373825799,-0.8119929303624259
745,6,2.1346426659856412,-1.0934492064843222
745,7,1.99284255398452,-1.1105499196811317
745,8,2.2213531695068043,-0.902431486829525
745,9,2.0131578507020635,-1.0748754022914886
745,10,2.1916180729970622,-0.8751853748251883
745,11,2.193567380744042,-1.0035898782048411
745,12,2.2146078353898115,-0.9806767697192993
745,13,2.089873026366324,-1.09375673560728
745,14,2.2044076306667058,-0.8528080762036672
745,15,2.1030702293614234,-0.8293140556426564
745,16,2.2389747342181954,-1.026550794949823
745,17,2.1690506948397825,-1.0247430049548143
745,18,2.0184403290885493,-1.0137710051380069
745,19,2.0764136581030397,-0.9700503451688105
746,0,2.0805122816992068,-0.9946311416142961
746,1,2.0268820944505386,-1.1907215096840924
746,2,2.2703686418279037,-0.9621814071222752
746,3,2.1915708107289973,-0.9398779432985568
746,4,2.1588298873780825,-1.072864739540716
746,5,2.0924561730470383,-0.8134868099079164
746,6,2.136951011390576,-1.0946614442705125
746,7,1.9952918769843928,-1.1117304675604904
746,8,2.2235880741977896,-0.9038470494852329
746,9,2.015586437947376,-1.0761004335791144
746,10,2.1938892148438227,-0.8766187674942805
746,11,2.19583575991185,-1.0048775286000513
746,12,2.2146078353898115,-0.9806767697192993
746,13,2.0922234140775458,-1.094969734611232
746,14,2.20666774935983,-0.8542652130014242
746,15,2.105431026718732,-0.8307895364340445
746,16,2.2411854863126464,-1.027837657179777
746,17,2.1713297653729304,-1.026028276368112
746,18,2.0208712652628686,-1.0150526970096119
746,19,2.0787899404544605,-0.9713817652877166
747,0,2.0829241255176663,-0.995859693522008
747,1,2.0292887295616393,-1.1918290608991988
747,2,2.2725527752811407,-0.9635365928713947
747,3,2.1938350955623775,-0.9412490284245268
747,4,2.1611161751590737,-1.074099074540657
747,5,2.094827606867753,-0.8149792008593298
747,6,2.139257057036703,-1.0958724743282062
747,7,1.9977387599838587,-1.1129098393853616
747,8,2.2258207518263515,-0.9052612015454862
747,9,2.0180126052344356,-1.0773242441881008
747,10,2.196158094101184,-0.8780507321684357
747,11,2.1980966598422738,-1.0061730515495844
747,12,2.2146078353898115,-0.9806767697192993
747,13,2.094571459724916,-1.0961815249119962
747,14,2.2089256164155,-0.8557208981303817
747,15,2.1077894718199888,-0.8322635470828939
747,16,2.243394035966021,-1.0291232373852823
747,17,2.173606565174248,-1.0273122672125696
747,18,2.023299779536688,-1.016333111953333
747,19,2.081163855254789,-0.9727118588785879
748,0,2.0853270896712317,-0.9970996738944055
748,1,2.03169296686052,-1.1929355086234499
748,2,2.2747347326843315,-0.9648904284502633
748,3,2.1960971244524834,-0.9426187475164083
748,4,2.163400185199478,-1.0753321798201094
748,5,2.09719667766175,-0.8164701047105509
748,6,2.1415608052323774,-1.0970822978696457
748,7,2.0001786123291936,-1.1140975186932218
748,8,2.2280512046274024,-0.9066739444258525
748,9,2.0204363549918383,-1.0785468353434835
748,10,2.198424713040296,-0.8794812702810519
748,11,2.2003502802143418,-1.0074760197081714
748,12,2.2146078353898115,-0.9806767697192993
748,13,2.096917165658831,-1.097392107722576
748,14,2.211181234093842,-0.8571751330476816
748,15,2.110145567026,-0.8337360890646905
748,16,2.2456003853890802,-1.0304075368532064
748,17,2.1758810965228146,-1.0285949787734636
748,18,2.0257258743409516,-1.0176122512508667
748,19,2.083535404880315,-0.9740406272728496
749,0,2.0877214127318706,-0.9983504668212582
749,1,2.034094808753825,-1.1940408539644005
749,2,2.276914516221617,-0.9662429152140718
749,3,2.198356899663608,-0.9439871019452913
749,4,2.1656819197855923,-1.076564056613413
749,5,2.0995633878004725,-0.8179595229539759
749,6,2.143862258283652,-1.0982909161058656
749,7,2.0026160333364187,-1.1152840144663616
749,8,2.2302794348336277,-0.9080852795404887
749,9,2.02285768964576,-1.0797682082690772
749,10,2.2006890739300466,-0.8809103832640993
749,11,2.202601655495155,-1.0087776898298508
749,12,2.2146078353898115,-0.9806767697192993
749,13,2.0992605342273443,-1.0986014842547658
749,14,2.213434604652732,-0.8586279192090146
749,15,2.1124993146952193,-0.8352071638534505
749,16,2.2478045367903814,-1.031690556869134
749,17,2.1781533616954376,-1.0298764123347894
749,18,2.0281495521041837,-1.018890116182633
749,19,2.085904591704963,-0.9753680718005999
750,0,2.090107328012121,-0.9996114873836932
750,1,2.0364942576458,-1.1951450980285028
750,2,2.279092128074963,-0.9675940545166607
750,3,2.2006144234577887,-0.9453540930809001
750,4,2.167961381201435,-1.0777947061536775
750,5,2.1019277396529987,-0.8194474570805139
750,6,2.1461614184942848,-1.0994983302466939
750,7,2.0050510254453946,-1.1164693278924644
750,8,2.232505444675488,-0.9094952083021427
750,9,2.025276611619959,-1.0809883641874773
750,10,2.2029511790370635,-0.8823380725481212
750,11,2.204850787938342,-1.0100780632175959
750,12,2.2146078353898115,-0.9806767697192993
750,13,2.1016015677761706,-1.0998096557191528
750,14,2.2156857303477957,-0.8600792580686211
750,15,2.1148507171837503,-0.836676772921721
750,16,2.2500064923762824,-1.0329722987173693
750,17,2.1804233629666574,-1.0311565691792635
750,18,2.0305708152524877,-1.0201667080277754
750,19,2.088271418100291,-0.9766941937906123
751,0,2.0924850633014533,-1.0008821800155603
751,1,2.038891315938296,-1.1962482419211058
751,2,2.2812675704241605,-0.9689438477105218
751,3,2.202869698094809,-0.9467197222915941
751,4,2.1702385717287487,-1.0790241296727843
751,5,2.1042897355860477,-0.8209339085795886
751,6,2.148458288165737,-1.100704541500753
751,7,2.007483591093551,-1.1176534601580301
751,8,2.2347292363812215,-0.9109037321221547
751,9,2.0276931233357787,-1.0822073043200615
751,10,2.205211030625716,-0.8837643395622361
751,11,2.2070976797952864,-1.0113771411730814
751,12,2.2146078353898115,-0.9806767697192993
751,13,2.103940268648686,-1.1010166233251177
751,14,2.217934613432413,-0.8615291510792926
751,15,2.117199776845349,-0.8381449177405823
751,16,2.2522062543509427,-1.0342527636809375
751,17,2.182691102608747,-1.0324354505883238
751,18,2.0329896662095504,-1.021442028064164
751,19,2.0906358864354946,-0.9780189945703361
752,0,2.0948548406623893,-1.0021620169542906
752,1,2.04128598603077,-1.1973502867464578
752,2,2.28344084544683,-0.9702922961467993
752,3,2.2051227258322004,-0.9480839909443695
752,4,2.1725134936470036,-1.0802523284013876
752,5,2.1066493779639797,-0.8224188789391392
752,6,2.1507528695971767,-1.101909551075462
752,7,2.009913732715889,-1.1188364124483763
752,8,2.2369508121768455,-0.9123108524104583
752,9,2.030107227212149,-1.0834250298869899
752,10,2.2074686309581177,-0.8851891857341386
752,11,2.209342333315129,-1.0126749249966858
752,12,2.2146078353898115,-0.9806767697192993
752,13,2.1062766391859333,-1.1022223882808366
752,14,2.2201812561577174,-0.8629775996923736
752,15,2.1195464960314268,-0.8396115997796486
752,16,2.2544038249163263,-1.0355319530415852
752,17,2.1849565828917163,-1.0337130578421319
752,18,2.035406107396644,-1.0227160775683954
752,19,2.092997999077409,-0.9793424754658983
753,0,2.097216876279049,-1.0034504967765605
753,1,2.04367827032029,-1.198451233607707
753,2,2.285611955318422,-0.9716394011752917
753,3,2.2073735089252464,-0.9494469004048605
753,4,2.174786149233399,-1.0814793035689156
753,5,2.1090066691487985,-0.8239023696456226
753,6,2.153045165085483,-1.1031133601770364
753,7,2.0123414527449817,-1.1200181859476392
753,8,2.2391701742861603,-0.9137165705755823
753,9,2.0325189256655913,-1.0846415421072069
753,10,2.209718535861185,-0.886621205742934
753,11,2.211579929402715,-1.013979719450545
753,12,2.2146078353898115,-0.9806767697192993
753,13,2.108610681726621,-1.103426951793281
753,14,2.222425660772601,-0.8644246053577626
753,15,2.1218908770910514,-0.8410768205070702
753,16,2.256599206272204,-1.036809868079782
753,17,2.1872198060833132,-1.0349893922195739
753,18,2.0378201412326287,-1.0239888578157943
753,19,2.0953577583905107,-0.9806646378021043
754,0,2.099571380351561,-1.0047471430142423
754,1,2.0460681712015347,-1.1995510836069019
754,2,2.2877809022122193,-0.9729851641444521
754,3,2.209622049626983,-0.9508084520373408
754,4,2.1770565407628655,-1.0827050564035718
754,5,2.1113616115001554,-0.8253843821840143
754,6,2.1553351769252456,-1.1043159700104905
754,7,2.0147667536109797,-1.1211987818387754
754,8,2.241387324930749,-0.915120888024652
754,9,2.0349282211102175,-1.0858568421984423
754,10,2.2119661987176977,-0.8880517987334041
754,11,2.2138152957380903,-1.015283213683898
754,12,2.216930320311421,-0.9818554515580759
754,13,2.1109423986071283,-1.1046303150682206
754,14,2.2246678295237143,-0.8658701695239135
754,15,2.124232922370951,-0.8425405813895345
754,16,2.258787751430043,-1.0380944638549883
754,17,2.1894807744490263,-1.0362644549982618
754,18,2.0402317701339543,-1.025260370080415
754,19,2.097715166736922,-0.9819854829024403
755,0,2.101923538854436,-1.0060424975259588
755,1,2.0484556910667973,-1.2006498378449937
755,2,2.28994768829934,-0.9743295864013908
755,3,2.211868350188202,-0.9521686472047249
755,4,2.1793246705080667,-1.0839295881323356
755,5,2.11371420737535,-0.8268649180378105
755,6,2.1576229074087685,-1.105517381779638
755,7,2.0171896377416116,-1.1223782013035626
755,8,2.2436022663299817,-0.9165238061633905
755,9,2.0373351159577346,-1.087070931377213
755,10,2.2142116217775687,-0.8894809661375739
755,11,2.216048434558859,-1.0165854090015436
755,12,2.219242768496032,-0.9830480997604688
755,13,2.1132717921615063,-1.1058324793102228
755,14,2.226902241874278,-0.867322824093501
755,15,2.126572634215515,-0.8440028838922675
755,16,2.260974115723002,-1.0393777795424606
755,17,2.191739490252087,-1.037538247454535
755,18,2.0402317701339543,-1.025260370080415
755,19,2.1000702264764106,-0.9833050120890732
756,0,2.1042733541421863,-1.0073365616083612
756,1,2.050840832305987,-1.2017474974218363
756,2,2.292112315748739,-0.9756726692918757
756,3,2.214112412857452,-0.9535274872685696
756,4,2.181590540739403,-1.0851528999809648
756,5,2.116064459129333,-0.8283439786890289
756,6,2.1599083588260726,-1.106717596687093
756,7,2.0196101075621873,-1.1235564455226008
756,8,2.245815000701017,-0.9179253263961202
756,9,2.039739612617447,-1.088283810858823
756,10,2.216454807288468,-0.8909087093860414
756,11,2.2182793481003946,-1.0178863067069805
756,12,2.221545432287276,-0.9842539930486504
756,13,2.11559886472148,-1.1070334457226554
756,14,2.2291344276211205,-0.8687740310851296
756,15,2.1289100149667974,-0.8454637294790355
756,16,2.263158301339633,-1.0406598164267993
756,17,2.1939959557534725,-1.0388107708634604
756,18,2.0402317701339543,-1.025260370080415
756,19,2.1024229399663934,-0.9846232266828531
757,0,2.1066158566385482,-1.008638323989493
757,1,2.0532235973066326,-1.202844063436188
757,2,2.2942747867272106,-0.9770144141603341
757,3,2.2163542398810416,-0.9548849735890751
757,4,2.1838541537250125,-1.0863749931739954
757,5,2.1184123691147088,-0.8298215656182107
757,6,2.1621915334648967,-1.107916615934272
757,7,2.0220281654955987,-1.1247335156753135
757,8,2.2480255302588037,-0.9193254501257644
757,9,2.042141713496258,-1.0894954818573666
757,10,2.2186957574958277,-0.8923350299079789
757,11,2.220508038595844,-1.0191859081024088
757,12,2.2238385610780007,-0.9854724457440172
757,13,2.117923618616451,-1.1082332155076868
757,14,2.2313643889986623,-0.870223791951459
757,15,2.1312450669645187,-0.8469231196121463
757,16,2.2653403104663083,-1.0419405757913243
757,17,2.1962501732119066,-1.0400820264988357
757,18,2.0402317701339543,-1.025260370080415
757,19,2.104773309561939,-0.9859401280033141
758,0,2.1089560248077754,-1.0099387891514098
758,1,2.0556039884538846,-1.2039395369857127
758,2,2.2964351033993906,-0.9783548223498539
758,3,2.218593833503043,-0.9562411075250865
758,4,2.18611100702439,-1.0876041761703374
758,5,2.120757939681737,-0.831297680304422
758,6,2.1644724336107006,-1.1091144407213942
758,7,2.0244438139623244,-1.1259094129399494
758,8,2.2502338572160845,-0.9207241787538482
758,9,2.0445414209986734,-1.0907059455857269
758,10,2.22093447464284,-0.8937599291311347
758,11,2.2227345082761287,-1.0204842144887305
758,12,2.226122400724653,-0.9867028059302151
758,13,2.120246056173501,-1.109431789866288
758,14,2.233592128239097,-0.8716721081437012
758,15,2.1335777925460677,-0.8483810557524509
758,16,2.267520145287221,-1.0432200589180771
758,17,2.198502144883863,-1.0413520156331888
758,18,2.0402317701339543,-1.025260370080415
758,19,2.10712133761577,-0.9872557173686758
759,0,2.1112938609923786,-1.0112379583958786
759,1,2.0579820081305167,-1.20503391916698
759,2,2.2985932679277576,-0.9796938952021851
759,3,2.2208311959652907,-0.9575958904340952
759,4,2.188365611385053,-1.0888321342943192
759,5,2.1231011731783367,-0.8327723242252548
759,6,2.1667466414754464,-1.1103194514548442
759,7,2.026857055380431,-1.1270841384935824
759,8,2.252439983783397,-0.9221215136805002
759,9,2.046938737526802,-1.0919152032555797
759,10,2.2231709609704633,-0.8951834084818343
759,11,2.224958759369947,-1.0217812271655518
759,12,2.228397193053231,-0.9879444537112527
759,13,2.122566179717391,-1.110629169998233
759,14,2.235817647572394,-0.8731189811116221
759,15,2.1359081940465057,-0.8498375393593449
759,16,2.269697807984388,-1.0444982670878218
759,17,2.200751873023568,-1.04262073953778
759,18,2.0402317701339543,-1.025260370080415
759,19,2.109467026478264,-0.9885699960958443
760,0,2.1136293675325337,-1.0125358330233691
760,1,2.060357658716929,-1.2061272110754682
760,2,2.3007492824726365,-0.9810316340577409
760,3,2.223066329507387,-0.9589493236722403
760,4,2.1906179690638625,-1.090058868775128
760,5,2.1231011731783367,-0.8327723242252548
760,6,2.1690185830986946,-1.1115232613986163
760,7,2.0292678921655756,-1.1282576935121142
760,8,2.2546439121690756,-0.9235174563044544
760,9,2.049333665480361,-1.093123256077393
760,10,2.2254052187174227,-0.896605469384982
760,11,2.2271807941037762,-1.0230769474311834
760,12,2.23066317544663,-0.989196799560463
760,13,2.1248839915705684,-1.1118253571021002
760,14,2.2380409492262996,-0.8745644123035431
760,15,2.1382362737985665,-0.8512925718907697
760,16,2.271873300737652,-1.0457752015800457
760,17,2.2029993598830013,-1.0438881994826035
760,18,2.0402317701339543,-1.025260370080415
760,19,2.109467026478264,-0.9885699960958443
761,0,2.1159625467660854,-1.013832414333055
761,1,2.06273094259115,-1.207219413805563
761,2,2.3029031491922005,-0.9823680402555991
761,3,2.2252992363667023,-0.9603014085943097
761,4,2.192868082315431,-1.0912843808407262
761,5,2.1231011731783367,-0.8327723242252548
761,6,2.171288260754661,-1.1127258717577255
761,7,2.031676326731008,-1.1294300791702745
761,8,2.256845644579255,-0.9249120080230504
761,9,2.051726207256675,-1.0943301052604286
761,10,2.2276372501202126,-0.8980261132640621
761,11,2.2294006147018757,-1.0243713765826428
761,12,2.2329205805042327,-0.9904592827561113
761,13,2.127199494053164,-1.1130203523752744
761,14,2.240262035426342,-0.8760084031663421
761,15,2.1405620341326603,-0.8527461548032143
761,16,2.274046625724683,-1.0470508636729616
761,17,2.2052446077119,-1.0451543967363877
761,18,2.0402317701339543,-1.025260370080415
761,19,2.109467026478264,-0.9885699960958443
762,0,2.118293401028548,-1.0151277036228155
762,1,2.0651018621288393,-1.2083105284505606
762,2,2.3050548702424716,-0.9837031151335037
762,3,2.2275299187783792,-0.9616521465537418
762,4,2.1951159533921243,-1.0925086717178527
762,5,2.1231011731783367,-0.8327723242252548
762,6,2.1735556767152953,-1.113927283735986
762,7,2.0340823614875734,-1.1306012966416223
762,8,2.2590451832178715,-0.926305170232236
762,9,2.0541163652506804,-1.0955357520127442
762,10,2.2298670574130983,-0.8994453415411405
762,11,2.231618223386288,-1.0256645159156548
762,12,2.2351696357655064,-0.9917313698995207
762,13,2.129512689482999,-1.114214157013947
762,14,2.2424809083958297,-0.8774509551454553
762,15,2.1428854773768755,-0.8541982895517166
762,16,2.2762177851209815,-1.0483252546435087
762,17,2.207487618757759,-1.0464193325665971
762,18,2.0402317701339543,-1.025260370080415
762,19,2.109467026478264,-0.9885699960958443
763,0,2.1206219326531097,-1.0164217021892363
763,1,2.0674704197032896,-1.209400556102668
763,2,2.307199606071587,-0.9850446319037656
763,3,2.229758378975333,-0.9630015389026265
763,4,2.1973615845440633,-1.0937317426320239
763,5,2.1231011731783367,-0.8327723242252548
763,6,2.175820833250283,-1.1151274985360122
763,7,2.036485998843715,-1.1317713470985478
763,8,2.2612425302866654,-0.9276969443265679
763,9,2.056504141854928,-1.0967401975411932
763,10,2.232094642828119,-0.9008631556368661
763,11,2.2338336223768414,-1.026956366724653
763,12,2.2374105634902213,-0.9930125535116809
763,13,2.131823580175584,-1.1154067722131176
763,14,2.244697570355857,-0.8788920696848789
763,15,2.145206605856981,-0.855648977589865
763,16,2.2783867810998806,-1.0495983757673533
763,17,2.2097283952658344,-1.0476830082394342
763,18,2.0402317701339543,-1.025260370080415
763,19,2.109467026478264,-0.9885699960958443
764,0,2.1229481439706324,-1.0177144113276115
764,1,2.069836617685429,-1.2104894978530036
764,2,2.3093422046958887,-0.986384811867853
764,3,2.2319846191882537,-0.964349586991707
764,4,2.199604978019127,-1.0949535948075348
764,5,2.1231011731783367,-0.8327723242252548
764,6,2.1780837326270475,-1.1163265173592205
764,7,2.038887241205477,-1.1329402317122723
764,8,2.2634376879851836,-0.9290873316992133
764,9,2.058889539459585,-1.0979434430514268
764,10,2.2343200085950907,-0.9022795569704724
764,11,2.2360468138911527,-1.0282469303027817
764,12,2.2396435804886496,-0.994302350704419
764,13,2.134132168444122,-1.1165981991665952
764,14,2.246912023525305,-0.8803317482271698
764,15,2.147525421896429,-0.8570982203697995
764,16,2.280553615832547,-1.050870228318891
764,17,2.211966939479146,-1.0489454250198391
764,18,2.0402317701339543,-1.025260370080415
764,19,2.109467026478264,-0.9885699960958443
765,0,2.1252720373096556,-1.019005832331944
765,1,2.0722004584438247,-1.2115773547915996
765,2,2.31148266826012,-0.9877236563672874
765,3,2.234203617902723,-0.9657045539412222
765,4,2.2018461360629544,-1.0961742294674608
765,5,2.1231011731783367,-0.8327723242252548
765,6,2.180344377110754,-1.1175243414058298
765,7,2.041286090976504,-1.1341079516528507
765,8,2.2634376879851836,-0.9290873316992133
765,9,2.0612725604524362,-1.0991454897478947
765,10,2.236543156941606,-0.9036945469597782
765,11,2.2382578001446283,-1.029536207941896
765,12,2.2418688979957913,-0.9956003019223375
765,13,2.136438456599513,-1.1177884390669992
765,14,2.249124270120843,-0.8817699922134475
765,15,2.1498419278163556,-0.8585460193422138
765,16,2.2827182914879844,-1.0521408135712478
765,17,2.2142032536384786,-1.0502065841714925
765,18,2.0402317701339543,-1.025260370080415
765,19,2.109467026478264,-0.9885699960958443
766,0,2.127593614996399,-1.0202959664949476
766,1,2.074561944344683,-1.2126641280074015
766,2,2.313620998906887,-0.9890611667422535
766,3,2.23642040538686,-0.9670581706673241
766,4,2.2040850609189473,-1.0973936478336581
766,5,2.1231011731783367,-0.8327723242252548
766,6,2.180344377110754,-1.1175243414058298
766,7,2.043682550558048,-1.1352745080891717
766,8,2.2634376879851836,-0.9290873316992133
766,9,2.0636532072188882,-1.100346338833847
766,10,2.238764090093039,-0.9051081270211901
766,11,2.240466583350468,-1.030824200932564
766,12,2.2440867215842837,-0.9969059697518642
766,13,2.1387424469503533,-1.118977493105761
766,14,2.2513343123569327,-0.8832068030833959
766,15,2.1521561259355866,-0.8599923759563557
766,16,2.2848808102330356,-1.0534101327962802
766,17,2.216437339982385,-1.0514664869568158
766,18,2.0427204229567626,-1.026366942558876
766,19,2.109467026478264,-0.9885699960958443
767,0,2.129912879354765,-1.0215848151080478
767,1,2.076921077751854,-1.2137498185882705
767,2,2.3157571987766614,-0.9903973443316004
767,3,2.238634983859671,-0.9684104385249844
767,4,2.206321754828271,-1.098611851126766
767,5,2.1231011731783367,-0.8327723242252548
767,6,2.180344377110754,-1.1175243414058298
767,7,2.0460766223489673,-1.1364399021889593
767,8,2.2634376879851836,-0.9290873316992133
767,9,2.0660314821419705,-1.1015459915113348
767,10,2.2409828102725453,-0.9065202985697031
767,11,2.242673165719666,-1.0321109105640682
767,12,2.246297251111217,-0.998218937793895
767,13,2.14104414180294,-1.120165362473125
767,14,2.253542152445828,-0.884642182275264
767,15,2.154468018570636,-0.8614372916600299
767,16,2.2870411742323835,-1.0546781872645783
767,17,2.2186692007471875,-1.052725134636973
767,18,2.0451989779726762,-1.027489443019736
767,19,2.109467026478264,-0.9885699960958443
768,0,2.1322298327063387,-1.0228723794613834
768,1,2.0792738175764742,-1.214843170991069
768,2,2.3178912700077805,-0.9917321904728432
768,3,2.2408473555379507,-0.9697613588678246
768,4,2.208556220029859,-1.0998288405662069
768,5,2.1231011731783367,-0.8327723242252548
768,6,2.180344377110754,-1.1175243414058298
768,7,2.0484683087457296,-1.1376041351187742
768,8,2.2634376879851836,-0.9290873316992133
768,9,2.0684073876023388,-1.1027444489812115
768,10,2.2431993197010667,-0.9079310630189021
768,11,2.244877549461013,-1.033396338124406
768,12,2.248500680694567,-0.9995388095966646
768,13,2.1433435434612718,-1.1213520483581492
768,14,2.2557477925975786,-0.8860761312258678
768,15,2.156777608035711,-0.8628807678995983
768,16,2.289199385648555,-1.0559449782454657
768,17,2.220894216719354,-1.053990688351119
768,18,2.047667681297605,-1.0286270312335295
768,19,2.109467026478264,-0.9885699960958443
769,0,2.1345444773703925,-1.0241586608438076
769,1,2.081624212908675,-1.2159354338741537
769,2,2.320023214736452,-0.9930657065021643
769,3,2.243057522636286,-0.9711109330481171
769,4,2.2107884587604127,-1.1010446173701887
769,5,2.1231011731783367,-0.8327723242252548
769,6,2.180344377110754,-1.1175243414058298
769,7,2.0508576121424156,-1.138767208044015
769,8,2.2634376879851836,-0.9290873316992133
769,9,2.0707809259782763,-1.1039417124431343
769,10,2.2454136205973305,-0.909340421780964
769,11,2.2470797367810995,-1.0346804849002917
769,12,2.2507019147762217,-1.0008573662764995
769,13,2.1433435434612718,-1.1213520483581492
769,14,2.2579512350200335,-0.8875086513705917
769,15,2.159084896642713,-0.8643228061199821
769,16,2.2913554466419215,-1.0572105070070017
769,17,2.223117015484591,-1.0552549809532104
769,18,2.050126777730096,-1.029778909682812
769,19,2.109467026478264,-0.9885699960958443
770,0,2.1368568156638883,-1.0254436605428892
770,1,2.083972266101204,-1.2170266083308807
770,2,2.322153035096755,-0.9943978937544145
770,3,2.2452654873670563,-0.9724591624167873
770,4,2.2130184732544054,-1.1022591827557051
770,5,2.1255624272107045,-0.8340341796618438
770,6,2.180344377110754,-1.1175243414058298
770,7,2.0532445349307205,-1.1399291221289185
770,8,2.2634376879851836,-0.9290873316992133
770,9,2.073152099645698,-1.105137783095565
770,10,2.247625715177855,-0.910748376266658
770,11,2.2492797298843175,-1.0359633521771576
770,12,2.252900955559619,-1.002174609153276
770,13,2.1433435434612718,-1.1213520483581492
770,14,2.26015248191884,-0.8889397441433895
770,15,2.1613898867012398,-0.865763407764663
770,16,2.2935093593707023,-1.0584747748159817
770,17,2.225337599267923,-1.056518013708805
770,18,2.052576509900194,-1.0309443213091591
770,19,2.109467026478264,-0.9885699960958443
771,0,2.139166849901479,-1.0267273798449144
771,1,2.0863179795044644,-1.2181166954535168
771,2,2.3242807332206414,-0.9957287535631144
771,3,2.247471251940436,-0.9738060483234139
771,4,2.2152462657440837,-1.1034725379385373
771,5,2.128011293081242,-0.8353140402304127
771,6,2.180344377110754,-1.1175243414058298
771,7,2.055629079499956,-1.141089878536562
771,8,2.2634376879851836,-0.9290873316992133
771,9,2.0755209109781503,-1.1063326621357719
771,10,2.249835605656948,-0.9121549278853482
771,11,2.251477530972862,-1.0372449412391551
771,12,2.2550978052460007,-1.0034905395455556
771,13,2.1433435434612718,-1.1213520483581492
771,14,2.262351535497449,-0.8903694109767867
771,15,2.1636925805185885,-0.8672025742756846
771,16,2.2956611259909665,-1.059737782937939
771,17,2.2275559702921557,-1.0577797878822002
771,18,2.0550171175441254,-1.032122547377762
771,19,2.1118908773972676,-0.9897276376922138
772,0,2.141474582395511,-1.0280098200348873
772,1,2.088661355466518,-1.21920569633324
772,2,2.3264063112379394,-0.9970582872604562
772,3,2.249674818564398,-0.975151592116231
772,4,2.21747183845947,-1.1046846841332547
772,5,2.1304480993239188,-0.8366109245528189
772,6,2.180344377110754,-1.1175243414058298
772,7,2.0580112482370536,-1.1422494784288637
772,8,2.2634376879851836,-0.9290873316992133
772,9,2.0778873623468166,-1.1075263507598296
772,10,2.2520432942467132,-0.9135600780449941
772,11,2.253673142246734,-1.038525253369156
772,12,2.2572924660344156,-1.004805158770586
772,13,2.1433435434612718,-1.1213520483581492
772,14,2.2645483979571144,-0.8917976533018811
772,15,2.1659929803997584,-0.8686403070936539
772,16,2.297810748656634,-1.060999532637146
772,17,2.229772130777881,-1.059040304736433
772,18,2.05744883689067,-1.0333129054545713
772,19,2.114304545701216,-0.9909002996241614
773,0,2.143780015456027,-1.0292909823965317
773,1,2.091002396333087,-1.2202936120601418
773,2,2.3285297712763544,-0.9983864961773044
773,3,2.251876189444715,-0.9764957951421294
773,4,2.219695193628365,-1.1058956225532173
773,5,2.1328731723353767,-0.8379239031014566
773,6,2.180344377110754,-1.1175243414058298
773,7,2.060391043526567,-1.1434079229665843
773,8,2.2634376879851836,-0.9290873316992133
773,9,2.0802514561205165,-1.1087188501626217
773,10,2.2542487831570486,-0.9149638281521522
773,11,2.2558665659037427,-1.039804289848754
773,12,2.259484940121721,-1.0061184681443023
773,13,2.1433435434612718,-1.1213520483581492
773,14,2.266743071496898,-0.8932244725483447
773,15,2.168285504003123,-0.8700855047813548
773,16,2.2999582295194796,-1.0622600251766152
773,17,2.231986082943478,-1.060299565533282
773,18,2.0598719001465335,-1.0345147474909218
773,19,2.116708287676771,-0.9920871916861577
774,0,2.146083151390768,-1.0305708682122925
774,1,2.0933411044475547,-1.2213804437232263
774,2,2.330651115461472,-0.9997133816431972
774,3,2.2540753667849605,-0.9778386587466575
774,4,2.2219163334763494,-1.1071053544105753
774,5,2.1352868352370704,-0.8392520953487282
774,6,2.180344377110754,-1.1175243414058298
774,7,2.062768467750673,-1.144565213309328
774,8,2.2634376879851836,-0.9290873316992133
774,9,2.08261319466571,-1.1099101615378413
774,10,2.2564520745956504,-0.9163661796119779
774,11,2.258057804139507,-1.041082051958266
774,12,2.2616752297025857,-1.0074304689813285
774,13,2.1433435434612718,-1.1213520483581492
774,14,2.2689355583136708,-0.894649870144425
774,15,2.1705757430777037,-0.8715292623112707
774,16,2.3021035707291335,-1.063519261818101
774,17,2.2341978290051143,-1.0615575715332688
774,18,2.0622865350693544,-1.035727458010609
774,19,2.1191023571393353,-0.9932875635659233
775,0,2.1483839925051744,-1.0318494787633368
775,1,2.0956774821509705,-1.2224661924104134
775,2,2.3327703459167597,-1.0010389449863486
775,3,2.256272352786514,-0.9791801842740232
775,4,2.2241352602267863,-1.1083138809162716
775,5,2.137689406911345,-0.8405946670705964
775,6,2.180344377110754,-1.1175243414058298
775,7,2.065143523289176,-1.1457213506155435
775,8,2.2634376879851836,-0.9290873316992133
775,9,2.0849725803465,-1.1111002860779924
775,10,2.2586531707680155,-0.9177671338282263
775,11,2.260246859147459,-1.042358540976733
775,12,2.263863336969492,-1.0087411625949787
775,13,2.1433435434612718,-1.1213520483581492
775,14,2.2711258606021136,-0.8960738475169463
775,15,2.172863699916033,-0.8729715811286042
775,16,2.304246774433085,-1.0647772438221006
775,17,2.2364073711767505,-1.0628143239956582
775,18,2.0646929646181476,-1.0369504523944668
775,19,2.1214870047201027,-0.9945007027454289
776,0,2.150682541102391,-1.0331268153295547
776,1,2.098011531782051,-1.2235508592085387
776,2,2.3348874647635696,-1.0023631875336485
776,3,2.2584671496485598,-0.9805203730670948
776,4,2.2263519761008235,-1.1095212032800423
776,5,2.140081201191384,-0.8419508277976109
776,6,2.180344377110754,-1.1175243414058298
776,7,2.0675162125195086,-1.1468763360425251
776,8,2.265714349096311,-0.9303344325716165
776,9,2.0873296155246335,-1.1122892249743905
776,10,2.2608520738774436,-0.919166692203254
776,11,2.2624337331188444,-1.043633758181922
776,12,2.266049264112737,-1.0100505502972585
776,13,2.1433435434612718,-1.1213520483581492
776,14,2.2733139805547213,-0.8974964060913114
776,15,2.175149376808358,-0.8744124626771178
776,16,2.306387842776682,-1.0660339724478551
776,17,2.2386147116701403,-1.064069824178461
776,18,2.067091406672066,-1.038183175257602
776,19,2.123862477263204,-0.9957259325121771
777,0,2.1529787994832676,-1.0344028791895616
777,1,2.1003432556771817,-1.2246344452033544
777,2,2.3370024741211397,-1.0036861106106651
777,3,2.2606597595680924,-0.9818592264674026
777,4,2.228566483317396,-1.1107273227104186
777,5,2.14246252618707,-0.8433198284067188
777,6,2.1826926926387524,-1.1185331389199948
777,7,2.0698865378167355,-1.148030170746415
777,8,2.2679808335231137,-0.9315946601642197
777,9,2.0896843025595055,-1.113476979417165
777,10,2.263048786125039,-0.9205648561380203
777,11,2.2646184282427266,-1.0449077048503261
777,12,2.2682330133204367,-1.0113586333988662
777,13,2.1433435434612718,-1.1213520483581492
777,14,2.2754999203618045,-0.8989175472915029
777,15,2.177432776042643,-0.8758519083991354
777,16,2.308526777903137,-1.0672894489533513
777,17,2.2408198526948335,-1.065324073338434
777,18,2.0694820738093087,-1.0394250989145812
777,19,2.126229017320519,-0.9969626100758393
778,0,2.1552727699463605,-1.0356776716206986
778,1,2.102672656170421,-1.2257169514795314
778,2,2.339115376106596,-1.005007715541646
778,3,2.2628501847399165,-0.9831967458151403
778,4,2.2307787840932276,-1.111932240414727
778,5,2.144833683730711,-0.8447009588471628
778,6,2.1850316457132974,-1.1195571886627247
778,7,2.0722545015535543,-1.1491828558822021
778,8,2.2702374083007113,-0.9328673300452388
778,9,2.09203664380816,-1.1146635505952591
778,10,2.2652433097097124,-0.9219616270320887
778,11,2.2668009467059873,-1.0461803822571678
778,12,2.270414586778525,-1.0126654132091943
778,13,2.1433435434612718,-1.1213520483581492
778,14,2.2776836822114905,-0.9003372725400844
778,15,2.1797138999045735,-0.8772899197355436
778,16,2.3106635819535257,-1.0685436745953223
778,17,2.2430227964581784,-1.0665770727310817
778,18,2.0718651731388764,-1.0406757219280127
778,19,2.1285868627330014,-0.9982101247853502
779,0,2.1575644547879365,-1.0369511938990341
779,1,2.104999735593501,-1.2267983791206594
779,2,2.3412261728349564,-1.0063280036495184
779,3,2.2650384273566497,-0.9845329324491658
779,4,2.2329888806428335,-1.1131359575990911
779,5,2.1471949689282894,-0.8460935459938418
779,6,2.1873614386695905,-1.1205957339804993
779,7,2.074620106100299,-1.150334392603726
779,8,2.272484336222887,-0.9341517916647325
779,9,2.0943866416252925,-1.1158489396964317
779,10,2.2674356468281847,-0.9233570062836282
779,11,2.2689812906933295,-1.0474517916763981
779,12,2.27259398667076,-1.0139708910363308
779,13,2.1433435434612718,-1.1213520483581492
779,14,2.2798652682897274,-0.9017555832582024
779,15,2.1819927506775563,-0.8787264981257931
779,16,2.3127982570667913,-1.0697966506292491
779,17,2.245223545165324,-1.067828823610658
779,18,2.074240906178641,-1.0419345677361338
779,19,2.1309362462885053,-0.9994678964416359
780,0,2.1598538563019747,-1.0382234472993652
780,1,2.1073244962758304,-1.2278787292092486
780,2,2.3433348664191294,-1.0076469762558924
780,3,2.267224489608725,-0.9858677877070036
780,4,2.2351967751785224,-1.1143384754684333
780,5,2.149546669803435,-0.847496951621633
780,6,2.189682274240144,-1.1216480544583327
780,7,2.0769833538249425,-1.1514847820636755
780,8,2.2747218753740435,-0.935447426592201
780,9,2.0967342983632533,-1.1170331479072584
780,10,2.269625799674987,-0.9247509952894147
780,11,2.27115946238728,-1.048721934380699
780,12,2.2747712151787227,-1.0152750681870601
780,13,2.1433435434612718,-1.1213520483581492
780,14,2.282044680780285,-0.9031724808655872
780,15,2.184269330642723,-0.8801616450079003
780,16,2.3149308053797455,-1.0710483783093618
780,17,2.247422101019222,-1.0690793272301662
780,18,2.0766142723711836,-1.0431921594068352
780,19,2.1332773954471564,-1.0007353737012519
781,0,2.162140976780168,-1.039494433095219
781,1,2.1096469405444966,-1.2289580028267306
781,2,2.34544145896992,-1.0089646346810608
781,3,2.2694083736843926,-0.9872013129248448
781,4,2.237402469910399,-1.1155397952264752
781,5,2.151889067022696,-0.8489105704943366
781,6,2.1919943547509555,-1.122713464128133
781,7,2.079344247093098,-1.152634025413592
781,8,2.276950278741922,-0.9367536468471928
781,9,2.0990796163720495,-1.1182161764131329
781,10,2.271813770442465,-0.9261435954448328
781,11,2.2733354639681904,-1.049990811641485
781,12,2.2769462744818214,-1.0165779459668651
781,13,2.1433435434612718,-1.1213520483581492
781,14,2.284221921864757,-0.9045879667805548
781,15,2.186543642078933,-0.8815953618184487
781,16,2.3170612290270713,-1.0722988588886413
781,17,2.249618466220629,-1.0703285848413622
781,18,2.0789852740922456,-1.0444484981989675
781,19,2.1356105321262278,-1.0020120325663353
782,0,2.164425818511926,-1.0407641525588531
782,1,2.111967070724269,-1.2300362010534591
782,2,2.3475459525960294,-1.0102809802440011
782,3,2.2715900817697228,-0.9885335094375496
782,4,2.2396059670463657,-1.116739918075739
782,5,2.1542224336919356,-0.8503338285621032
782,6,2.1942978814228984,-1.1237913097630265
782,7,2.0817027882680215,-1.1537821238038692
782,8,2.2791697939018865,-0.9380698933185231
782,9,2.1014181458002335,-1.1194068117085656
782,10,2.2739995613207786,-0.9275348081438765
782,11,2.275509297614241,-1.051258424728903
782,12,2.279119166757292,-1.0178795256799276
782,13,2.1433435434612718,-1.1213520483581492
782,14,2.2863969937225646,-0.9060020424200079
782,15,2.1888156872627738,-0.8830276499925901
782,16,2.319189530141325,-1.0735480936188198
782,17,2.2518126429681087,-1.071576597694754
782,18,2.081353913715202,-1.0457035853701269
782,19,2.137935872537337,-1.003297374956422
783,0,2.166708383784378,-1.0420326069612584
783,1,2.1142848891376,-1.2311133249687118
783,2,2.3496483494040574,-1.0115960142623763
783,3,2.2737696160486074,-0.989864378578648
783,4,2.2418072687921256,-1.1179388452175485
783,5,2.156547035214777,-0.8517661812614195
783,6,2.1965930537673892,-1.1248809692545478
783,7,2.084058979710615,-1.1549290783837547
783,8,2.28138066276453,-0.9393956342678024
783,9,2.1037543448772578,-1.120596260532574
783,10,2.2761831744979073,-0.928924634779151
783,11,2.2776809655014407,-1.0525247749118352
783,12,2.2812898941802024,-1.01917980862913
783,13,2.1433435434612718,-1.1213520483581492
783,14,2.288569898530956,-0.9074147091994377
783,15,2.191085468468565,-0.8844585109640465
783,16,2.3213157108529376,-1.0747960837503825
783,17,2.254004633458034,-1.0728233670396037
783,18,2.083720193611064,-1.046957422176657
783,19,2.140253627069534,-1.0045909273578353
784,0,2.1689886748823737,-1.0432997975721587
784,1,2.1166003981046284,-1.2321893756506908
784,2,2.3517486514985055,-1.012909738052537
784,3,2.2759469787027626,-0.9911939216803413
784,4,2.244006377351184,-1.1191365778520312
784,5,2.1588631292050304,-0.8532071119119641
784,6,2.1988800690664627,-1.125981850069512
784,7,2.086412823779429,-1.156074890301351
784,8,2.283583121379185,-0.9407303639130746
784,9,2.1060882159416603,-1.1217845240757978
784,10,2.27836461215965,-0.9303130767418741
784,11,2.2776809655014407,-1.0525247749118352
784,12,2.2834584589234526,-1.0204787961160569
784,13,2.1433435434612718,-1.1213520483581492
784,14,2.2907406384650115,-0.9088259685329249
784,15,2.19335298796836,-0.8858879461651111
784,16,2.3234397732902186,-1.0760428305325689
784,17,2.25619443988459,-1.0740688941239285
784,18,2.0860841161484793,-1.0482100098736498
784,19,2.1425640002125297,-1.005892239546523
785,0,2.171266694088487,-1.0445657256600132
785,1,2.1189135999431805,-1.2332643541765238
785,2,2.353846860981778,-1.0142221529295217
785,3,2.2781221719117304,-0.9925221400735035
785,4,2.24620329492485,-1.1203331171781188
785,5,2.1588631292050304,-0.8532071119119641
785,6,2.201159121928311,-1.1270933877833396
785,7,2.0887643228306634,-1.1572195607036169
785,8,2.2857773997867,-0.9420736010884984
785,9,2.1084197613296483,-1.1229716035276895
785,10,2.2805438764896278,-0.9317001354218778
785,11,2.2776809655014407,-1.0525247749118352
785,12,2.285624863157778,-1.021776489440996
785,13,2.1433435434612718,-1.1213520483581492
785,14,2.292909215697644,-0.9102358218331416
785,15,2.195618248031948,-0.88731595702665
785,16,2.325561719579356,-1.0772883352133735
785,17,2.2583820644397745,-1.0753131801945022
785,18,2.0860841161484793,-1.0482100098736498
785,19,2.144872071571087,-1.0071922552605899
786,0,2.173542443683017,-1.045830392492017
786,1,2.121224496968774,-1.2343382616222653
786,2,2.3559429799541856,-1.015533260207059
786,3,2.2802951978528814,-0.9938490350876824
786,4,2.248398023712241,-1.1215284643935481
786,5,2.1588631292050304,-0.8532071119119641
786,6,2.20343040391023,-1.1282150446865977
786,7,2.091113479218171,-1.1583630907363687
786,8,2.287963721915515,-0.9434248879761364
786,9,2.1107489833751005,-1.1241575000765172
786,10,2.282720969669286,-0.933085812207609
786,11,2.2776809655014407,-1.0525247749118352
786,12,2.2877891090517513,-1.0230728899029395
786,13,2.1433435434612718,-1.1213520483581492
786,14,2.2950756323996013,-0.9116442705113522
786,15,2.1978812509268564,-0.8887425449781033
786,16,2.327681551844421,-1.0785325990395478
786,17,2.260567509313402,-1.0765562264968564
786,18,2.0860841161484793,-1.0482100098736498
786,19,2.147177843455588,-1.0084909758013525
787,0,2.1758159259439918,-1.047093799334103
787,1,2.1235330914946187,-1.235411099062898
787,2,2.3580370105139443,-1.016843061197569
787,3,2.282466058701417,-0.9951746080511014
787,4,2.2505905659102825,-1.122722620694863
787,5,2.1588631292050304,-0.8532071119119641
787,6,2.2056941032016835,-1.1293463084615465
787,7,2.09346029529346,-1.1595054815442811
787,8,2.2901423055157015,-0.944783788906073
787,9,2.1130758844095707,-1.1253422149093641
787,10,2.284895893877898,-0.9344701084861315
787,11,2.2776809655014407,-1.0525247749118352
787,12,2.2899511987717847,-1.024367998799586
787,13,2.1433435434612718,-1.1213520483581492
787,14,2.2972398907394687,-0.9130513159774154
787,15,2.2001419989183533,-0.8901677114474872
787,16,2.329799272207367,-1.0797756232566011
787,17,2.2627507766931054,-1.077798034275282
787,18,2.0860841161484793,-1.0482100098736498
787,19,2.1494813181741126,-1.0097884024688315
788,0,2.178087143147169,-1.0483559474509425
788,1,2.1258393858316205,-1.2364828675723327
788,2,2.360128954757181,-1.0181515572121633
788,3,2.2846347566303704,-0.9964988602906601
788,4,2.2527809237137113,-1.1239155872774151
788,5,2.1588631292050304,-0.8532071119119641
788,6,2.2079504043609184,-1.1304866909255185
788,7,2.095804773405695,-1.1606467342708886
788,8,2.2923133621261877,-0.9461498892212253
788,9,2.115400466762289,-1.1265257492121314
788,10,2.2870686512925644,-0.9358530256431273
788,11,2.2776809655014407,-1.0525247749118352
788,12,2.2921111344821323,-1.0256618174273402
788,13,2.1433435434612718,-1.1213520483581492
788,14,2.2994019928836704,-0.9144569596397849
788,15,2.2024004942694497,-0.8915914578613945
788,16,2.3319148827880345,-1.0810174091088018
788,17,2.264931868764337,-1.0790386047728293
788,18,2.0860841161484793,-1.0482100098736498
788,19,2.151782498032441,-1.0110845365617525
789,0,2.1803560975660394,-1.0496168381059472
789,1,2.128143382288382,-1.2375535682234111
789,2,2.362218814777934,-1.019458749560648
789,3,2.286801293810611,-0.9978217931319365
789,4,2.2549690993150775,-1.1251073653353652
789,5,2.1588631292050304,-0.8532071119119641
789,6,2.2101994880992097,-1.1316357268380284
789,7,2.0981469159017014,-1.161786850058586
789,8,2.2944770970708883,-0.9475227942033778
789,9,2.117722732760165,-1.1277081041695378
789,10,2.2892392440882174,-0.9372345650628979
789,11,2.2776809655014407,-1.0525247749118352
789,12,2.294268918344892,-1.0269543470813163
789,13,2.1433435434612718,-1.1213520483581492
789,14,2.301561940996473,-0.9158612029055115
789,15,2.2046567392409018,-0.8930137856449969
789,16,2.3340283857041517,-1.0822579578391789
789,17,2.267110787710372,-1.0802779392313109
789,18,2.0860841161484793,-1.0482100098736498
789,19,2.1540813853340564,-1.0123793793775466
790,0,2.1826227914718284,-1.0508764725612698
790,1,2.130445083171206,-1.2386232020879056
790,2,2.3643065926681555,-1.0207646395515235
790,3,2.288965672410844,-0.9991434078991877
790,4,2.257155094904747,-1.126297956061684
790,5,2.1588631292050304,-0.8532071119119641
790,6,2.2124415311073897,-1.132792972768586
790,7,2.100486725125966,-1.1629258300486305
790,8,2.296638676300457,-0.9488943313691756
790,9,2.120042684727789,-1.1288892809651219
790,10,2.291407674437623,-0.9386147281283655
790,11,2.2776809655014407,-1.0525247749118352
790,12,2.296424552520007,-1.0282455890553375
790,13,2.1433435434612718,-1.1213520483581492
790,14,2.3037197372399874,-0.9172640471802441
790,15,2.2069107360912126,-0.8944346962220459
790,16,2.3361397830713373,-1.0834972706895227
790,17,2.2692875357123112,-1.0815160388913017
790,18,2.0860841161484793,-1.0482100098736498
790,19,2.1563779823801474,-1.0136729322123532
791,0,2.184887227133499,-1.0521348520778055
791,1,2.132744490784097,-1.2396917702365207
791,2,2.366392290517713,-1.0220692284919874
791,3,2.291127894597615,-1.0004637059153512
791,4,2.2593389126709043,-1.1274873606481541
791,5,2.1588631292050304,-0.8532071119119641
791,6,2.2146767059198584,-1.1339580060222723
791,7,2.10282420342064,-1.164063675381142
791,8,2.2987981019786368,-0.9502645020915287
791,9,2.1223603249874348,-1.1300692807812427
791,10,2.291407674437623,-0.9386147281283655
791,11,2.2776809655014407,-1.0525247749118352
791,12,2.29857803916527,-1.029535544641938
791,13,2.1433435434612718,-1.1213520483581492
791,14,2.305875383774169,-0.9186654938682312
791,15,2.2091624870766355,-0.8958541910148742
791,16,2.338249077003102,-1.0847353489003868
791,17,2.2714621149490806,-1.0827529049921407
791,18,2.0860841161484793,-1.0482100098736498
791,19,2.1586722914696104,-1.0149651963610196
792,0,2.1871494068177535,-1.0533919779151937
792,1,2.135041607428765,-1.2407592737388942
792,2,2.368475910414392,-1.0233725176879345
792,3,2.2932879625353104,-1.0017826885020467
792,4,2.2615205547995525,-1.128675580285371
792,5,2.1588631292050304,-0.8532071119119641
792,6,2.216905180811744,-1.1351304236202404
792,7,2.1051593531255417,-1.1652003871951049
792,8,2.300955376267015,-0.9516333077419794
792,9,2.1246756558590634,-1.1312481047990812
792,10,2.291407674437623,-0.9386147281283655
792,11,2.2776809655014407,-1.0525247749118352
792,12,2.300729380436323,-1.0308242151323652
792,13,2.1433435434612718,-1.1213520483581492
792,14,2.308028882756822,-0.9200655443723221
792,15,2.2114119944511756,-0.8972722714443976
792,16,2.340356269610851,-1.0859721937110887
792,17,2.2736345275974363,-1.0839885387719321
792,18,2.0860841161484793,-1.0482100098736498
792,19,2.1609643148990503,-1.0162561731171036
793,0,2.189409332789036,-1.0546478513318185
793,1,2.137336435404625,-1.241825713663598
793,2,2.3705574544438983,-1.0246745084439581
793,3,2.29544587838616,-1.003100356979577
793,4,2.2637000234745175,-1.1298626161627432
793,5,2.1588631292050304,-0.8532071119119641
793,6,2.219127119725318,-1.1363098413323987
793,7,2.107487946716706,-1.1663446152307333
793,8,2.3031105013250253,-0.9530007496907036
793,9,2.1269886796603226,-1.1324257541986416
793,10,2.291407674437623,-0.9386147281283655
793,11,2.2776809655014407,-1.0525247749118352
793,12,2.3028785784866606,-1.0321116018165792
793,13,2.1457353043627383,-1.1223326687860953
793,14,2.310180236343602,-0.921464200093969
793,15,2.2136592604665917,-0.898688938930116
793,16,2.3424613630038857,-1.087207806359711
793,17,2.2758047758319657,-1.0852229414675465
793,18,2.0860841161484793,-1.0482100098736498
793,19,2.1632540549627852,-1.0175458637728743
794,0,2.191667007309534,-1.0559024735848104
794,1,2.139628977008803,-1.2428910910781397
794,2,2.3726369246898593,-1.0259752020633528
794,3,2.2976016443102405,-1.0044167126669294
794,4,2.2658773208774496,-1.1310484694684952
794,5,2.1588631292050304,-0.8532071119119641
794,6,2.221346844826023,-1.137488083940195
794,7,2.109814219865741,-1.1674877030438044
794,8,2.3052634793099496,-0.9543668293065118
794,9,2.129299398706552,-1.1336022301587518
794,10,2.291407674437623,-0.9386147281283655
794,11,2.2776809655014407,-1.0525247749118352
794,12,2.305025635467632,-1.0333977059832553
794,13,2.148117455241448,-1.1233298331292014
794,14,2.312329446688015,-0.9228614624332274
794,15,2.2159042873723993,-0.9001041948901151
794,16,2.3445643592894077,-1.0884421880831034
794,17,2.2779728618250896,-1.0864561143146223
794,18,2.0860841161484793,-1.0482100098736498
794,19,2.165541513952847,-1.0188342696193131
795,0,2.1939224326391833,-1.0571558459300474
795,1,2.1419192345361346,-1.2439554070489631
795,2,2.374714323233827,-1.0272745998481139
795,3,2.299755262465475,-1.0057317568817776
795,4,2.2680524491878256,-1.1322331413896671
795,5,2.1588631292050304,-0.8532071119119641
795,6,2.2235643583358056,-1.1386651526230516
795,7,2.1121381749012484,-1.1686296517785506
795,8,2.3074143123769213,-0.9557315479568513
795,9,2.131607815310783,-1.1347775338570656
795,10,2.291407674437623,-0.9386147281283655
795,11,2.27994221943401,-1.0536174453100098
795,12,2.3071705535284432,-1.0346825289197852
795,13,2.1504901959462552,-1.1243427169997537
795,14,2.3144765159414233,-0.9242573327887584
795,15,2.218147077415873,-0.9015180407410672
795,16,2.3466652605725176,-1.0896753401168833
795,17,2.280138787747064,-1.0876880585475666
795,18,2.0860841161484793,-1.0482100098736498
795,19,2.1678266941589843,-1.0201213919461156
796,0,2.196175611035666,-1.0584079696221564
796,1,2.1442072102791707,-1.2450186626414494
796,2,2.3767896521552787,-1.0285727030989398
796,3,2.301906735007637,-1.007045490940482
796,4,2.270225410582951,-1.1334166331121167
796,5,2.16124284764075,-0.8545347799030969
796,6,2.2257796624743995,-1.139841048559215
796,7,2.11445981414951,-1.1697704625780634
796,8,2.3095630026789267,-0.9570949070078066
796,9,2.1339139317837437,-1.135951666470063
796,10,2.291407674437623,-0.9386147281283655
796,11,2.2821938250310225,-1.0547242567816135
796,12,2.30931333481616,-1.0359660719122776
796,13,2.1528537281270808,-1.1253705358439279
796,14,2.316621446253045,-0.9256518125578297
796,15,2.2203876328420473,-0.9029304778982337
796,16,2.3487640689562195,-1.090907263695437
796,17,2.280138787747064,-1.0876880585475666
796,18,2.088528278484491,-1.0492911773650464
796,19,2.170109597868665,-1.0214072320416925
797,0,2.1984265447544153,-1.0596588459145146
797,1,2.146492906528177,-1.2460808589199186
797,2,2.3788629135316213,-1.0298695131152331
797,3,2.3040560640903536,-1.0083579161580916
797,4,2.272396207237963,-1.1345989458205203
797,5,2.1636118787473144,-0.8558759566224698
797,6,2.227992759459326,-1.1410157729257584
797,7,2.1167791399344886,-1.1709101365842955
797,8,2.3117095523668065,-0.9584569078241016
797,9,2.1362177504338584,-1.1371246291730521
797,10,2.291407674437623,-0.9386147281283655
797,11,2.2844360048332457,-1.055844507574373
797,12,2.311453981475708,-1.0372483362455607
797,13,2.1552082542388873,-1.1264125429656298
797,14,2.318764239769957,-0.9270449031363167
797,15,2.2226259558937205,-0.9043415077754653
797,16,2.3508564910731855,-1.0921452490905028
797,17,2.280138787747064,-1.0876880585475666
797,18,2.0909625127053664,-1.050388107319212
797,19,2.1723902273670777,-1.022691791193171
798,0,2.2006752360486193,-1.0609084760592504
798,1,2.148776325571137,-1.2471419969476303
798,2,2.3809341094381913,-1.0311650311951022
798,3,2.3062032518651048,-1.0096690338483452
798,4,2.27456484132583,-1.1357800806983742
798,5,2.1659705239733786,-0.8572299042061976
798,6,2.230203651505897,-1.1421893268985819
798,7,2.1190961545778317,-1.1720486749380619
798,8,2.313853963589259,-0.9598175517691004
798,9,2.138519273567252,-1.1382964231401698
798,10,2.291407674437623,-0.9386147281283655
798,11,2.2866689801444973,-1.0569775293764432
798,12,2.3135879136352027,-1.0385369416923098
798,13,2.157553976672061,-1.127468027643898
798,14,2.3209048986370986,-0.9284366059187046
798,15,2.224862048811456,-0.9057511317852045
798,16,2.352946828145644,-1.0933820008651496
798,17,2.280138787747064,-1.0876880585475666
798,18,2.0933870531589234,-1.0514999828059362
798,19,2.174663766561329,-1.023983588006518
799,0,2.202921687169219,-1.0621568613072447
799,1,2.151057469693756,-1.2482020777867846
799,2,2.383003241948258,-1.0324592586353616
799,3,2.308348300481228,-1.0109788453236732
799,4,2.276731315017358,-1.1369600389279955
799,5,2.1683190788413773,-0.8585959229442633
799,6,2.2324123408272185,-1.1433617116524144
799,7,2.1214108603988735,-1.1731860787790405
799,8,2.315996238492842,-0.9611768402048089
799,9,2.1408185034877514,-1.1394670495443826
799,10,2.291407674437623,-0.9386147281283655
799,11,2.288892970386216,-1.0581226856593011
799,12,2.3157197193631127,-1.0398242630629417
799,13,2.1598910969961276,-1.1285363133408197
799,14,2.323043424997271,-0.9298269222980892
799,15,2.2270959138335855,-0.9071593513384862
799,16,2.3550350822660238,-1.0946175202573671
799,17,2.280138787747064,-1.0876880585475666
799,18,2.0958021334096055,-1.0526260277235806
799,19,2.176935040180072,-1.0252740975479198
800,0,2.205165900364915,-1.0634040029081324
800,1,2.1533363411794615,-1.2492611024985234
800,2,2.3850703131330246,-1.0337521967315344
800,3,2.3104912120859185,-1.012287351895198
800,4,2.2788956304811885,-1.1381388216905235
800,5,2.170657832494696,-0.8599733492029664
800,6,2.23461882963419,-1.1445329283608139
800,7,2.123723259714636,-1.1743223492457735
800,8,2.318136379221975,-0.9625347744918761
800,9,2.143115442496888,-1.140636509557489
800,10,2.291407674437623,-0.9386147281283655
800,11,2.2911081925414205,-1.059279370101593
800,12,2.3178494007933783,-1.0411103016460663
800,13,2.1622198153049763,-1.1296167559967503
800,14,2.3251747412382637,-0.931223636037109
800,15,2.22932755319621,-0.9085661678449397
800,16,2.3571212555246697,-1.0958518085039115
800,17,2.280138787747064,-1.0876880585475666
800,18,2.0982079853955926,-1.0537655046843928
800,19,2.1792040504968546,-1.0265633211091774
801,0,2.205165900364915,-1.0634040029081324
801,1,2.1556129423094057,-1.2503190721429316
801,2,2.387135325061632,-1.0350438467778529
801,3,2.3126319888242333,-1.013594554872736
801,4,2.2810536278899876,-1.1393240398929074
801,5,2.1729870673354816,-0.861361553463211
801,6,2.236823120135509,-1.1457029781961696
801,7,2.126033354839834,-1.175457487475669
801,8,2.320274387918941,-0.9638913559895956
801,9,2.1454100928938997,-1.1418048043501197
801,10,2.291407674437623,-0.9386147281283655
801,11,2.2933148606786817,-1.0604470050907624
801,12,2.319976960057812,-1.0423950587290096
801,13,2.1645403296529038,-1.130708742409516
801,14,2.327303933646544,-0.9326189579665645
801,15,2.231556969133202,-0.9099715827127896
801,16,2.359205350009843,-1.0970848668403066
801,17,2.280138787747064,-1.0876880585475666
801,18,2.100604838706037,-1.054917713007616
801,19,2.181470799782958,-1.027851259980805
802,0,2.205165900364915,-1.0634040029081324
802,1,2.157887275362469,-1.2513759877790378
802,2,2.389198279801159,-1.0363342100672601
802,3,2.3147706328390916,-1.0149004555647987
802,4,2.283209474897017,-1.140508077048776
802,5,2.175307058742076,-0.8627599384686644
802,6,2.2390252145376723,-1.1468718623297027
802,7,2.1283411480868746,-1.1765914946050013
802,8,2.3224102667238884,-0.9652465860559069
802,9,2.147702456975734,-1.1429719350917387
802,10,2.293659464831954,-0.939848917196968
802,11,2.2955131855476325,-1.0616250402992504
802,12,2.322102399286103,-1.0436785355978144
802,13,2.166852835571831,-1.1318116886942196
802,14,2.329431004353436,-0.9340128894831741
802,15,2.23378416387621,-0.9113755973488574
802,16,2.361287367807725,-1.0983166965008448
802,17,2.280138787747064,-1.0876880585475666
802,18,2.102992919965234,-1.0560819868159843
802,19,2.1837352903074008,-1.0291379154520308
803,0,2.205165900364915,-1.0634040029081324
803,1,2.1601593426152608,-1.2524318504648155
803,2,2.3912591794166254,-1.037623287891411
803,3,2.3169071462712783,-1.0162050552785937
803,4,2.285363173660282,-1.141690934343352
803,5,2.1776180748562424,-0.8641679374779875
803,6,2.2412251150449793,-1.1480395819314673
803,7,2.130646641765861,-1.1777243717689128
803,8,2.3245440177748344,-0.9666004660473964
803,9,2.1499925370370496,-1.1441379029506449
803,10,2.295901093507128,-0.9410962563885986
803,11,2.2977033742383575,-1.0628129513320703
803,12,2.3242257206058183,-1.0449607335372426
803,13,2.1691575256609794,-1.1329250388202574
803,14,2.331555955488138,-0.9354054319822648
803,15,2.2360091396546573,-0.9127782131585633
803,16,2.363367311002417,-1.099547298718589
803,17,2.280138787747064,-1.0876880585475666
803,18,2.1053724523118658,-1.057257693231148
803,19,2.1859975243369396,-1.030423288810798
804,0,2.205165900364915,-1.0634040029081324
804,1,2.162429146342123,-1.2534866612571844
804,2,2.393318025970993,-1.0389110815406735
804,3,2.3190415312594457,-1.017508355320027
804,4,2.2875147263356372,-1.142872612960676
804,5,2.179920376431406,-0.8655850126155361
804,6,2.243422823859532,-1.1492061381703518
804,7,2.132949838184595,-1.1788561201014145
804,8,2.3266707450419717,-0.9679606862349335
804,9,2.152280335370219,-1.1453027090939736
804,10,2.2981328231414104,-0.9423560667246046
804,11,2.2998856298977484,-1.0640102384425816
804,12,2.3263469261424046,-1.0462416538307755
804,13,2.171454589241152,-1.1340482632221633
804,14,2.3336787891777298,-0.9367965868577729
804,15,2.2382318986957475,-0.9141794315459272
804,16,2.365445181675944,-1.100776674725373
804,17,2.280138787747064,-1.0876880585475666
804,18,2.1077436549626576,-1.0584442306635753
804,19,2.1882575041360735,-1.031707381343767
805,0,2.205165900364915,-1.0634040029081324
805,1,2.164696688815131,-1.254540421212011
805,2,2.395370344870329,-1.0402047217656214
805,3,2.321173789940115,-1.018810356993703
805,4,2.289664135076789,-1.1440531140836103
805,5,2.182214216734105,-0.8670106533151465
805,6,2.2456183431812393,-1.15037153221408
805,7,2.1352507396485785,-1.179986740735388
805,8,2.328795353047128,-0.9693195509769587
805,9,2.1545658542653303,-1.1464663546876968
805,10,2.3003549125107683,-0.9436277025537049
805,11,2.3020601514965806,-1.0652164253133467
805,12,2.3284660180191903,-1.0475212977606156
805,13,2.1737442120665293,-1.1351808574809457
805,14,2.3357995075471694,-0.9381863555022458
805,15,2.240452443224464,-0.9155792539135699
805,16,2.3675209819082568,-1.1020048257518036
805,17,2.280138787747064,-1.0876880585475666
805,18,2.110106742850875,-1.0596410271925334
805,19,2.1905152319670442,-1.0329901943363151
806,0,2.205165900364915,-1.0634040029081324
806,1,2.166961972304097,-1.2555931313841102
806,2,2.397420618678118,-1.0414970729059687
806,3,2.3233039244476794,-1.0201110616029267
806,4,2.2918114020352975,-1.145232438893837
806,5,2.1844998414916725,-0.8684443748518401
806,6,2.247811675207818,-1.1515357652292126
806,7,2.1375493484610155,-1.181116234802585
806,8,2.3309178439170375,-0.9706770616336967
806,9,2.1568490960101907,-1.1476288408966246
806,10,2.3003549125107683,-0.9436277025537049
806,11,2.3042271336416773,-1.0664310578990162
806,12,2.3305829983573885,-1.0487996666076878
806,13,2.1760265760876,-1.1363223410726389
806,14,2.337918112719298,-0.9395747393068434
806,15,2.2426707754635746,-0.916977681662715
806,16,2.3695947137772335,-1.103231753027261
806,17,2.280138787747064,-1.0876880585475666
806,18,2.1124619263310613,-1.0608475390318213
806,19,2.1927707100898397,-1.0342717290725398
807,0,2.205165900364915,-1.0634040029081324
807,1,2.169224999076572,-1.2566447928272457
807,2,2.3994688494466865,-1.0427881362553604
807,3,2.3254319369144056,-1.0214104704497047
807,4,2.293956529360579,-1.1464105885718618
807,5,2.1867774888799687,-0.8698857169565122
807,6,2.2500028221347956,-1.152698838381148
807,7,2.1398456669228163,-1.1822446034336307
807,8,2.333038219776316,-0.9720332195640172
807,9,2.159130062890327,-1.1487901688844073
807,10,2.3003549125107683,-0.9436277025537049
807,11,2.30638676642809,-1.0676537033282727
807,12,2.332697869276099,-1.0500767616516404
807,13,2.178301859259477,-1.1374722561808759
807,14,2.340034606814841,-0.9409617396613392
807,15,2.2448868976336316,-0.9183747161931901
807,16,2.371666379358682,-1.1044574577799007
807,17,2.2823958552369974,-1.0887379168024534
807,18,2.1148094109423097,-1.0620632490770356
807,19,2.1950239407621956,-1.0355519868352585
808,0,2.205165900364915,-1.0634040029081324
808,1,2.171485771397848,-1.257695406594132
808,2,2.4015150392263154,-1.044077913106152
808,3,2.3275578294704364,-1.0227085848347464
808,4,2.296099519199908,-1.1475875642970135
808,5,2.189052867038077,-0.8713256230456573
808,6,2.2521917861555125,-1.1538607528341238
808,7,2.1421396973325977,-1.183371847758023
808,8,2.335156482747462,-0.9733880261254356
808,9,2.1614087571889895,-1.1499503398135351
808,10,2.3003549125107683,-0.9436277025537049
808,11,2.3085392353267125,-1.068883948861953
808,12,2.3348106328923097,-1.0513525841708469
808,13,2.18057023539042,-1.1386301665703757
808,14,2.342148991952412,-0.9423473579541218
808,15,2.2471008119529756,-0.9197703589034281
808,16,2.3737359807263414,-1.1056819412366543
808,17,2.2846434680054486,-1.0898021443364976
808,18,2.117149397223155,-1.063287665530273
808,19,2.197274926239598,-1.0368309689060105
809,0,2.205165900364915,-1.0634040029081324
809,1,2.1737442915309604,-1.258744973736434
809,2,2.4035591900652427,-1.0453664047494113
809,3,2.3296769727063777,-1.0240129607457478
809,4,2.2982403736984196,-1.148763367247446
809,5,2.1913259782436536,-0.8727640945606229
809,6,2.2543785694611236,-1.155021509751217
809,7,2.1444314419866863,-1.1844979689041346
809,8,2.3372726349508586,-0.9747414826741146
809,9,2.1636851811871534,-1.1511093548453402
809,10,2.3003549125107683,-0.9436277025537049
809,11,2.3106847211032138,-1.0701214009045665
809,12,2.3369212913208988,-1.0526271354424068
809,13,2.18057023539042,-1.1386301665703757
809,14,2.344261270248512,-0.9437315955721967
809,15,2.249312520637737,-0.9211646111904687
809,16,2.3758035199518845,-1.106905204623231
809,17,2.2868818351958313,-1.0908800374926633
809,18,2.1194820805718946,-1.0645203205983034
809,19,2.1995236687752855,-1.0381086765650578
810,0,2.205165900364915,-1.0634040029081324
810,1,2.17600056173669,-1.25979349530477
810,2,2.4056013040096653,-1.0466536124749197
810,3,2.331794004253258,-1.025316036869035
810,4,2.300379094999111,-1.1499379986001392
810,5,2.193596824772085,-0.8742011329413203
810,6,2.2565631742406014,-1.156181110294347
810,7,2.146720903179121,-1.1856229679992139
810,8,2.339386678504776,-0.9760935905648656
810,9,2.165959337163521,-1.1522672151399977
810,10,2.3003549125107683,-0.9436277025537049
810,11,2.3128233997645813,-1.0713656840665307
810,12,2.339029846674637,-1.0539004167421473
810,13,2.18057023539042,-1.1386301665703757
810,14,2.346371443817534,-0.9451144539011869
810,15,2.2515220259018385,-0.9225574744499598
810,16,2.37786899910492,-1.1081272491641188
810,17,2.28911116551115,-1.0919709257771777
810,18,2.121807651146784,-1.0657607692603996
810,19,2.201770170620252,-1.0393851110913874
811,0,2.205165900364915,-1.0634040029081324
811,1,2.1782508454835883,-1.2608489804125633
811,2,2.407641383103741,-1.0479395375711735
811,3,2.333908926230228,-1.0266178145089886
811,4,2.302515685242845,-1.1511114595309002
811,5,2.195865408896491,-0.8756367396262265
811,6,2.258745602680737,-1.1573395556242745
811,7,2.1490080832016547,-1.186746846169386
811,8,2.3414986155253743,-0.9774443511511497
811,9,2.168231227394525,-1.1534239218565272
811,10,2.3003549125107683,-0.9436277025537049
811,11,2.3149554425299375,-1.0726164402745475
811,12,2.341136301064191,-1.055172429344624
811,13,2.18057023539042,-1.1386301665703757
811,14,2.348479514771763,-0.946495934325335
811,15,2.2537293299569967,-0.9239489500761591
811,16,2.379932420252995,-1.1093480760825851
811,17,2.291331666527777,-1.0930741702395501
811,18,2.124130904741935,-1.0669999820561467
811,19,2.2040144340232475,-1.0406602737627115
812,0,2.20749653480952,-1.0644749235846782
812,1,2.1804988868575625,-1.2619034137457836
812,2,2.4096794293895916,-1.049224181325385
812,3,2.336021740754327,-1.0279182949686891
812,4,2.3046501465683495,-1.1522837512143647
812,5,2.198131732887726,-0.877070916052385
812,6,2.260925856966144,-1.1584968469006047
812,7,2.1512929843437565,-1.1878696045396542
812,8,2.3436084481267043,-0.9787937657850797
812,9,2.17050085415433,-1.154579476152793
812,10,2.3003549125107683,-0.9436277025537049
812,11,2.3170853610827558,-1.0738659503199348
812,12,2.343240656598123,-1.056443174523123
812,13,2.18057023539042,-1.1386301665703757
812,14,2.350585485221381,-0.9478760382275043
812,15,2.2559344350127253,-0.9253390394619347
812,16,2.3819937854615953,-1.1105676866006793
812,17,2.2935435441000704,-1.0941891619298931
812,18,2.1264518436829274,-1.0682379602259975
812,19,2.2062564612307822,-1.041934165855469
813,0,2.2098174576170906,-1.065560773724459
813,1,2.182744688108905,-1.2629567963599198
813,2,2.411715444907303,-1.050507545023484
813,3,2.338132449940484,-1.029217479549919
813,4,2.306782481112223,-1.1534548748239977
813,5,2.200395799014383,-0.8785036636554079
813,6,2.263103939279259,-1.1596529852817874
813,7,2.153575608892615,-1.1889912442339006
813,8,2.3457161784207106,-0.980141835817421
813,9,2.1727682197148344,-1.155733879185506
813,10,2.3003549125107683,-0.9436277025537049
813,11,2.319213157555087,-1.0751142154534534
813,12,2.343240656598123,-1.056443174523123
813,13,2.18057023539042,-1.1386301665703757
813,14,2.3526893572744663,-0.9492547669891802
813,15,2.2581373432763368,-0.9267277439987678
813,16,2.3840530967941507,-1.1117860819392325
813,17,2.295747001846493,-1.095315320430701
813,18,2.1287704702930226,-1.0694747050091697
813,19,2.2084962544871276,-1.0432067886448273
814,0,2.2121288908915004,-1.0666608037808
814,1,2.1849882514856644,-1.2640091293094087
814,2,2.4137494316949293,-1.0517896299501186
814,3,2.340241055901521,-1.030515369553163
814,4,2.3089126910089344,-1.154624831532095
814,5,2.2026576095427943,-0.879934983869477
814,6,2.265279851800344,-1.160807971925118
814,7,2.1558559591331394,-1.1901117663748877
814,8,2.347821808517233,-0.981488562597593
814,9,2.1750333263456727,-1.1568871321102252
814,10,2.3003549125107683,-0.9436277025537049
814,11,2.3213388340768577,-1.076361236924618
814,12,2.343240656598123,-1.056443174523123
814,13,2.18057023539042,-1.1386301665703757
814,14,2.3547911330369966,-0.9506321219904714
814,15,2.2603380569529445,-0.9281150650767527
814,16,2.386110356312033,-1.1130032633178595
814,17,2.2979422407087813,-1.0964520924601835
814,18,2.1310867868931687,-1.070710217643646
814,19,2.2107338160343186,-1.0444781434046828
815,0,2.2144310560580696,-1.0677743004498792
815,1,2.1872295792336502,-1.2650604136476367
815,2,2.4157813917884927,-1.0530704373886572
815,3,2.3423475607481548,-1.0318119662776106
815,4,2.311040778390826,-1.1557936225097847
815,5,2.2049171667370344,-0.8813648781273452
815,6,2.2674495201155995,-1.1619694554507085
815,7,2.158134037347963,-1.1912311720842592
815,8,2.3499253405240097,-0.9828339474736705
815,9,2.17729617631422,-1.1580392360813576
815,10,2.3003549125107683,-0.9436277025537049
815,11,2.323462392775872,-1.0776070159816982
815,12,2.343240656598123,-1.056443174523123
815,13,2.18057023539042,-1.1386301665703757
815,14,2.3568908146128518,-0.9520081046101118
815,15,2.2625365782454647,-0.9295010040845992
815,16,2.3881655660745613,-1.1142192319549602
815,17,2.300129458576508,-1.097598950544234
815,18,2.1334007958020007,-1.0719444993661758
815,19,2.212969148112157,-1.0457482314076632
816,0,2.216724173118554,-1.0689005848535447
816,1,2.189468673596434,-1.2661106504269406
816,2,2.417811327221987,-1.0543499686211892
816,3,2.3444519665889985,-1.0331072710211564
816,4,2.313166745388115,-1.1569612489270273
816,5,2.2071744728589224,-0.882793347860338
816,6,2.2696170263996285,-1.1631297815811186
816,7,2.1604098458174437,-1.1923494624825415
816,8,2.352026776546678,-0.9841779917923851
816,9,2.1795567718855904,-1.1591901922521604
816,10,2.3003549125107683,-0.9436277025537049
816,11,2.325583835777814,-1.07885155387172
816,12,2.343240656598123,-1.056443174523123
816,13,2.18057023539042,-1.1386301665703757
816,14,2.358988404103815,-0.9533827162254611
816,15,2.2647329093546196,-0.9308855624096338
816,16,2.3902187281390024,-1.1154339890677205
816,17,2.3023088499701223,-1.0987553917541077
816,18,2.1357124993358436,-1.073177551412276
816,19,2.215202252958212,-1.0470170539251276
817,0,2.219008460008322,-1.0700390108115003
817,1,2.1917055368153506,-1.2671598406986082
817,2,2.4198392400273807,-1.0556282249285267
817,3,2.346554275530565,-1.0344012850804014
817,4,2.315290594128897,-1.1581277119526183
817,5,2.209429530168024,-0.8842203944983551
817,6,2.2717823728221074,-1.1642889514778358
817,7,2.162683386819668,-1.1934666386891442
817,8,2.354126118688778,-0.9855206968991265
817,9,2.1818151153226424,-1.1603400017747418
817,10,2.3003549125107683,-0.9436277025537049
817,11,2.3277031652062505,-1.0800948518404674
817,12,2.343240656598123,-1.056443174523123
817,13,2.18057023539042,-1.1386301665703757
817,14,2.361083903609575,-0.9547559582125071
817,15,2.266927052478939,-0.9322687414378007
817,16,2.3922698445605737,-1.1166475358721133
817,17,2.304480605776199,-1.0999209365069251
817,18,2.138021899808715,-1.0744093750162336
817,19,2.2174331328078236,-1.0482846122271687
818,0,2.221284132044907,-1.071188963199395
818,1,2.193940171129503,-1.2682079855128803
818,2,2.421865132234615,-1.0569052075902055
818,3,2.348654489677267,-1.035694009750655
818,4,2.317412326739146,-1.1592930127541883
818,5,2.211682340921653,-0.8856460194698714
818,6,2.27394556155055,-1.1654469663011906
818,7,2.1649546626304534,-1.1945827018223618
818,8,2.3562233690517522,-0.9868620641379439
818,9,2.1840712088859804,-1.1614886658000625
818,10,2.302604795406362,-0.9448441649927226
818,11,2.329820383182632,-1.0813369111324824
818,12,2.343240656598123,-1.056443174523123
818,13,2.18057023539042,-1.1386301665703757
818,14,2.3631773152277296,-0.9561278319458664
818,15,2.269119009814762,-0.9336505425536633
818,16,2.394318917392445,-1.1178598735829002
818,17,2.3066449130292477,-1.1010951274261578
818,18,2.140328999532327,-1.0756399714111045
818,19,2.219661789894105,-1.0495509075826135
819,0,2.223551401458159,-1.072349856389305
819,1,2.196172578775762,-1.2692550859189506
819,2,2.423889005871611,-1.0581809178844863
819,3,2.3507526111314214,-1.0369854463259363
819,4,2.3195319453427192,-1.1604571524982044
819,5,2.213932907374876,-0.8870702242019392
819,6,2.2761065947503103,-1.1666038272103567
819,7,2.1672236755233487,-1.1956976529993746
819,8,2.358318529734951,-0.9882020948515471
819,9,2.186325054833956,-1.1626361854779361
819,10,2.30484434120347,-0.9460743176700044
819,11,2.3319354918262962,-1.082577732991068
819,12,2.343240656598123,-1.056443174523123
819,13,2.18057023539042,-1.1386301665703757
819,14,2.3652686410537855,-0.9574983387987858
819,15,2.2713036545431318,-0.9350390700072465
819,16,2.3963659486857396,-1.1190710034136324
819,17,2.308801954734969,-1.1022775282593187
819,18,2.1426338008160886,-1.0768693418287172
819,19,2.2218882264479447,-1.050815941259025
820,0,2.2258104769931992,-1.0735211327690866
820,1,2.19840276198877,-1.2703011429649678
820,2,2.425910862964268,-1.0594553570883567
820,3,2.3528486419932495,-1.038275596098974
820,4,2.3216494520613566,-1.1616201323499717
820,5,2.216181231780512,-0.8884930101201886
820,6,2.2782654745845843,-1.1677595353633532
820,7,2.169490427769638,-1.19681149333625
820,8,2.3604116028356326,-0.9895407903813082
820,9,2.1885766554226715,-1.163782561957031
820,10,2.307073812469486,-0.9473174581860244
820,11,2.334048493254469,-1.0838173186582878
820,12,2.343240656598123,-1.056443174523123
820,13,2.1829214727083195,-1.1396023081296547
820,14,2.3673578831811617,-0.958867480143144
820,15,2.2734861222861142,-0.9364262138015383
820,16,2.398410940489538,-1.1202809265766522
820,17,2.3109519097303473,-1.1034677228501484
820,18,2.1449363059671085,-1.0780974874996727
820,19,2.224112444698007,-1.0520797145227032
821,0,2.22806156357821,-1.0747022613370976
821,1,2.2006307230009425,-1.2713461576980358
821,2,2.427930705536467,-1.0607285264775315
821,3,2.3549425843608804,-1.0395644603612098
821,4,2.3237648490146845,-1.1627819534736343
821,5,2.218427316389136,-0.8899143786488296
821,6,2.2804222032144135,-1.168914091917045
821,7,2.1717549216383425,-1.1979242239479428
821,8,2.3625025904489645,-0.9908781520672627
821,9,2.190826012905981,-1.1649277963848712
821,10,2.3092934684610755,-0.9485729185457534
821,11,2.3361593895822663,-1.0850556693749684
821,12,2.343240656598123,-1.056443174523123
821,13,2.1852633540381126,-1.1405903465497431
821,14,2.369445043701192,-0.960235257349453
821,15,2.275666415228361,-0.9378119753250711
821,16,2.4004538948508793,-1.1214896442830937
821,17,2.3130949525764186,-1.1046653141626774
821,18,2.1472365172901964,-1.079324409653346
821,19,2.226334446870737,-1.0533422286386862
822,0,2.230304862049915,-1.0758927363688358
822,1,2.202856464042471,-1.2723901311642158
822,2,2.4299485356100723,-1.0620004273264543
822,3,2.3570344403303523,-1.0408520404027977
822,4,2.325878138320217,-1.163942617032176
822,5,2.2206711634490808,-0.8913343312106538
822,6,2.2825767827986847,-1.1700674980271444
822,7,2.174017159396223,-1.199035845948298
822,8,2.3645914946680278,-0.992214181248111
822,9,2.193073129535494,-1.1660718899078375
822,10,2.3115035645704314,-0.9498400633926768
822,11,2.3382681829226977,-1.0862927863807001
822,12,2.343240656598123,-1.056443174523123
822,13,2.1875960719450678,-1.1415935001037891
822,14,2.371530124703126,-0.961601671786859
822,15,2.2778445355523487,-0.9391963559649935
822,16,2.4024948138147626,-1.1226971577428846
822,17,2.3152312534799653,-1.1058699233546265
822,18,2.149534437087866,-1.0805501095178875
822,19,2.2285542351903604,-1.054603484870752
823,0,2.23254056893028,-1.0770920761521108
823,1,2.205079987341324,-1.2734330644085259
823,2,2.4319643552049337,-1.0632710609082991
823,3,2.3591242119956153,-1.0421383375126068
823,4,2.3279893220933587,-1.1651021241874224
823,5,2.2229127752064395,-0.8927528692270348
823,6,2.2847292154941345,-1.171219754848212
823,7,2.1762771433077814,-1.20014636045005
823,8,2.3666783175838173,-0.9935488792612197
823,9,2.1953180075605756,-1.1672148436711685
823,10,2.3137043518588256,-0.9511182883338145
823,11,2.3403748753866673,-1.087528670913838
823,12,2.343240656598123,-1.056443174523123
823,13,2.189919820499553,-1.1426110242879903
823,14,2.373613128274132,-0.9629667248231442
823,15,2.2800204854383765,-0.9405793571070719
823,16,2.40453369942415,-1.1239034681647468
823,17,2.3173609782407536,-1.1070811888977041
823,18,2.1518300676603372,-1.0817745883202237
823,19,2.2307718118788884,-1.0558634844814192
824,0,2.234768876248637,-1.078299821787453
824,1,2.2073012951232505,-1.2744749584749435
824,2,2.4339781663388886,-1.0645404284949718
824,3,2.3612119014485327,-1.0434233529782215
824,4,2.3300984024474074,-1.1662604761000412
824,5,2.2251467628572836,-0.8941784775491706
824,6,2.28687950345535,-1.172370863533658
824,7,2.1785348756352643,-1.2012557685648249
824,8,2.3687630612852453,-0.9948822474426227
824,9,2.1975606492283513,-1.1683566588189622
824,10,2.3158960766678347,-0.9524070183517086
824,11,2.342479469082977,-1.0887633242115042
824,12,2.345438172144591,-1.0575395295842267
824,13,2.1922347943726095,-1.1436422100002361
824,14,2.3756940564992983,-0.964330417824728
824,15,2.282194267064573,-0.9419609801356916
824,16,2.40453369942415,-1.1239034681647468
824,17,2.319484288221271,-1.1082987657424517
824,18,2.1541234113055387,-1.0829978472860593
824,19,2.232987179156117,-1.0571222287319488
825,0,2.2369899714039936,-1.0795155360505586
825,1,2.209520389611782,-1.2755158144064054
825,2,2.435989971027764,-1.0658085313571102
825,3,2.363297510778884,-1.044707088085944
825,4,2.3322053814935537,-1.1674176739295439
825,5,2.227378524336891,-0.895602665250991
825,6,2.289027648834772,-1.1735208252357434
825,7,2.1807903586386637,-1.2023640714031414
825,8,2.370845727859142,-0.9962142871270229
825,9,2.199801056783708,-1.1694973364941765
825,10,2.3180789802995614,-0.9537057062993783
825,11,2.344581966118326,-1.0899967475095875
825,12,2.3476261809239927,-1.0586493923859075
825,13,2.194541188045235,-1.1446863818039907
825,14,2.377772911461636,-0.9656927521566684
825,15,2.284365882606896,-0.9433412264338589
825,16,2.40453369942415,-1.1239034681647468
825,17,2.321605482518192,-1.1095151293835777
825,18,2.1564144703191097,-1.0842198876398776
825,19,2.235200339239631,-1.058379718882345
826,0,2.239204037062831,-1.0807388023136766
826,1,2.211737273028234,-1.2765556332448096
826,2,2.4379997712853787,-1.0670753707640865
826,3,2.365381042074366,-1.0459895441207938
826,4,2.3343102613408866,-1.1685737188342866
826,5,2.2296080618792575,-0.8970254337581092
826,6,2.291173653782696,-1.174669641105581
826,7,2.1830435945757203,-1.2034712700744117
826,8,2.3729263193902583,-0.9975449996477933
826,9,2.202035124411818,-1.1706449107655443
826,10,2.320253298758054,-0.9550138314743145
826,11,2.346682368597317,-1.091228942042746
826,12,2.3498049005687474,-1.0597721026077311
826,13,2.1968391951197512,-1.1457428962746428
826,14,2.3798496952420813,-0.9670537291826635
826,15,2.286535334239135,-0.9447200973832015
826,16,2.40453369942415,-1.1239034681647468
826,17,2.323724563254834,-1.1107302810386634
826,18,2.1587032469944023,-1.0854407106049422
826,19,2.2374112943448057,-1.0596359561913564
827,0,2.241411251088166,-1.0819692235229605
827,1,2.2139519475917093,-1.2775944160310158
827,2,2.4400075691235443,-1.0683409479840085
827,3,2.3674624974205956,-1.0472707223665112
827,4,2.336413044096392,-1.1697286119714714
827,5,2.2318353777161524,-0.8984467844947179
827,6,2.2933175204472747,-1.1758173122931366
827,7,2.1852945857019255,-1.2045773656869427
827,8,2.375004837961269,-0.9988743863369786
827,9,2.2042669658162977,-1.1717913414918695
827,10,2.322419262544901,-0.9563308982676683
827,11,2.3487806786224543,-1.0924599090444074
827,12,2.351974547289349,-1.060907030859217
827,13,2.1991290077227457,-1.1468111404254042
827,14,2.3819244099194967,-0.9684133502650527
827,15,2.288702624132912,-0.9460975943639707
827,16,2.40453369942415,-1.1239034681647468
827,17,2.3258415325523987,-1.1119442219240767
827,18,2.1609852054507144,-1.0866687876287855
827,19,2.2396200466848097,-1.0608909419164783
828,0,2.243611786496082,-1.0832064212289176
828,1,2.216164415519099,-1.2786321638048463
828,2,2.4420133665520685,-1.06960526428372
828,3,2.3695418789011113,-1.0485506241055567
828,4,2.3385137318649583,-1.1708823544971474
828,5,2.234060474077121,-0.8998667188835908
828,6,2.295459250974521,-1.17696383994723
828,7,2.1875433342705235,-1.2056823593479373
828,8,2.377081285652773,-1.0002024485252958
828,9,2.2064965832312216,-1.1729366298207302
828,10,2.3245770965026966,-0.957656434884902
828,11,2.3508768982941484,-1.093689649746771
828,12,2.354135335298471,-1.062053577170988
828,13,2.201410815990073,-1.1478905302097557
828,14,2.383997057570674,-0.9697716167648179
828,15,2.290867754457687,-0.9474737187550423
828,16,2.40453369942415,-1.1239034681647468
828,17,2.3279563925299747,-1.1131569532549737
828,18,2.1632648899456326,-1.087895640879368
828,19,2.241826598470606,-1.0621446773139522
829,0,2.245810129185575,-1.084442386132079
829,1,2.2183746790250862,-1.279668877605088
829,2,2.444017165578756,-1.0708683209288026
829,3,2.3716191885973767,-1.0498292506191131
829,4,2.3406123267493752,-1.172034947566212
829,5,2.236283353189487,-0.9012852383460834
829,6,2.297598847508309,-1.1781092252155367
829,7,2.1897898425325137,-1.2067862521634953
829,8,2.3791556645432963,-1.0015291875421368
829,9,2.208723978888439,-1.1740807768985613
829,10,2.3267270197007073,-0.9589899921342842
829,11,2.352971029710717,-1.0949181653808084
829,12,2.3562874763143578,-1.0632111695586106
829,13,2.203684807625305,-1.1489805090973844
829,14,2.3860676402703347,-0.9711285300415853
829,15,2.2930307273807577,-0.9488484719339181
829,16,2.40453369942415,-1.1239034681647468
829,17,2.3300691453045386,-1.1143684762452997
829,18,2.1655423027611236,-1.0891212715847713
829,19,2.2440309519109554,-1.0633971636387687
830,0,2.248006281357189,-1.0856771194696473
830,1,2.2205827403221465,-1.280704558469492
830,2,2.4460189682094127,-1.0721301191835777
830,3,2.3736944285887804,-1.0511066031870868
830,4,2.3427088308503388,-1.173186392332412
830,5,2.238504017278354,-0.9027023443021351
830,6,2.2997363121903773,-1.1792534692445884
830,7,2.1920341127366534,-1.2078890452386144
830,8,2.3812279767092943,-1.0028546047155686
830,9,2.2109491550175755,-1.175223783870655
830,10,2.3288692453576543,-0.9603311422797408
830,11,2.3550630749683883,-1.0961454571762652
830,12,2.3584311791353145,-1.064379262656294
830,13,2.205951167523851,-1.1500805467205517
830,14,2.388136160091135,-0.9724840914536262
830,15,2.2951915450672624,-0.9502218552767274
830,16,2.40453369942415,-1.1239034681647468
830,17,2.3321797929909582,-1.1155787921077902
830,18,2.1678174461768798,-1.0903456809718526
830,19,2.2462331092124175,-1.0646484021446676
831,0,2.2502002452092733,-1.0869106224775913
831,1,2.222788601620551,-1.2817392074347762
831,2,2.448018776447844,-1.0733906603111063
831,3,2.37576760095264,-1.0523826830881091
831,4,2.344803246266452,-1.1743366899483447
831,5,2.24072246856661,-0.9041180381702705
831,6,2.30187164716033,-1.1803965731797745
831,7,2.194276147129459,-1.2089907396771915
831,8,2.3832982242251535,-1.0041787013723351
831,9,2.213172113846034,-1.1763656518811623
831,10,2.33100398079705,-0.9616794779547108
831,11,2.357148772215804,-1.0973787659078416
831,12,2.3605666492778834,-1.065557336417607
831,13,2.208210077455723,-1.151190137587843
831,14,2.388136160091135,-0.9724840914536262
831,15,2.297350209680181,-0.9515938701582284
831,16,2.40453369942415,-1.1239034681647468
831,17,2.3342883377019943,-1.1167879020539728
831,18,2.1700903224703216,-1.0915688702662472
831,19,2.248433072579354,-1.0658983940841402
832,0,2.2523920229379883,-1.0881428963906488
832,1,2.22499226512837,-1.282772825536625
832,2,2.4500165922958606,-1.0746499455731915
832,3,2.377838707764202,-1.0536574915995371
832,4,2.344803246266452,-1.1743366899483447
832,5,2.2429387092749256,-0.9055323213676003
832,6,2.3040048545556395,-1.1815385381653432
832,7,2.1965159479552097,-1.2100913365820238
832,8,2.385366409163194,-1.0055014788378582
832,9,2.2153928575989994,-1.1775063820730944
832,10,2.333131427430998,-0.9630346111337893
832,11,2.359232391118624,-1.0986108456784358
832,12,2.362694088671985,-1.066744894880364
832,13,2.2104617158005917,-1.152308799862288
832,14,2.388136160091135,-0.9724840914536262
832,15,2.2995067233803392,-0.9529645179518091
832,16,2.40453369942415,-1.1239034681647468
832,17,2.336394781548302,-1.1179958072941676
832,18,2.172360933916601,-1.0927908406923685
832,19,2.2506308442139304,-1.0671471407084294
833,0,2.254581616737306,-1.0893739424423272
833,1,2.2271937330514717,-1.2838054138096915
833,2,2.4520124177532776,-1.075907976230379
833,3,2.3799077510966478,-1.0549310299974555
833,4,2.344803246266452,-1.1743366899483447
833,5,2.245152741621761,-0.9069451953098236
833,6,2.3061359365116485,-1.1826793653444025
833,7,2.198753517455948,-1.21119083705481
833,8,2.3874325335936706,-1.0068229384362397
833,9,2.2176113884994377,-1.1786459755883234
833,10,2.33525178076879,-0.9643961721590838
833,11,2.3613139337625526,-1.0998416977213612
833,12,2.36481369540696,-1.0679414649928725
833,13,2.212706257329416,-1.153436074200903
833,14,2.388136160091135,-0.9724840914536262
833,15,2.3016610883264095,-0.9543338000294895
833,16,2.40453369942415,-1.1239034681647468
833,17,2.338499126638433,-1.1192025090374889
833,18,2.174629282788602,-1.0940115934734103
833,19,2.252826426316118,-1.068394643267532
834,0,2.256769028799012,-1.090603761864905
834,1,2.2293930075935284,-1.2848369732875973
834,2,2.4540062548179185,-1.0771647535419586
834,3,2.381974733021091,-1.0562032995566775
834,4,2.344803246266452,-1.1743366899483447
834,5,2.247364567823364,-0.9083566614112285
834,6,2.308264895161572,-1.1838190558589217
834,7,2.198753517455948,-1.21119083705481
834,8,2.389496599584776,-1.0081430814902617
834,9,2.2198277087681006,-1.1797844335675833
834,10,2.3373700214437814,-0.9657563765617448
834,11,2.3633934022312157,-1.1010713232687017
834,12,2.3669256635230083,-1.0691465954987691
834,13,2.2149438730274675,-1.1545715226527704
834,14,2.388136160091135,-0.9724840914536262
834,15,2.3038133066749134,-0.9557017177619223
834,16,2.40453369942415,-1.1239034681647468
834,17,2.34060137507884,-1.1204080084918464
834,18,2.1768953713569434,-1.0952311298313473
834,19,2.2550198210836974,-1.069640903010199
835,0,2.258954261312707,-1.0918323558894325
835,1,2.2315900909560162,-1.2858675050029345
835,2,2.455998105485616,-1.0784202787659658
835,3,2.3840396556065824,-1.057474301550746
835,4,2.344803246266452,-1.1743366899483447
835,5,2.2495741900937753,-0.909766721084694
835,6,2.3103917326364996,-1.184957610849732
835,7,2.198753517455948,-1.21119083705481
835,8,2.391558609202642,-1.0094619093213888
835,9,2.222041820623527,-1.1809217571504718
835,10,2.3394861515763328,-0.9671152257033384
835,11,2.365470798606164,-1.1022997235513137
835,12,2.3690301828430727,-1.0703598558777407
835,13,2.2171747299541074,-1.155714727612856
835,14,2.388136160091135,-0.9724840914536262
835,15,2.305963380580223,-0.9570682725183943
835,16,2.40453369942415,-1.1239034681647468
835,17,2.3427015289738744,-1.1216123068639463
835,18,2.1791592018899832,-1.0964494509869365
835,19,2.257211030712258,-1.0708859211839379
836,0,2.261137316465812,-1.0930597257457335
836,1,2.2337849853382172,-1.2868970099872663
836,2,2.4579879717502147,-1.0796745531591827
836,3,2.386102520920112,-1.0587440372519352
836,4,2.344803246266452,-1.1743366899483447
836,5,2.251781610644829,-0.9111753757416912
836,6,2.312516451065398,-1.186095031456528
836,7,2.198753517455948,-1.21119083705481
836,8,2.3936185645113426,-1.0107794232497689
836,9,2.2242537262820448,-1.182057947475451
836,10,2.3394861515763328,-0.9671152257033384
836,11,2.367546124966873,-1.103526899798827
836,12,2.3711274388406727,-1.0715808353394913
836,13,2.2193989911351037,-1.156865290828857
836,14,2.388136160091135,-0.9724840914536262
836,15,2.308111312194565,-0.9584334656668284
836,16,2.4066353053903264,-1.1249917303126296
836,17,2.3447995904257932,-1.1228154053592925
836,18,2.1814207766538174,-1.0976665581597187
836,19,2.259400057395203,-1.0721296990350129
837,0,2.2633181964435667,-1.0942858726624065
837,1,2.2359776929372233,-1.2879254892711283
837,2,2.4599758556035725,-1.080927577977139
837,3,2.3881633310266097,-1.0600125079312521
837,4,2.344803246266452,-1.1743366899483447
837,5,2.2539868316861553,-0.9125826267922847
837,6,2.3146390525751124,-1.187231318817869
837,7,2.198753517455948,-1.21119083705481
837,8,2.395676467572895,-1.0120956245942347
837,9,2.226463427957774,-1.1831930056798483
837,10,2.3394861515763328,-0.9671152257033384
837,11,2.369619383390746,-1.1047528532396464
837,12,2.373217612539645,-1.0728091418683987
837,13,2.2216168154837255,-1.158022832458459
837,14,2.388136160091135,-0.9724840914536262
837,15,2.3102571036680213,-0.9597972985737842
837,16,2.40872878819004,-1.1260905065671436
837,17,2.3468955615347578,-1.1240173051821876
837,18,2.183680097912285,-1.0988824525680192
837,19,2.261586903323751,-1.073372237808447
838,0,2.2654969034290344,-1.095510797866826
838,1,2.2381682159479364,-1.2889529438840293
838,2,2.4619617590355634,-1.0821793544741138
838,3,2.3902220879889486,-1.061279714858437
838,4,2.344803246266452,-1.1743366899483447
838,5,2.2561898554251822,-0.9139884756451343
838,6,2.316759539290369,-1.1883664740711795
838,7,2.198753517455948,-1.21119083705481
838,8,2.3977323204472625,-1.0134105146723054
838,9,2.2286709278626278,-1.1843269328998582
838,10,2.3394861515763328,-0.9671152257033384
838,11,2.3716905759531173,-1.1059775851009523
838,12,2.375300880442138,-1.0740444013163901
838,13,2.223832430156108,-1.1591792207991465
838,14,2.388136160091135,-0.9724840914536262
838,15,2.3124007571485303,-0.9611597726044596
838,16,2.4108143336204173,-1.1271992944744127
838,17,2.3489894443988373,-1.1252180075357345
838,18,2.185937167926968,-1.1000971354289497
838,19,2.2637715706869357,-1.0746135387480225
839,0,2.267673439603103,-1.0967345025851427
839,1,2.2403565565630723,-1.2899793748544521
839,2,2.4639456840340785,-1.0834298839031367
839,3,2.3922787938679466,-1.062545659301965
839,4,2.344803246266452,-1.1743366899483447
839,5,2.258390684067139,-0.915392923707496
839,6,2.318877913333777,-1.1895004983527513
839,7,2.198753517455948,-1.21119083705481
839,8,2.3997861251923553,-1.0147240948001868
839,9,2.230876228206316,-1.185459730270543
839,10,2.3394861515763328,-0.9671152257033384
839,11,2.3737597047272523,-1.1072010966087027
839,12,2.3773774144815665,-1.0752862565416528
839,13,2.226045837370083,-1.1603344570084655
839,14,2.388136160091135,-0.9724840914536262
839,15,2.314542274781892,-0.9625208891226926
839,16,2.4108143336204173,-1.1271992944744127
839,17,2.3510812411140103,-1.1264175136218375
839,18,2.188191988957196,-1.1013106079584087
839,19,2.2659540616716125,-1.075853603096283
840,0,2.269847807144487,-1.0979569880422868
840,1,2.2425427169731624,-1.2910047832098555
840,2,2.4659276325850286,-1.0846791675159886
840,3,2.394333450722368,-1.0638103425290482
840,4,2.344803246266452,-1.1743366899483447
840,5,2.2605893198150566,-0.9167959723852238
840,6,2.320994176825831,-1.1906333927977437
840,7,2.198753517455948,-1.21119083705481
840,8,2.4018378838640344,-1.016036366292774
840,9,2.2330793311963464,-1.1865913989258339
840,10,2.3394861515763328,-0.9671152257033384
840,11,2.375826771784351,-1.1084233889876338
840,12,2.3794473819975592,-1.0765343665908913
840,13,2.228257039341274,-1.1614885422428087
840,14,2.388136160091135,-0.9724840914536262
840,15,2.316681658711767,-0.9638806494909622
840,16,2.4108143336204173,-1.1271992944744127
840,17,2.3531709537741676,-1.1276158246412034
840,18,2.1904445632600473,-1.1025228713710837
840,19,2.2681343784624564,-1.0770924320945343
841,0,2.272020008229731,-1.0991782554619673
841,1,2.2447266993665553,-1.292029169976674
841,2,2.4679076066723464,-1.0859272065632037
841,3,2.3963860606089264,-1.0650737658056353
841,4,2.344803246266452,-1.1743366899483447
841,5,2.2627857648697725,-0.9181976230827708
841,6,2.3231083318849124,-1.1917651585401852
841,7,2.198753517455948,-1.21119083705481
841,8,2.403887598516112,-1.0173473304636522
841,9,2.2352802390380275,-1.1877219399985324
841,10,2.3394861515763328,-0.9671152257033384
841,11,2.37789177919355,-1.1096444634612614
841,12,2.381510945730227,-1.0777884059229343
841,13,2.2304660382830956,-1.1626414776574163
841,14,2.388136160091135,-0.9724840914536262
841,15,2.3188189110796813,-0.9652390550703898
841,16,2.4108143336204173,-1.1271992944744127
841,17,2.355258584471114,-1.1288129417933426
841,18,2.192694893090351,-1.1037339268804514
841,19,2.270308075599192,-1.0783378222124613
842,0,2.27419004503321,-1.100398306066674
842,1,2.2469085059294196,-1.2930525361803198
842,2,2.4698856082779876,-1.0871740022940706
842,3,2.398436625582286,-1.0663359303964144
842,4,2.344803246266452,-1.1743366899483447
842,5,2.26498002142993,-0.9195978772031905
842,6,2.325220380627293,-1.1928957967129743
842,7,2.198753517455948,-1.21119083705481
842,8,2.405935271200354,-1.0186569886250978
842,9,2.23747895393447,-1.1888513546203112
842,10,2.3394861515763328,-0.9671152257033384
842,11,2.3799547290219234,-1.1108643212518823
842,12,2.3835724532458293,-1.0790411956802564
842,13,2.2326728364067585,-1.163793264406378
842,14,2.390295180057806,-0.9736852462342946
842,15,2.3209540340250268,-0.9665961072207406
842,16,2.4108143336204173,-1.1271992944744127
842,17,2.3573441352945688,-1.1300088662765706
842,18,2.1949429807006893,-1.1049437756987794
842,19,2.272479606669421,-1.0795819713121362
843,0,2.2763579197271326,-1.1016171410776787
843,1,2.2490881388457455,-1.2940748828451836
843,2,2.4718616393819337,-1.0884195559566328
843,3,2.4004851476950653,-1.0675968375648135
843,4,2.344803246266452,-1.1743366899483447
843,5,2.2671720916919815,-0.9209967361481389
843,6,2.3273303251671353,-1.1940253084478811
843,7,2.198753517455948,-1.21119083705481
843,8,2.4079809039664837,-1.0199653420880797
843,9,2.2396754780865895,-1.1899796439217154
843,10,2.3394861515763328,-0.9671152257033384
843,11,2.382015623334486,-1.1120829635805753
843,12,2.3856319066079372,-1.0802927371169013
843,13,2.2348774359212693,-1.1649439036426332
843,14,2.3924443151942083,-0.9748990459218668
843,15,2.323087029685063,-0.9679518073004254
843,16,2.4108143336204173,-1.1271992944744127
843,17,2.3594276083321715,-1.131203599288009
843,18,2.1971888283414,-1.106152419037128
843,19,2.2746489738468494,-1.0808248806389535
844,0,2.278523634481544,-1.1028347617150367
844,1,2.251265600297348,-1.2950962109946351
844,2,2.473835701962194,-1.0896638687976907
844,3,2.402531628997836,-1.0688564885730019
844,4,2.3469603053646098,-1.175359179757441
844,5,2.2693619778501923,-0.9223942013178751
844,6,2.3294381676164964,-1.195153694875548
844,7,2.198753517455948,-1.21119083705481
844,8,2.410024498862181,-1.021272392162261
844,9,2.2418698136931092,-1.191106809032164
844,10,2.3394861515763328,-0.9671152257033384
844,11,2.3840744641941947,-1.1133003916672026
844,12,2.3876893078780657,-1.0815430314856633
844,13,2.2348774359212693,-1.1649439036426332
844,14,2.3945838104122896,-0.9761248579644167
844,15,2.325217900194921,-0.9693061566665011
844,16,2.4108143336204173,-1.1271992944744127
844,17,2.36150900566948,-1.1323971420235865
844,18,2.199432438260579,-1.1073598581053499
844,19,2.2768161793030153,-1.0820665514370666
845,0,2.280687191464327,-1.1040511691975872
845,1,2.253440892463868,-1.296116521651025
845,2,2.475807797994807,-1.0909069420628028
845,3,2.404576071539128,-1.0701148846818913
845,4,2.3491093626046538,-1.1763929460328468
845,5,2.2715496820966403,-0.923790274111263
845,6,2.331543910085328,-1.1962809571254904
845,7,2.198753517455948,-1.21119083705481
845,8,2.412066057933086,-1.0225781401560003
845,9,2.2418698136931092,-1.191106809032164
845,10,2.3394861515763328,-0.9671152257033384
845,11,2.3861312536619517,-1.1145166067304109
845,12,2.3897446591156752,-1.0827920800380884
845,13,2.2348774359212693,-1.1649439036426332
845,14,2.396713907400287,-0.9773620798916216
845,15,2.3273466476876044,-0.9706591566746728
845,16,2.4108143336204173,-1.1271992944744127
845,17,2.3635883293899753,-1.133589495678041
845,18,2.2016738127040822,-1.108566094112093
845,19,2.2789812252072936,-1.0833069849493893
846,0,2.2828485928412037,-1.1052663647429553
846,1,2.2556140175227752,-1.2971358158356856
846,2,2.4777737799925874,-1.0921553357316063
846,3,2.4066184773654307,-1.0713720271511378
846,4,2.3512505928515965,-1.177437453754316
846,5,2.2737352066212195,-0.925184955925773
846,6,2.3336475546814808,-1.1974070963260994
846,7,2.2010474382267478,-1.212160975253801
846,8,2.4141010545841755,-1.023889641047396
846,9,2.2418698136931092,-1.191106809032164
846,10,2.3394861515763328,-0.9671152257033384
846,11,2.3881859937966055,-1.1157316099876327
846,12,2.3917979623781744,-1.0840398840244752
846,13,2.2348774359212693,-1.1649439036426332
846,14,2.3988348441688,-0.9786101378131782
846,15,2.329473274293991,-0.972010808679295
846,16,2.4108143336204173,-1.1271992944744127
846,17,2.3656655815750627,-1.1347806614449194
846,18,2.2039129539155273,-1.1097711282648006
846,19,2.2811441137268975,-1.0845461824175966
847,0,2.285007840775739,-1.106480349567553
847,1,2.25778497764937,-1.298154094568931
847,2,2.479737802960815,-1.0934024854215263
847,3,2.408658848521194,-1.072627917239142
847,4,2.3533841692485384,-1.1784921919509481
847,5,2.275918553611642,-0.9265782481574829
847,6,2.3357491035107047,-1.1985321136046414
847,7,2.2033333679495475,-1.2131435706264546
847,8,2.4161340234037945,-1.0251998350556675
847,9,2.2418698136931092,-1.191106809032164
847,10,2.3394861515763328,-0.9671152257033384
847,11,2.3902386866549525,-1.1169454026550873
847,12,2.393849219720922,-1.0852864446938768
847,13,2.2348774359212693,-1.1649439036426332
847,14,2.4009468546677826,-0.9798684849926357
847,15,2.3315977821428366,-0.9733611140333724
847,16,2.4108143336204173,-1.1271992944744127
847,17,2.3677407643040733,-1.1359706405165797
847,18,2.206149864136297,-1.1109749617697133
847,19,2.2833048470268804,-1.0857841450821266
848,0,2.287164937429343,-1.1076931248865804
848,1,2.2599537750167853,-1.299171358870059
848,2,2.4816998688654786,-1.094648392380961
848,3,2.410697187048832,-1.0738825562030512
848,4,2.355510262857646,-1.179556672572859
848,5,2.278099725253441,-0.9279701522010796
848,6,2.3378485586766526,-1.1996560100872597
848,7,2.2056114773592195,-1.2141380191928777
848,8,2.4181649664269464,-1.02650872349232
848,9,2.2418698136931092,-1.191106809032164
848,10,2.3394861515763328,-0.9671152257033384
848,11,2.3922893342917404,-1.1181579859477826
848,12,2.395898433197228,-1.0865317632941016
848,13,2.2348774359212693,-1.1649439036426332
848,14,2.4030501684668257,-0.981136600493365
848,15,2.3337201733607755,-0.9747100740885623
848,16,2.4108143336204173,-1.1271992944744127
848,17,2.3698138796542674,-1.1371594340841924
848,18,2.208384545605541,-1.1121775958318694
848,19,2.2854634272701384,-1.0870208741821812
849,0,2.2893198849612704,-1.1089046919140266
849,1,2.2621204117959897,-1.3001876097573526
849,2,2.483659979670608,-1.095893057857064
849,3,2.4127334949887227,-1.0751359452987603
849,4,2.3576290423518165,-1.1806304294159617
849,5,2.2802787237299706,-0.9293606694498604
849,6,2.3399459222808807,-1.2007787868989759
849,7,2.2078819362117037,-1.2151437449149256
849,8,2.4201938856866074,-1.0278163076675524
849,9,2.2418698136931092,-1.191106809032164
849,10,2.3394861515763328,-0.9671152257033384
849,11,2.3943379387596693,-1.1193693610795155
849,12,2.397945604858358,-1.0877758410717149
849,13,2.2348774359212693,-1.1649439036426332
849,14,2.4051450104918457,-0.9824139878934192
849,15,2.3358404500723235,-0.9760576901951746
849,16,2.4108143336204173,-1.1271992944744127
849,17,2.371884929700835,-1.1383470433377407
849,18,2.210617000560177,-1.1133790316551069
849,19,2.2876198566174124,-1.0882563709557271
850,0,2.2914726855286265,-1.1101150518626715
850,1,2.264284890155788,-1.3012028482480797
850,2,2.483659979670608,-1.095893057857064
850,3,2.4147634847572177,-1.0763950282846764
850,4,2.3597406737518742,-1.1817130170976984
850,5,2.282455551222411,-0.9307498012957345
850,6,2.3420411964228527,-1.2019004451636905
850,7,2.2101449128086044,-1.2161601983544725
850,8,2.422220783213728,-1.0291225888902575
850,9,2.2418698136931092,-1.191106809032164
850,10,2.3394861515763328,-0.9671152257033384
850,11,2.3963845021093944,-1.1205795292628735
850,12,2.3999907367535327,-1.0890186792720398
850,13,2.2348774359212693,-1.1649439036426332
850,14,2.407231600811959,-0.9837001740660958
850,15,2.3379586143998794,-0.9774039637021747
850,16,2.4108143336204173,-1.1271992944744127
850,17,2.3739539165168995,-1.1395334694660229
850,18,2.2128472312348944,-1.1145792704420643
850,19,2.2897741372272904,-1.089490636639498
851,0,2.293623341286367,-1.1113242059440864
851,1,2.2664472122628263,-1.3022170753584952
851,2,2.483659979670608,-1.095893057857064
851,3,2.4167914516919624,-1.0776528566260626
851,4,2.3618453202046252,-1.1828040100815806
851,5,2.284630209909768,-0.9321375491292241
851,6,2.3441343831999393,-1.2030209860041847
851,7,2.212400573586848,-1.217186855395784
851,8,2.424245661037234,-1.0304275684680242
851,9,2.2418698136931092,-1.191106809032164
851,10,2.3394861515763328,-0.9671152257033384
851,11,2.398429026389528,-1.1217884917092364
851,12,2.402033830929931,-1.0902602791391582
851,13,2.2348774359212693,-1.1649439036426332
851,14,2.4093101544709343,-0.9849947080230872
851,15,2.340074668463728,-0.9787488959571836
851,16,2.4108143336204173,-1.1271992944744127
851,17,2.376020842173519,-1.1407187136566526
851,18,2.215075239862157,-1.1157783133941817
851,19,2.291926271256209,-1.0907236724689953
852,0,2.2957718543873,-1.112532155368636
852,1,2.2686073802815905,-1.3032302921038412
852,2,2.483659979670608,-1.095893057857064
852,3,2.4188173978229535,-1.0789094315820065
852,4,2.3618453202046252,-1.1828040100815806
852,5,2.286802701968878,-0.9335239143394662
852,6,2.346225484707423,-1.204140410542121
852,7,2.214649082766681,-1.2182232160294058
852,8,2.42626852118403,-1.0317312477071383
852,9,2.2418698136931092,-1.191106809032164
852,10,2.3394861515763328,-0.9671152257033384
852,11,2.4004715136466404,-1.1229962496287769
852,12,2.4040748894326915,-1.0915006419159132
852,13,2.2348774359212693,-1.1649439036426332
852,14,2.4113808813581605,-0.9862971598171871
852,15,2.3421886143820414,-0.9800924883064799
852,16,2.412917770448962,-1.1282685974751796
852,17,2.378085708739688,-1.1419027770960604
852,18,2.2173010286722032,-1.1169761617117022
852,19,2.2940762608584575,-1.0919554796784885
853,0,2.2979182269820893,-1.1137389013454788
853,1,2.2707619307737916,-1.3042498554627957
853,2,2.483659979670608,-1.095893057857064
853,3,2.420841325178165,-1.0801647544103408
853,4,2.3618453202046252,-1.1828040100815806
853,5,2.288973029574407,-0.9349088983142138
853,6,2.3483145030384986,-1.2052587198980442
853,7,2.2168906020519255,-1.2192688031949948
853,8,2.4282893656790017,-1.033033627912584
853,9,2.2418698136931092,-1.191106809032164
853,10,2.3394861515763328,-0.9671152257033384
853,11,2.4025119659252634,-1.1242028042304617
853,12,2.4061139143049166,-1.0927397688439089
853,13,2.2348774359212693,-1.1649439036426332
853,14,2.4134439861145793,-0.9876071195016196
853,15,2.3443004542708814,-0.9814347420950007
853,16,2.415012877397063,-1.129349050246731
853,17,2.3801485182823394,-1.143085660969495
853,18,2.21952459989305,-1.1181728165936733
853,19,2.2962241081861765,-1.0931860595010183
854,0,2.300062461219256,-1.1149444450825685
854,1,2.2729143343226665,-1.3052684028582082
854,2,2.483659979670608,-1.095893057857064
854,3,2.4228632357835505,-1.0814188263676447
854,4,2.3618453202046252,-1.1828040100815806
854,5,2.291141194898855,-0.9362925024398371
854,6,2.350401440284275,-1.2063759151913833
854,7,2.2168906020519255,-1.2192688031949948
854,8,2.430308196545016,-1.0343347103880454
854,9,2.2418698136931092,-1.191106809032164
854,10,2.3394861515763328,-0.9671152257033384
854,11,2.404550385267892,-1.125408156722053
854,12,2.408150907587672,-1.0939776611635128
854,13,2.2348774359212693,-1.1649439036426332
854,14,2.4154996680694696,-0.9889241961431559
854,15,2.3464101902442023,-0.9827756586663434
854,16,2.417099841248155,-1.130440123841879
854,17,2.382209272866348,-1.1442673664610243
854,18,2.2217459557504946,-1.1193682792379476
854,19,2.2983698153893637,-1.094415413168396
855,0,2.302204559245181,-1.1161487877866558
855,1,2.275064593082773,-1.3062859353096459
855,2,2.483659979670608,-1.095893057857064
855,3,2.424883131663044,-1.0826716487092458
855,4,2.3618453202046252,-1.1828040100815806
855,5,2.2933072001125576,-0.9376747281013252
855,6,2.3524862985337784,-1.207491997540452
855,7,2.2168906020519255,-1.2192688031949948
855,8,2.432325015802925,-1.035634496435907
855,9,2.2418698136931092,-1.191106809032164
855,10,2.3394861515763328,-0.9671152257033384
855,11,2.406586773714986,-1.1266123083101103
855,12,2.41018587131999,-1.0952143201138562
855,13,2.2348774359212693,-1.1649439036426332
855,14,2.417548121204399,-0.9902480168862937
855,15,2.348517824413851,-0.9841152393627668
855,16,2.4191788466843738,-1.131541313048105
855,17,2.384263954107276,-1.1454548784350813
855,18,2.2239650984681156,-1.1205625508411843
855,19,2.3005133846158743,-1.095643541911206
856,0,2.3043445232041058,-1.1173519306632889
856,1,2.2772127092065224,-1.3073024538356595
856,2,2.483659979670608,-1.095893057857064
856,3,2.4269010148385637,-1.0839232226892204
856,4,2.3618453202046252,-1.1828040100815806
856,5,2.2954710473836886,-0.9390555766822875
856,6,2.354565299522806,-1.2086140012229463
856,7,2.2168906020519255,-1.2192688031949948
856,8,2.434339825471566,-1.0369329873572561
856,9,2.2418698136931092,-1.191106809032164
856,10,2.3394861515763328,-0.9671152257033384
856,11,2.408621133304972,-1.12781526019999
856,12,2.412218807538871,-1.0964497469328358
856,13,2.2371377491555378,-1.1659748728089634
856,14,2.4195895341410107,-0.9915782260658809
856,15,2.3506233588895724,-0.9854534855251925
856,16,2.4212500759432465,-1.1326521352728742
856,17,2.3863165879203994,-1.146641207089319
856,18,2.2261820302672777,-1.1217556325988505
856,19,2.302654818011423,-1.0968704469588064
857,0,2.306482355238137,-1.1185538749168147
857,1,2.279358684844181,-1.308317959453785
857,2,2.483659979670608,-1.095893057857064
857,3,2.428916887330012,-1.0851735495603951
857,4,2.3618453202046252,-1.1828040100815806
857,5,2.297632738878261,-0.9404350495649546
857,6,2.3566422288511903,-1.2097348868632256
857,7,2.2168906020519255,-1.2192688031949948
857,8,2.4363526275677656,-1.0382301844518833
857,9,2.2418698136931092,-1.191106809032164
857,10,2.3394861515763328,-0.9671152257033384
857,11,2.4106534660742462,-1.1290170135958484
857,12,2.4142497182792866,-1.0976839428571152
857,13,2.2393899483172857,-1.1670176068962597
857,14,2.4216240901496704,-0.9929144843656752
857,15,2.3527267957790077,-0.9867903984932063
857,16,2.423313708523967,-1.1337721294815872
857,17,2.388367176360406,-1.1478263536112536
857,18,2.2283967533671314,-1.1229475257052224
857,19,2.3047941177195868,-1.0980961295393303
858,0,2.3086180574872466,-1.1197546217503809
858,1,2.2815025221438727,-1.3093324531805448
858,2,2.483659979670608,-1.095893057857064
858,3,2.4309307511552802,-1.0864226305743485
858,4,2.3618453202046252,-1.1828040100815806
858,5,2.29979227676013,-0.9418131481301804
858,6,2.3587170885979396,-1.2108546555832975
858,7,2.2168906020519255,-1.2192688031949948
858,8,2.4383634241063414,-1.0395260890182842
858,9,2.2418698136931092,-1.191106809032164
858,10,2.3394861515763328,-0.9671152257033384
858,11,2.4126837740571756,-1.1302175697006416
858,12,2.41627860557418,-1.0989169091221258
858,13,2.2416342160350236,-1.168071530451192
858,14,2.4236566193451985,-0.9942494114925466
858,15,2.3548281371877,-0.9881259796050592
858,16,2.4253699209382056,-1.1349008551860051
858,17,2.390415721479937,-1.149010319187218
858,18,2.230609269984617,-1.1241382313533859
858,19,2.3069312858818067,-1.0993205908796873
859,0,2.310751632089274,-1.1209541723659362
859,1,2.2836442232515806,-1.310345936031448
859,2,2.483659979670608,-1.095893057857064
859,3,2.4329426083302477,-1.087670466981412
859,4,2.3618453202046252,-1.1828040100815806
859,5,2.3019496631909955,-0.9431898737574427
859,6,2.3607898808399903,-1.2119733085040516
859,7,2.2168906020519255,-1.2192688031949948
859,8,2.4403722171001023,-1.0408207023536606
859,9,2.2418698136931092,-1.191106809032164
859,10,2.3394861515763328,-0.9671152257033384
859,11,2.4147120592861,-1.1314169297161276
859,12,2.4183054714544694,-1.1001486469620678
859,13,2.243870732977004,-1.1691360947112843
859,14,2.425682476215845,-0.9955900582989096
859,15,2.3569273852190933,-0.9894602301976694
859,16,2.427418886500887,-1.1360378914810214
859,17,2.392462225329588,-1.150193105002363
859,18,2.232819582334466,-1.1253277507352386
859,19,2.3090663246373904,-1.100543832205564
860,0,2.31288308117993,-1.122152527964232
860,1,2.2857837903111493,-1.311358409020992
860,2,2.483659979670608,-1.095893057857064
860,3,2.434952460868785,-1.0889170600306708
860,4,2.3618453202046252,-1.1828040100815806
860,5,2.304104900330403,-0.9445652278248453
860,6,2.3628606076522094,-1.2130908467452606
860,7,2.2168906020519255,-1.2192688031949948
860,8,2.442379008559852,-1.0421140257539216
860,9,2.2418698136931092,-1.191106809032164
860,10,2.3394861515763328,-0.9671152257033384
860,11,2.4167383237913356,-1.132615094842867
860,12,2.4203303179490496,-1.1013791576099121
860,13,2.2460996774595774,-1.170210776313776
860,14,2.42770631436719,-0.9969293691818794
860,15,2.3590245419745375,-0.990793151606623
860,16,2.429460775156768,-1.1371828361276772
860,17,2.3945066899579115,-1.1513747122406583
860,18,2.235027692629203,-1.1265160850414908
860,19,2.3111992361235134,-1.1017658547414266
861,0,2.315012406892797,-1.1233496897448232
861,1,2.287921225464288,-1.3123698731626632
861,2,2.4857218706890776,-1.0969556458315863
861,3,2.436960310782757,-1.090162410969966
861,4,2.3618453202046252,-1.1828040100815806
861,5,2.306257990335747,-0.945939211709119
861,6,2.3649292711073966,-1.2142072714255814
861,7,2.2168906020519255,-1.2192688031949948
861,8,2.4443838004943905,-1.0434060605136855
861,9,2.2418698136931092,-1.191106809032164
861,10,2.3394861515763328,-0.9671152257033384
861,11,2.4187625696011748,-1.1338120662802242
861,12,2.4223531470847943,-1.1026084422974012
861,13,2.248321225113381,-1.1712950760673475
861,14,2.4297281358250973,-0.9982673454821075
861,15,2.3611196095532887,-0.9921247451661755
861,16,2.4314957533390524,-1.138335304680367
861,17,2.3965491174114186,-1.1525551420848938
861,18,2.237233603079148,-1.127703235461666
861,19,2.3133300224752227,-1.102986659710521
862,0,2.3171396113593326,-1.12454565890607
862,1,2.2900565308505714,-1.3133803294689381
862,2,2.4877746590969503,-1.0980307993231966
862,3,2.438966160082023,-1.0914065210458948
862,4,2.3618453202046252,-1.1828040100815806
862,5,2.3084089353622734,-0.947311826785623
862,6,2.366995873276286,-1.215322583662556
862,7,2.2168906020519255,-1.2192688031949948
862,8,2.446386594910517,-1.04469680792628
862,9,2.2418698136931092,-1.191106809032164
862,10,2.3394861515763328,-0.9671152257033384
862,11,2.42078479874189,-1.1350078452263688
862,12,2.424373960886557,-1.10383650225505
862,13,2.250535548601251,-1.1723885177840228
862,14,2.4317479426134123,-0.9996039885389096
862,15,2.3632078570451918,-0.9934624298033704
862,16,2.4335239838566274,-1.1394949296562313
862,17,2.3985895097345815,-1.153734395716681
862,18,2.2394373158924203,-1.1288892031841031
862,19,2.315458685825437,-1.1042062483348736
863,0,2.31926469670887,-1.125740436645139
863,1,2.292189708607442,-1.3143897789512846
863,2,2.489818541697473,-1.0991179312202501
863,3,2.44097001077444,-1.092649391503813
863,4,2.3618453202046252,-1.1828040100815806
863,5,2.3105577375630793,-0.9486830744283462
863,6,2.369060416227549,-1.2164367845726134
863,7,2.2168906020519255,-1.2192688031949948
863,8,2.44838739381303,-1.0459862692837445
863,9,2.2418698136931092,-1.191106809032164
863,10,2.3394861515763328,-0.9671152257033384
863,11,2.4228050132377335,-1.1362024328782767
863,12,2.4263927613771745,-1.105063338712148
863,13,2.2527428173823507,-1.173490647168589
863,14,2.4337657367539633,-1.0009392996902666
863,15,2.3652940236333206,-0.9947987814601497
863,16,2.435545625806812,-1.140661359744789
863,17,2.4006278689698344,-1.1549124743164538
863,18,2.2416388332749384,-1.130073989395957
863,19,2.3175852283049507,-1.105424621835294
864,0,2.321383495002675,-1.1269414110818128
864,1,2.294320760870213,-1.3153982226201626
864,2,2.4918537142966914,-1.1002164806554149
864,3,2.442971864865865,-1.0938910235878347
864,4,2.3640066635262573,-1.1837721181155805
864,5,2.3127043990891183,-0.950052956009909
864,6,2.3711229020277944,-1.2175498752710696
864,7,2.2168906020519255,-1.2192688031949948
864,8,2.4503861992047318,-1.0472744458768313
864,9,2.2418698136931092,-1.191106809032164
864,10,2.3394861515763328,-0.9671152257033384
864,11,2.4248232151109432,-1.1373958304317313
864,12,2.4284095505774683,-1.1062889528967597
864,13,2.2549431975175294,-1.1746010307629369
864,14,2.4357815202665645,-1.0022732802728265
864,15,2.3673781114059307,-0.9961338014742026
864,16,2.437560834510822,-1.1418342590559285
864,17,2.402664197157577,-1.1560893790634703
864,18,2.243838157430423,-1.1312575952831998
864,19,2.3197096520424347,-1.1066417814313756
865,0,2.323500181954254,-1.1281411887702886
865,1,2.2964496897720696,-1.316405661485025
865,2,2.4938803712085433,-1.1013259117845602
865,3,2.444971724360156,-1.0951314185408354
865,4,2.36615950574999,-1.1847533703745963
865,5,2.3148489220892006,-0.9514214729015642
865,6,2.373183332741573,-1.2186618568721295
865,7,2.2168906020519255,-1.2192688031949948
865,8,2.452383013086428,-1.0485613389950064
865,9,2.2418698136931092,-1.191106809032164
865,10,2.3394861515763328,-0.9671152257033384
865,11,2.4268394063817404,-1.1385880390813248
865,12,2.430424330506246,-1.1075133460357258
865,13,2.2571368515113956,-1.1757192549427766
865,14,2.437795295169017,-1.0036059316219048
865,15,2.369460122449196,-0.9974674911818856
865,16,2.4395697614694067,-1.1430133064044365
865,17,2.404698496336176,-1.1572651111358132
865,18,2.243838157430423,-1.1312575952831998
865,19,2.32183195916444,-1.107857728341496
866,0,2.3256147596824133,-1.1293397709115451
866,1,2.298576497444072,-1.3174120965543195
866,2,2.4958987048237335,-1.1024457126213483
866,3,2.446969591259174,-1.0963705776044512
866,4,2.3683040190139564,-1.185747154075544
866,5,2.316991308709996,-0.9527886264731985
866,6,2.3752417104313777,-1.2197727304888877
866,7,2.2191830685821423,-1.2201908123782474
866,8,2.4543778374569323,-1.049846949926451
866,9,2.2418698136931092,-1.191106809032164
866,10,2.3394861515763328,-0.9671152257033384
866,11,2.428853589068335,-1.1397790600204591
866,12,2.432437103180304,-1.1087365193546652
866,13,2.259323938187048,-1.1768449249642645
866,14,2.4398070634771116,-1.0049372550714872
866,15,2.3715400588472106,-0.9987998519182234
866,16,2.4415725543363536,-1.1441981946293136
866,17,2.4067307685419665,-1.1584396717103913
866,18,2.243838157430423,-1.1312575952831998
866,19,2.323952151795397,-1.1090724637828195
867,0,2.327727230303847,-1.1305371587053643
867,1,2.3007011860151563,-1.318417528835488
867,2,2.4979089052361503,-1.1035753939255477
867,3,2.4489654675627857,-1.0976085020190818
867,4,2.3704403755490713,-1.1867528838701256
867,5,2.3191315610960355,-0.9541544180933339
867,6,2.3772980371576464,-1.2208824972333299
867,7,2.221467169341388,-1.2211269445250592
867,8,2.4563706743130647,-1.0511312799580628
867,9,2.2418698136931092,-1.191106809032164
867,10,2.3394861515763328,-0.9671152257033384
867,11,2.4308657651869257,-1.1409688944413474
867,12,2.4344478706144304,-1.1099584740779758
867,13,2.2615046125897824,-1.17797766405815
867,14,2.4418168272046303,-1.0062672519542295
867,15,2.3736179226819942,-1.0001308850169104
867,16,2.4435693569077936,-1.1453886299461924
867,17,2.408761015809256,-1.1596130619629412
867,18,2.243838157430423,-1.1312575952831998
867,19,2.326070232057621,-1.1102859889712973
868,0,2.3298375959331405,-1.1317333533503324
868,1,2.3028237576121384,-1.3194219593349696
868,2,2.499911159921147,-1.1047144881430608
868,3,2.450959355268865,-1.0988451930238907
868,4,2.3725687471141756,-1.187770000574667
868,5,2.3212647162097126,-0.955526598731105
868,6,2.3793523149787643,-1.2219911582163336
868,7,2.2237430699486636,-1.2220765251776569
868,8,2.458361525649657,-1.0524143303754576
868,9,2.2418698136931092,-1.191106809032164
868,10,2.3394861515763328,-0.9671152257033384
868,11,2.4328759367517026,-1.142157543535015
868,12,2.436456634821405,-1.111179211428835
868,13,2.2636790259164705,-1.1791171125691362
868,14,2.4438245883633485,-1.00759592360146
868,15,2.37569371603349,-1.0014605918103119
868,16,2.4455641699055977,-1.1465778791374341
868,17,2.4107892401703226,-1.1607852830680274
868,18,2.243838157430423,-1.1312575952831998
868,19,2.328186202071313,-1.1114983051216691
869,0,2.3319458586827717,-1.1329283560438415
869,1,2.3049442143597143,-1.3204253890582003
869,2,2.5019056534605255,-1.1058625483956415
869,3,2.452951256373296,-1.1000806518568067
869,4,2.3746893045008193,-1.1887979699570501
869,5,2.32339574565521,-0.9568974120043093
869,6,2.381404545951066,-1.2230987145476697
869,7,2.226010936865542,-1.2230389109164428
869,8,2.4603503934595543,-1.0536961024629703
869,9,2.2418698136931092,-1.191106809032164
869,10,2.3394861515763328,-0.9671152257033384
869,11,2.4348841057748496,-1.143345008491301
869,12,2.438463397812003,-1.1123987326292026
869,13,2.2658512728753135,-1.1802554258476508
869,14,2.445830348963037,-1.0089232713431804
869,15,2.377767440979569,-1.0027889736294657
869,16,2.447556995326575,-1.1477659433934784
869,17,2.412815443655422,-1.1619563361990446
869,18,2.243838157430423,-1.1312575952831998
869,19,2.3303000639545606,-1.1127094134474649
870,0,2.3340520206631137,-1.1341221679820903
870,1,2.307062558380463,-1.321427819009614
870,2,2.5038925673095167,-1.107019147518286
870,3,2.4549411728699733,-1.1013148797545254
870,4,2.3768022171009116,-1.1898362815788162
870,5,2.325524651565691,-0.9582668592851322
870,6,2.383454732128836,-1.224205167336003
870,7,2.228270936716178,-1.2240134878892608
870,8,2.4623372797336143,-1.0549765975036558
870,9,2.2441427888214323,-1.1920592128994136
870,10,2.3394861515763328,-0.9671152257033384
870,11,2.436890274266546,-1.144531290498859
870,12,2.4404681615949957,-1.11361703889982
870,13,2.268021355640733,-1.1813926050331462
870,14,2.4478341110114648,-1.010249296508067
870,15,2.379839099596032,-1.0041160318040836
870,16,2.449547835165546,-1.1489528239035787
870,17,2.414839628292785,-1.163126222528218
870,18,2.243838157430423,-1.1312575952831998
870,19,2.3324118198233412,-1.1139193151610052
871,0,2.336156083982437,-1.1353147903600858
871,1,2.3091787917948494,-1.3224292501926442
871,2,2.5058720796014833,-1.1081838771423025
871,3,2.4569291067508057,-1.1025478779525102
871,4,2.378907652531072,-1.1908844476904674
871,5,2.327651436072192,-0.9596349419443918
871,6,2.3855028755643133,-1.2253105176888939
871,7,2.2305232356914964,-1.2249996704080277
871,8,2.4643221864607123,-1.0562558167792908
871,9,2.2464072105065305,-1.1930255999026598
871,10,2.3394861515763328,-0.9671152257033384
871,11,2.43889048641223,-1.1457230586090057
871,12,2.442470928177154,-1.1148341314602135
871,13,2.270189276384984,-1.1825286512639404
871,14,2.4498358765143986,-1.0115740004234721
871,15,2.379839099596032,-1.0041160318040836
871,16,2.4515366914153436,-1.1501385218558036
871,17,2.416861796108623,-1.164294943226605
871,18,2.243838157430423,-1.1312575952831998
871,19,2.334521471791525,-1.1151280114734028
872,0,2.3382580507469104,-1.1365062243716442
872,1,2.311292916721225,-1.3234296836097246
872,2,2.507844364986462,-1.1093563468220908
872,3,2.4589150600057166,-1.1037796476849933
872,4,2.3810057763080743,-1.191942002177966
872,5,2.3297761013036267,-0.9610016613515401
872,6,2.387548978307691,-1.2264147667127991
872,7,2.2327679990291687,-1.2259968996104549
872,8,2.466305115627742,-1.057533761570375
872,9,2.2486632530072908,-1.1940053004843183
872,10,2.3394861515763328,-0.9671152257033384
872,11,2.4408887054127275,-1.146913639161684
872,12,2.444471699563249,-1.1160500115286935
872,13,2.272355037278157,-1.1836635656772165
872,14,2.4518356474756082,-1.0128973844154259
872,15,2.379839099596032,-1.0041160318040836
872,16,2.4535235660668144,-1.1513230384370379
872,17,2.418881949127128,-1.165462499464096
872,18,2.243838157430423,-1.1312575952831998
872,19,2.3366290219708756,-1.116335503594564
873,0,2.3403579230606053,-1.1376964712093922
873,1,2.3134049352758312,-1.3244291202622898
873,2,2.509809594500016,-1.11053618320371
873,3,2.460899034622647,-1.1050101901849776
873,4,2.3830967515702755,-1.193008499558419
873,5,2.331898649386787,-0.9623670188746646
873,6,2.38959304240712,-1.227517915513073
873,7,2.235005390561768,-1.2270046421845044
873,8,2.468286069219617,-1.0588104331561328
873,9,2.250911091022815,-1.1949976759503136
873,10,2.341686428167602,-0.968327935080704
873,11,2.442884933268258,-1.1481030333486666
873,12,2.4464704777560553,-1.1172646803223576
873,13,2.274518640488181,-1.1847973494090251
873,14,2.4538334258968666,-1.014219449808637
873,15,2.379839099596032,-1.0041160318040836
873,16,2.4555084611088223,-1.1525063748329838
873,17,2.4209000893704746,-1.1666288924094164
873,18,2.243838157430423,-1.1312575952831998
873,19,2.3387344724710526,-1.1175417927331892
874,0,2.3424557030254958,-1.138885532064768
874,1,2.3155148495728004,-1.3254275611507769
874,2,2.5117679354591904,-1.1117230292333533
874,3,2.462881032587558,-1.1062395066842372
874,4,2.385180738840396,-1.1940835140229487
874,5,2.334019082446345,-0.9637310158804895
874,6,2.3916350699087108,-1.2286199651939687
874,7,2.2372355723261825,-1.2280223891531896
874,8,2.4702650492192744,-1.0600858328145133
874,9,2.25315089903483,-1.1960021170021031
874,10,2.343876888138748,-0.9695532086375855
874,11,2.4448791719770475,-1.1492912423605377
874,12,2.448467264756351,-1.1184781390570901
874,13,2.276680088180825,-1.1859300035942848
874,14,2.4558292137779514,-1.0155401979264942
874,15,2.379839099596032,-1.0041160318040836
874,16,2.457491378528249,-1.1536885322281625
874,17,2.422916218858824,-1.167794123230126
874,18,2.243838157430423,-1.1312575952831998
874,19,2.3408378253996145,-1.1187468800967755
875,0,2.3445513927414616,-1.1400734081280226
875,1,2.3176226617241587,-1.3264250072746262
875,2,2.5137195513826676,-1.1129165434039088
875,3,2.464861055884431,-1.1074675984133193
875,4,2.3872578958254307,-1.1951666385247703
875,5,2.336137402604857,-0.9650936537343772
875,6,2.3936750628565346,-1.229720916858639
875,7,2.2394587042280274,-1.2290496547173118
875,8,2.472242057607675,-1.061359961822193
875,9,2.255382850732791,-1.1970180423364718
875,10,2.346057779510217,-0.9707904091963127
875,11,2.446871423535331,-1.150478267386696
875,12,2.4504620625629223,-1.1196903889475645
875,13,2.2788393825197004,-1.1870615293667834
875,14,2.4578230131166485,-1.0168596300910675
875,15,2.379839099596032,-1.0041160318040836
875,16,2.459472320309996,-1.1548695118059142
875,17,2.424930339610323,-1.1689581930926227
875,18,2.243838157430423,-1.1312575952831998
875,19,2.3429390828620194,-1.1199507668916162
876,0,2.34664499430629,-1.1412601005882212
876,1,2.3197283738398284,-1.3274214596322824
876,2,2.515664601932481,-1.1141163990378344
876,3,2.466839106495271,-1.1086944666015448
876,4,2.3893283772498632,-1.196257483910529
876,5,2.338253611982763,-0.9664549338003294
876,6,2.3957130232926267,-1.2308207716091375
876,7,2.2416749437553696,-1.2300859751537345
876,8,2.474217096363806,-1.0626328214545762
876,9,2.257607118513397,-1.1980448973107438
876,10,2.348229346669463,-0.972038930233273
876,11,2.4488616899373543,-1.1516641096153548
876,12,2.452450823025674,-1.120908070885685
876,13,2.2809965256662625,-1.1881919278591795
876,14,2.459814825908753,-1.01817774762311
876,15,2.379839099596032,-1.0041160318040836
876,16,2.4614512884369892,-1.156049314748401
876,17,2.4269424536411086,-1.1701211031621412
876,18,2.246128007680524,-1.132248611345621
876,19,2.3450382469616278,-1.1211534543228034
877,0,2.3487365098156787,-1.1424456106332441
877,1,2.3218319880276295,-1.3284169192211952
877,2,2.5176032428749013,-1.1153222836046435
877,3,2.4688151864001093,-1.10992011247701
877,4,2.3893283772498632,-1.196257483910529
877,5,2.3403677126983915,-0.967814857440989
877,6,2.397748953256987,-1.23191953054642
877,7,2.24388444573662,-1.2311309077668209
877,8,2.4761901674646833,-1.0639044129857966
877,9,2.259823873047008,-1.1990821526709952
877,10,2.3503918299384194,-0.9732981943297226
877,11,2.450849973175376,-1.1528487702335433
877,12,2.454437601752671,-1.1221245394429682
877,13,2.283151519779814,-1.189321200203003
877,14,2.4618046541480716,-1.0194945518420584
877,15,2.379839099596032,-1.0041160318040836
877,16,2.463428284890177,-1.1572279422366067
877,17,2.4289525629653093,-1.1712828546027556
877,18,2.248408581609425,-1.1332547171533551
877,19,2.347135319799705,-1.1223549435942284
878,0,2.3508259413632366,-1.143629939449788
878,1,2.3239335063932813,-1.3294113870378206
878,2,2.5195356260583264,-1.1165338980713513
878,3,2.4707892975770034,-1.1111445372665876
878,4,2.3893283772498632,-1.196257483910529
878,5,2.342479706867959,-0.9691734260176409
878,6,2.399782854787584,-1.233017194770345
878,7,2.2460873621379314,-1.2321840298906974
878,8,2.4781612728853526,-1.0651747376887188
878,9,2.2620332829041403,-1.2001293033408182
878,10,2.3525454652118385,-0.97456765170179
878,11,2.4528362752396697,-1.1540322504271077
878,12,2.45642240073268,-1.1233397958371008
878,13,2.2853043670175057,-1.1904493475286564
878,14,2.463792499826424,-1.0208100440660353
878,15,2.379839099596032,-1.0041160318040836
878,16,2.465403311648535,-1.1584053954503386
878,17,2.4309606695950463,-1.1724434485773803
878,18,2.2506800728426293,-1.1342751793421584
878,19,2.3492303034754234,-1.123555235908583
879,0,2.352913291040487,-1.1448130882233671
879,1,2.326032931040406,-1.3304048640776218
879,2,2.521461899406215,-1.1177509562843027
879,3,2.472761442002041,-1.112367742195928
879,4,2.3893283772498632,-1.196257483910529
879,5,2.344589596605573,-0.9705306408902133
879,6,2.4018147299203543,-1.2341137653796759
879,7,2.2482838418958844,-1.233244937940063
879,8,2.4801304145988925,-1.066443796834939
879,9,2.264235514235867,-1.2011858672681843
879,10,2.3546904836587106,-0.9758467788060945
879,11,2.4548205981185256,-1.155214551380713
879,12,2.458405221952487,-1.1245538412845553
879,13,2.2874550695343405,-1.1915763709654166
879,14,2.4657783649336458,-1.0221242256118495
879,15,2.379839099596032,-1.0041160318040836
879,16,2.4673763706890672,-1.1595816755682284
879,17,2.4329667755404363,-1.173602886247771
879,18,2.252942675817279,-1.1353092989795026
879,19,2.3513232000858633,-1.124754332467361
880,0,2.354998560936868,-1.1459950581383147
880,1,2.32813026407053,-1.3313973513350705
880,2,2.5233822069232907,-1.1189731843808595
880,3,2.47473162164934,-1.1135897284894605
880,4,2.3893283772498632,-1.196257483910529
880,5,2.346697384023236,-0.9718865034172799
880,6,2.4038445806892077,-1.2352092434720807
880,7,2.2504740307816444,-1.2343132465073132
880,8,2.482097594576416,-1.0677115916947864
880,9,2.2664307305025146,-1.2022513843279605
880,10,2.356827111479746,-0.9771350770174578
880,11,2.4568029437982526,-1.1563956742778436
880,12,2.460386067396898,-1.1257666770005923
880,13,2.289603629483173,-1.192702271641435
880,14,2.46776225145759,-1.023437097794998
880,15,2.379839099596032,-1.0041160318040836
880,16,2.469347463986807,-1.160756783767734
880,17,2.4349708828095933,-1.174761168774526
880,18,2.2551965849903874,-1.136356409898541
880,19,2.3534140117260165,-1.1259522344708592
881,0,2.357081753139738,-1.1471758503777838
881,1,2.3302255075830858,-1.3323888498036474
881,2,2.5253006011999344,-1.1201941947473437
881,3,2.476699838491052,-1.1148104973703947
881,4,2.3893283772498632,-1.196257483910529
881,5,2.3488030712308454,-0.9732410149560603
881,6,2.4058724091260264,-1.2363036301441341
881,7,2.2526580712931374,-1.2353885875038242
881,8,2.4840628147870722,-1.068978123537325
881,9,2.2686190922455896,-1.2033254152776722
881,10,2.3589555697145865,-0.9784320713752637
881,11,2.4587833142631808,-1.1575756203008047
881,12,2.4623649390487414,-1.1269783041992618
881,13,2.2917500490147145,-1.1938270506837396
881,14,2.4697441613841287,-1.0247486619296673
881,15,2.379839099596032,-1.0041160318040836
881,16,2.471316593514821,-1.1619307212251393
881,17,2.4369729934086304,-1.1759182973170872
881,18,2.2574419941469364,-1.1374158771096647
881,19,2.3555027404887876,-1.1271489431181787
882,0,2.359162869734374,-1.1483554661237485
882,1,2.332318663675414,-1.3333793604758433
882,2,2.52721708415646,-1.121413988605988
882,3,2.478666094497365,-1.1160300500607214
882,4,2.3893283772498632,-1.196257483910529
882,5,2.3509066603361957,-0.9745941768624219
882,6,2.407898217260669,-1.2373969264913183
882,7,2.2548361025721295,-1.236470609343304
882,8,2.4860260771980482,-1.0702433936303546
882,9,2.2708007568983373,-1.2044075407641432
882,10,2.3610760740930576,-0.9797373093951142
882,11,2.460761711495663,-1.1587543906307234
882,12,2.4643418388888696,-1.1281887240934036
882,13,2.2938943302775328,-1.194950709218235
882,14,2.471724096697156,-1.0260589193287344
882,15,2.3820031181489125,-1.0052812871780505
882,16,2.4732837612442102,-1.1631034891155572
882,17,2.4389731093416627,-1.1770742730337413
882,18,2.2596790957977366,-1.138487095287052
882,19,2.357589388464996,-1.128344459607226
883,0,2.361241912803975,-1.1495339065570054
883,1,2.3344097344427657,-1.3343688843431603
883,2,2.5291316577112686,-1.122632567177807
883,3,2.4806303916365025,-1.117248387781214
883,4,2.3893283772498632,-1.196257483910529
883,5,2.353008153444982,-0.975945990490881
883,6,2.409922007120971,-1.2384891336080237
883,7,2.257011963833036,-1.23755155314181
883,8,2.487987383774572,-1.0715074032404117
883,9,2.272975878630779,-1.2054973603787027
883,10,2.363188834925327,-0.9810503599425348
883,11,2.462738137476077,-1.15993198644755
883,12,2.4663167688961614,-1.1293979378946495
883,13,2.296036475418055,-1.1960732483697045
883,14,2.473702059378589,-1.0273678713037682
883,15,2.384157443643155,-1.0064593183945376
883,16,2.475248969144111,-1.1642750886129294
883,17,2.440971232610808,-1.1782290970816214
883,18,2.261908080657896,-1.1395694873275153
883,19,2.359669841832982,-1.1295459404958064
884,0,2.363318884429666,-1.1507111728571744
884,1,2.336498721978305,-1.3353574223961129
884,2,2.53104432378085,-1.1238499316825992
884,3,2.482592731874728,-1.1184655117514297
884,4,2.3893283772498632,-1.196257483910529
884,5,2.3551075526608005,-0.9772964571946046
884,6,2.411943780732748,-1.239580252587551
884,7,2.2591856572538958,-1.238631419981368
884,8,2.489946736479913,-1.0727701536327712
884,9,2.275144608225469,-1.20659449175871
884,10,2.365294057026369,-0.9823708121655929
884,11,2.464712594182827,-1.161108408930059
884,12,2.4682897310475234,-1.1306059468134235
884,13,2.2981725976053125,-1.1972020595115944
884,14,2.4756780514083703,-1.0286755191650307
884,15,2.3863023100805076,-1.0076494927463278
884,16,2.477212219181698,-1.1654455208900283
884,17,2.44296736521619,-1.1793827706167073
884,18,2.2641291371975925,-1.1406625029788806
884,19,2.3617482220779102,-1.13074622413682
885,0,2.3653937866904973,-1.1518872662027002
885,1,2.3385856283731106,-1.3363449756242285
885,2,2.5329550842797857,-1.1250660833389474
885,3,2.4845531171763455,-1.119681423189711
885,4,2.3893283772498632,-1.196257483910529
885,5,2.3572048600851523,-0.9786455783254109
885,6,2.413963540119798,-1.2406702845221114
885,7,2.2613571850105783,-1.2397102109429257
885,8,2.491904137275385,-1.0740316460714472
885,9,2.277307092980574,-1.2076985697332174
885,10,2.367391939670583,-0.9836982744834115
885,11,2.466685083592346,-1.1622836592558505
885,12,2.470260727317893,-1.1318127520589436
885,13,2.3003065911984657,-1.1983297458204782
885,14,2.4776520747644697,-1.0299818642214789
885,15,2.3884379487904663,-1.0088512073741924
885,16,2.479173513322187,-1.1666147871184576
885,17,2.444961509155939,-1.1805352947938272
885,18,2.2663424512576436,-1.1417656175351094
885,19,2.3638245312802426,-1.131945311731752
886,0,2.367466621663448,-1.1530621877708536
886,1,2.3406704557161775,-1.337331545016049
886,2,2.534863941120748,-1.1262810233642209
886,3,2.4865115495037036,-1.1208961233131862
886,4,2.3893283772498632,-1.196257483910529
886,5,2.359300077817444,-0.9799933552337716
886,6,2.4159812873039015,-1.2417592305028278
886,7,2.2635265492767846,-1.240787927106354
886,8,2.493859588120349,-1.0752918818191952
886,9,2.2794634766372055,-1.208809245510665
886,10,2.369482676572857,-0.985032373627683
886,11,2.4686556076790978,-1.1634577386013512
886,12,2.472229759680239,-1.1330183548392232
886,13,2.302438458333645,-1.199456308425171
886,14,2.4796241314228866,-1.0312869077807654
886,15,2.3905645879522694,-1.0100638877920818
886,16,2.4811328535288353,-1.1677828884686539
886,17,2.446953666426195,-1.1816866707666593
886,18,2.268548205723062,-1.1428783305953711
886,19,2.365898771518366,-1.13314320448089
887,0,2.3695373914234286,-1.1542359387377321
887,1,2.3427532060944203,-1.3383171315591313
887,2,2.536770896214505,-1.1274947529745756
887,3,2.4884680308171943,-1.1221096133377715
887,4,2.3893283772498632,-1.196257483910529
887,5,2.361393207954991,-0.9813397892688128
887,6,2.4179970243048254,-1.242847091619736
887,7,2.2656937522240512,-1.241864569550448
887,8,2.495808893514074,-1.0765573514222049
887,9,2.2816177119336567,-1.2099188147449391
887,10,2.3715664558927254,-0.9863727537344077
887,11,2.470624168415579,-1.1646306481418156
887,12,2.4741968301055652,-1.1342227563610718
887,13,2.3045682011448503,-1.2005817484533632
887,14,2.481594223357652,-1.0325906511492402
887,15,2.3926824521883945,-1.0112869864852823
887,16,2.483090241762944,-1.1689498261098878
887,17,2.4489438390211093,-1.1828368996877319
887,18,2.270746580248452,-1.144000164884298
887,19,2.3679709448685973,-1.1343399035833261
888,0,2.371606098043281,-1.1554085202782616
888,1,2.344833881592674,-1.3393017362400486
888,2,2.5386759514699206,-1.1287072733849561
888,3,2.4904225630752572,-1.1233218944781713
888,4,2.3893283772498632,-1.196257483910529
888,5,2.363484252593018,-0.9826848817783163
888,6,2.4200107531403248,-1.2439338689617865
888,7,2.26785879602175,-1.2429401393529276
888,8,2.497756256495877,-1.0778215600307843
888,9,2.2837698010263185,-1.21102727854672
888,10,2.373648159193015,-0.9877117984524383
888,11,2.472590767772321,-1.1658023890513276
888,12,2.476161940562911,-1.1354259578300967
888,13,2.3066958217639573,-1.2017060670316213
888,14,2.483562352540829,-1.0338930956319516
888,15,2.394791762221995,-1.012519981578468
888,16,2.485045679983861,-1.1701156012102654
888,17,2.450932028932847,-1.1839859827084251
888,18,2.272937751029676,-1.1451306651306938
888,19,2.370041053405184,-1.1355354102369573
889,0,2.373672743593783,-1.1565799335661973
889,1,2.346912484293697,-1.340285360044391
889,2,2.5405791087939567,-1.1299185858090968
889,3,2.4923751482343817,-1.1245329679478806
889,4,2.391458733539707,-1.197220569043802
889,5,2.3655732138246632,-0.9840286341087208
889,6,2.422022475826144,-1.2450195636168442
889,7,2.2700216828370916,-1.2440146375904393
889,8,2.4997016790150695,-1.0790845089104075
889,9,2.2859197460694345,-1.212134638025581
889,10,2.375727788557513,-0.9890495091221599
889,11,2.474555407717892,-1.1669729625028007
889,12,2.4781250930193535,-1.1366279604507035
889,13,2.3088213223207164,-1.2028292652853894
889,14,2.4855285209425175,-1.0351942425326477
889,15,2.3968927345914244,-1.0137623755705898
889,16,2.4869991701489824,-1.1712802149367283
889,17,2.452918238151588,-1.1851339209789724
889,18,2.2751218906167714,-1.1462693970020275
889,19,2.3721090992003067,-1.1367297256384865
890,0,2.3757373301436484,-1.1577501797741252
890,1,2.348989016278172,-1.3412680039567668
890,2,2.542480370091676,-1.1311286914595222
890,3,2.4943218056491125,-1.1257492325415284
890,4,2.393580797391878,-1.198196284932164
890,5,2.3676600937409784,-0.9853710476051238
890,6,2.4240321943760197,-1.2461041766716905
890,7,2.2721824148351284,-1.245088065338557
890,8,2.5016451630190217,-1.0803461993252876
890,9,2.2880675492151017,-1.2132408942899902
890,10,2.3778053460679303,-0.9903858870826224
890,11,2.4765180902188977,-1.1681423696679802
890,12,2.48008628944001,-1.1378287654260981
890,13,2.310944704942755,-1.20395134433899
890,14,2.487492730530854,-1.036494093153778
890,15,2.398985581415664,-1.0150136941335919
890,16,2.488950714213753,-1.172443668455056
890,17,2.4549024686655296,-1.186280715648461
890,18,2.2772991677635677,-1.1474159460921038
890,19,2.374175084324081,-1.1379228509834252
891,0,2.3777998597595307,-1.1589192600734628
891,1,2.35106347962471,-1.3422496689608037
891,2,2.544379737266242,-1.1323375915475495
891,3,2.496266523291647,-1.1269642851724422
891,4,2.395694735714577,-1.1991840485722205
891,5,2.3697448944309327,-0.9867121236112827
891,6,2.426039910801682,-1.2471877092120243
891,7,2.274340994178755,-1.2461604236717827
891,8,2.503586710453163,-1.081606632538378
891,9,2.2902132126132733,-1.2143460484473108
891,10,2.3798808338039037,-0.9917209336715412
891,11,2.478478817239986,-1.1693106117174439
891,12,2.482045531788041,-1.1390283739582874
891,13,2.3130659717555817,-1.2050723053156251
891,14,2.4894549832720143,-1.0377926487964941
891,15,2.4010705102050607,-1.016273484972
891,16,2.4909003141316703,-1.173605962929867
891,17,2.4568847224608885,-1.1874263678648334
891,18,2.279469747309913,-1.148569916959387
891,19,2.376239010844561,-1.1391147874660925
892,0,2.3798603345060236,-1.1600871756344606
892,1,2.3531326499916005,-1.3432371453268388
892,2,2.546277212218924,-1.133545287283289
892,3,2.4982093031086494,-1.128178127056891
892,4,2.3978007153155603,-1.2001833027516833
892,5,2.3718276179814137,-0.9880518634696157
892,6,2.4280456271128568,-1.2482701623224626
892,7,2.276497423028711,-1.2472317136635485
892,8,2.505526323260984,-1.0828658098113735
892,9,2.2923567384117605,-1.2154501016038033
892,10,2.381954253842999,-0.9930546502252994
892,11,2.4804375907438456,-1.170477689820603
892,12,2.484002822024649,-1.1402267872480807
892,13,2.3151851248825865,-1.2061921493373782
892,14,2.491415281130215,-1.0390899107606517
892,15,2.4031477237123284,-1.0175413167405016
892,16,2.492847971854286,-1.1747670995246187
892,17,2.4588650015219025,-1.1885708787748888
892,18,2.2816337900928065,-1.1497309322135292
892,19,2.3783008808277377,-1.1403055362796184
893,0,2.381918756445665,-1.1612539276262033
893,1,2.355199758504312,-1.344223637708034
893,2,2.548172796849096,-1.134751779875645
893,3,2.5001501470448435,-1.1293907594099315
893,4,2.3998989023906088,-1.2011935148681616
893,5,2.3739082664772297,-0.9893902685212038
893,6,2.430049345317268,-1.249351537086542
893,7,2.2786517035435847,-1.2483019363862162
893,8,2.5074640033840394,-1.0841237324047117
893,9,2.2944981287562345,-1.2165530548646262
893,10,2.3840256082607114,-0.9943870380789485
893,11,2.4823944126912116,-1.171643605145704
893,12,2.485958162109084,-1.1414240064950911
893,13,2.317302166445044,-1.207310877525214
893,14,2.4933736260677164,-1.040385880344811
893,15,2.405217419819268,-1.0188167780167172
893,16,2.4947936893312077,-1.1759270794016101
893,17,2.4608433078308334,-1.1897142495242836
893,18,2.2837914528831065,-1.150898631647744
893,19,2.380360696337546,-1.1414950986159433
894,0,2.3839751276389367,-1.1624195172166107
894,1,2.357264807232022,-1.3452091470918695
894,2,2.5500664930542407,-1.1359570705323179
894,3,2.5020890570430168,-1.13060218344541
894,4,2.4019894620749285,-1.2022141758006513
894,5,2.375986842001112,-0.9907273401057918
894,6,2.4320510674206397,-1.2504318345867198
894,7,2.2808038378798123,-1.2493710929110804
894,8,2.509399752761949,-1.0853804015775743
894,9,2.296637385790229,-1.2176549093338365
894,10,2.3860948991304687,-0.9957180985662101
894,11,2.484349285040864,-1.1728083588598293
894,12,2.4879115539986434,-1.142620032897736
894,13,2.319417098562115,-1.2084284909989804
894,14,2.4953300200448236,-1.041680558846239
894,15,2.407279791455089,-1.0200994763264588
894,16,2.4967337062584427,-1.1770921912519585
894,17,2.4628196433679674,-1.190856481257533
894,18,2.2859469661341,-1.15206516777885
894,19,2.382418459435863,-1.1426834756658206
895,0,2.3860294501442687,-1.1635839455724393
895,1,2.3593277982418464,-1.3461936744648406
895,2,2.551958302729949,-1.1371611604598049
895,3,2.5040260350440193,-1.1318124003759633
895,4,2.4040725580514106,-1.2032447988319324
895,5,2.3780633466337164,-0.9920630795617896
895,6,2.434047277973798,-1.2515175482589893
895,7,2.282953828191683,-1.2504391843083673
895,8,2.5113335733323994,-1.0866358185878886
895,9,2.298774511655143,-1.2187556661143917
895,10,2.388162128523633,-0.997047833019477
895,11,2.4863022097496326,-1.1739719521288983
895,12,2.489862999648674,-1.1438148676532391
895,13,2.321529923350848,-1.2095449908774099
895,14,2.497284465019889,-1.04297394756091
895,15,2.409335026542642,-1.0213890372188588
895,16,2.49867179004254,-1.178256142118634
895,17,2.464790275080851,-1.1920040133438108
895,18,2.2881003320034576,-1.153230541774551
895,19,2.384474172182512,-1.1438706686188167
896,0,2.3880817260180396,-1.164747213859283
896,1,2.361388733598841,-1.3471772208124604
896,2,2.5538482277699246,-1.138364050863401
896,3,2.5059610829867687,-1.1330214114130195
896,4,2.406148352210228,-1.2042849186200464
896,5,2.3801377824536263,-0.9933974882262737
896,6,2.4360414993794337,-1.2526021800590796
896,7,2.285101676631338,-1.2515062116472377
896,8,2.513265467031147,-1.0878899846923282
896,9,2.300909508490241,-1.2198553263081506
896,10,2.390227298509503,-0.9983762427698146
896,11,2.4882531887723967,-1.1751343861176693
896,12,2.4918125010125753,-1.1450085119576312
896,13,2.323640642926183,-1.2106603782781196
896,14,2.4992369629493134,-1.0442660477835077
896,15,2.4113833079692286,-1.0226851033888607
896,16,2.5006079426235237,-1.1794189331667522
896,17,2.4667589431455754,-1.1931504019646437
896,18,2.2902515526467013,-1.1543947548013873
896,19,2.3865278366352625,-1.145056678663313
897,0,2.3901319573145794,-1.1659093232415743
897,1,2.3634476153660042,-1.3481597871192599
897,2,2.5557362700659843,-1.1395657429472008
897,3,2.5078942028082496,-1.1342292177667999
897,4,2.40821700435473,-1.205334090217006
897,5,2.382210151537354,-0.9947305674349886
897,6,2.4380337336337647,-1.2536857310727085
897,7,2.287247385348777,-1.252572175995787
897,8,2.5151954357920197,-1.0891429011463145
897,9,2.303042378432657,-1.220953891015874
897,10,2.3922904111553165,-0.9997033291469626
897,11,2.490202224062088,-1.1762956619897396
897,12,2.4937600600418,-1.1462009670057514
897,13,2.325749259400953,-1.2117746543176136
897,14,2.50118751578755,-1.0455568608074255
897,15,2.4134248135789886,-1.0239873338446583
897,16,2.502542165939484,-1.1805805655602684
897,17,2.46872564953278,-1.194295648267568
897,18,2.292400630217205,-1.1555578080247375
897,19,2.388579454849835,-1.1462415069865064
898,0,2.3921801460861722,-1.1670702748825859
898,1,2.365504445604279,-1.3491413743687888
898,2,2.5576224315080602,-1.1407662379140993
898,3,2.5098253964435164,-1.1354358206463198
898,4,2.4102786719490497,-1.2063918881328848
898,5,2.3842804559593427,-0.9960623185223477
898,6,2.4400239827310197,-1.2547682023845113
898,7,2.289390956491856,-1.2536370784210467
898,8,2.5171234815469177,-1.0903945692040182
898,9,2.305173123617396,-1.2220513613372261
898,10,2.3943514685262506,-1.0010290934793356
898,11,2.4921493175696927,-1.1774557809075477
898,12,2.495705678685856,-1.1473922339912483
898,13,2.327855774885884,-1.2128878201112832
898,14,2.503136125487103,-1.0468463879247683
898,15,2.4154597161841704,-1.0252954031177781
898,16,2.5044744619265806,-1.1817410404619775
898,17,2.4706903962111397,-1.195439753398976
898,18,2.2945475668661968,-1.1567197026088187
898,19,2.390629028879902,-1.1474251547744116
899,0,2.3942262943830563,-1.1682300699444315
899,1,2.367559226372554,-1.350121983543617
899,2,2.559502870894175,-1.1419715537981874
899,3,2.5117546658256966,-1.13664122125939
899,4,2.412333509903256,-1.2074579054434462
899,5,2.3863486977919695,-0.9973927428214353
899,6,2.4420122486634397,-1.2558495950780428
899,7,2.2915323922062916,-1.254700919988985
899,8,2.519049606225817,-1.0916449901183602
899,9,2.307297978788012,-1.2231550221122323
899,10,2.396410472685426,-1.002353537094025
899,11,2.494094471244254,-1.1786147440323735
899,12,2.49764935889231,-1.1485823141065814
899,13,2.3299601914896004,-1.2139998767734086
899,14,2.5050827939985334,-1.0481346304263541
899,15,2.4174925912323983,-1.0266021690435316
899,16,2.506404832519044,-1.182900359033516
899,17,2.472653185147368,-1.1965827185041185
899,18,2.296692364742763,-1.1578804397166889
899,19,2.3926765607770886,-1.1486076232118612
900,0,2.396270404253429,-1.1693887095880673
900,1,2.369611959727667,-1.3511016156253348
900,2,2.559502870894175,-1.1419715537981874
900,3,2.5136820128859902,-1.1378454208126176
900,4,2.414381670392248,-1.2085317529394954
900,5,2.388414879105546,-0.9987218416640073
900,6,2.4439985334212806,-1.2569299102357785
900,7,2.2936716946356634,-1.2557637017645082
900,8,2.52097381175677,-1.0928941651410131
900,9,2.309420716594328,-1.2242575831172602
900,10,2.3984627824869564,-1.0036838520441542
900,11,2.4960376870328718,-1.1797725525243405
900,12,2.499591102606788,-1.149771208543022
900,13,2.3320625113186257,-1.2151108254171596
900,14,2.5070232167165054,-1.049428073712975
900,15,2.419523440758583,-1.0279076329299932
900,16,2.508333279649176,-1.1840585224353632
900,17,2.474614018306218,-1.1977245447271045
900,18,2.2988309724563316,-1.1590474795194181
900,19,2.3947220525909763,-1.149788913482507
901,0,2.3983124777434455,-1.1705461949732925
901,1,2.3716626477244063,-1.3520802715945555
901,2,2.559502870894175,-1.1419715537981874
901,3,2.5156074395536736,-1.1390484205114075
901,4,2.4164233027049513,-1.2096130583161682
901,5,2.390479001968323,-1.000049616380493
901,6,2.4459828389928155,-1.2580091489391145
901,7,2.295805228121216,-1.2568327161699775
901,8,2.5228961000659083,-1.0941420955224024
901,9,2.3115413391612067,-1.2253590454559748
901,10,2.4005130472071285,-1.0050128413648374
901,11,2.4979789668807073,-1.180929207542416
901,12,2.501530911772977,-1.1509589184906546
901,13,2.334162736477384,-1.2162206671545968
901,14,2.5089617058763567,-1.0507202281320993
901,15,2.4215522667956058,-1.0292117960839333
901,16,2.5102598052473555,-1.1852155318268418
901,17,2.4765728976504864,-1.1988652332109033
901,18,2.300967449089354,-1.1602133563899253
901,19,2.3967655063691042,-1.1509690267688217
902,0,2.4003525168972235,-1.1717025272587511
902,1,2.3737112924155124,-1.3530579524309143
902,2,2.559502870894175,-1.1419715537981874
902,3,2.517530947756101,-1.1402502215599637
902,4,2.4184585531206673,-1.2107014654004096
902,5,2.392541068446488,-1.0013760682999964
902,6,2.4479651673643366,-1.2590873122683701
902,7,2.2979366356021638,-1.2579006653334133
902,8,2.5248164730774443,-1.0953887825117075
902,9,2.3136598486113935,-1.226459410230941
902,10,2.402561268898259,-1.006340506386394
902,11,2.4999183127309834,-1.182084710244413
902,12,2.503468788332628,-1.1521454451383781
902,13,2.3362608690682025,-1.2173294030966728
902,14,2.5108982634185164,-1.0520110949771748
902,15,2.423579071374324,-1.0305146598108206
902,16,2.5121844112420355,-1.186371388366119
902,17,2.478529825141013,-1.200004785097345
902,18,2.303101796780446,-1.1613780714952546
902,19,2.398806924156972,-1.1521479642521002
903,0,2.4023905237568446,-1.172857707601933
903,1,2.3757578958516805,-1.3540346591130707
903,2,2.559502870894175,-1.1419715537981874
903,3,2.5194525394187055,-1.14145082516129
903,4,2.4204875648097413,-1.2117966334149441
903,5,2.3946010806041724,-1.0027011987502967
903,6,2.4499455205201564,-1.2601644013027877
903,7,2.3000659192120483,-1.258967550323834
903,8,2.5267349327136737,-1.0966342273568632
903,9,2.315776247065518,-1.2275586785436248
903,10,2.40460744961062,-1.007666848437818
903,11,2.5018557265249877,-1.1832390617869906
903,12,2.5054047342255568,-1.1533307896739067
903,13,2.338356911191314,-1.2184370343532336
903,14,2.5128328912814806,-1.0533006755403604
903,15,2.425603856523571,-1.0318162254148227
903,16,2.5141070995597485,-1.1875260932102087
903,17,2.480484802736684,-1.2011432015271222
903,18,2.305234017666091,-1.1625416260012869
903,19,2.4008463079980404,-1.1533257271124597
904,0,2.404426500362355,-1.174011737159175
904,1,2.377802460081563,-1.3550103926187094
904,2,2.559502870894175,-1.1419715537981874
904,3,2.5213722164650028,-1.142650232517192
904,4,2.422510477755954,-1.212898236277083
904,5,2.39665904050345,-1.0040250090578513
904,6,2.45192390044261,-1.2612404171205347
904,7,2.302193081082284,-1.2600333722091923
904,8,2.5286514808949763,-1.0978784313045613
904,9,2.317890536642097,-1.228656851494395
904,10,2.40665159139244,-1.0089918688467792
904,11,2.5037912102020727,-1.1843922633256558
904,12,2.5073387513896477,-1.1545149532837715
904,13,2.340450864944859,-1.2195435620330188
904,14,2.5147655914018134,-1.0545889711125276
904,15,2.4276266242701587,-1.0331164941988082
904,16,2.516027872125108,-1.1886796475149715
904,17,2.482437832394434,-1.202280483639791
904,18,2.307364113880644,-1.1637040210727412
904,19,2.402883659933735,-1.1545023165288424
905,0,2.4064565816751053,-1.1751714129928974
905,1,2.3798449871517704,-1.3559851539245402
905,2,2.559502870894175,-1.1419715537981874
905,3,2.523289980816591,-1.1438484448282777
905,4,2.424527428698294,-1.2140059619307726
905,5,2.398714950204341,-1.0053475005477952
905,6,2.453900309112058,-1.2623153607987037
905,7,2.304318123342162,-1.2610981320563772
905,8,2.5305661195398184,-1.099121395600251
905,9,2.320002719457537,-1.2297539301825235
905,10,2.4086936962899075,-1.0103155689396244
905,11,2.50572476569966,-1.1855443160147647
905,12,2.509270841760854,-1.1556979371533216
905,13,2.3425427324248873,-1.220648987243664
905,14,2.51669636571415,-1.0558759829832614
905,15,2.4296473766388798,-1.0344154674643475
905,16,2.5179467308608086,-1.189832052435116
905,17,2.484388916069247,-1.2034166325737716
905,18,2.3094920875563343,-1.1648652578731762
905,19,2.404918982003447,-1.1556777336790152
906,0,2.408484640078254,-1.1763299332475976
906,1,2.381885479106874,-1.3569589440063003
906,2,2.559502870894175,-1.1419715537981874
906,3,2.5252058343931547,-1.1450454632939586
906,4,2.426538551089985,-1.2151195117103384
906,5,2.400768811764813,-1.006668674543944
906,6,2.4558747485068873,-1.2633892334133145
906,7,2.3064410481188524,-1.2621618309312141
906,8,2.5324788505647557,-1.1003631214881409
906,9,2.322112797626135,-1.2308499157061876
906,10,2.410733766347171,-1.0116379500413786
906,11,2.50765639495324,-1.186695221007523
906,12,2.511201007273199,-1.1568797424667248
906,13,2.34463251572536,-1.221753311091701
906,14,2.518625216151197,-1.057161712440862
906,15,2.431666115652509,-1.0357131465117142
906,16,2.51986367768763,-1.1909833091242013
906,17,2.4863380557141608,-1.2045516494663506
906,18,2.311617940823265,-1.1660253375649912
906,19,2.4069522762445357,-1.1568519797395718
907,0,2.4105106776018896,-1.1774872990829552
907,1,2.383923937989409,-1.3579317638387545
907,2,2.559502870894175,-1.1419715537981874
907,3,2.5271197791124647,-1.1462412891124516
907,4,2.4285439750728344,-1.2162385997344396
907,5,2.402820627240783,-1.0079885323687938
907,6,2.4578472206035133,-1.2644620360393146
907,7,2.3085618575374043,-1.263224469898467
907,8,2.5343896758844333,-1.1016036102111995
907,9,2.3242207732600813,-1.2319448091624696
907,10,2.412771803606343,-1.0129590134757465
907,11,2.509586099896376,-1.1878449794559878
907,12,2.513129249858782,-1.1580603704069694
907,13,2.3467202169381522,-1.2228565346825588
907,14,2.520552144643736,-1.058446160772346
907,15,2.433682843331806,-1.037009532639886
907,16,2.521778714524438,-1.192133418734636
907,17,2.4882852532802655,-1.2056855354536808
907,18,2.3137416758094176,-1.167184261309427
907,19,2.4089835446923304,-1.1580250558859335
908,0,2.4125346962740775,-1.1786435116574945
908,1,2.3859603658398743,-1.3589036143956963
908,2,2.559502870894175,-1.1419715537981874
908,3,2.529031816890382,-1.1474359234807792
908,4,2.430547400841332,-1.217356572693712
908,5,2.404870398686121,-1.009307075343524
908,6,2.4598177273763833,-1.2655337697505806
908,7,2.31068055372075,-1.264286050021838
908,8,2.5362985974115895,-1.1028428630111575
908,9,2.326326648469461,-1.233038611647359
908,10,2.414807810107501,-1.014278760565114
908,11,2.5115138824607044,-1.1889935925110684
908,12,2.5150555714477743,-1.1592398221558653
908,13,2.3488058381530554,-1.2239586591205653
908,14,2.522477153120624,-1.0597293292634473
908,15,2.4356975616955174,-1.038304627146547
908,16,2.5236918432881863,-1.193282382417681
908,17,2.490230510716708,-1.2068182916707835
908,18,2.3158632946406525,-1.1683420302665675
908,19,2.4110127893801336,-1.1591969632923511
909,0,2.414556698120862,-1.1797985721285855
909,1,2.387994764696736,-1.3598744966499492
909,2,2.559502870894175,-1.1419715537981874
909,3,2.5309419496408574,-1.1486293675947719
909,4,2.4325488304009086,-1.218473431707247
909,5,2.4069181281526495,-1.0106243047879973
909,6,2.461786270797976,-1.2666044356199189
909,7,2.31068055372075,-1.264286050021838
909,8,2.5382056170570566,-1.104080881128508
909,9,2.328430425362258,-1.2341313242557532
909,10,2.4168417878886888,-1.0155971926305492
909,11,2.513439744575937,-1.1901410613225276
909,12,2.516979973968426,-1.1604180988940447
909,13,2.350889381457778,-1.2250596855089484
909,14,2.524400243508796,-1.061011219198619
909,15,2.4377102727603788,-1.039598431328088
909,16,2.5256030658939186,-1.1944302013234502
909,17,2.4921738299706924,-1.2079499192515484
909,18,2.3179827994407125,-1.1694986455953404
909,19,2.4130400123392204,-1.1603677031319048
910,0,2.4165766851662696,-1.1809524816524448
910,1,2.39002713659643,-1.3608444115733673
910,2,2.559502870894175,-1.1419715537981874
910,3,2.5328501792759366,-1.149821622649068
910,4,2.434548265754998,-1.219589177893022
910,5,2.408959228048815,-1.0119473297541979
910,6,2.4637528528388053,-1.2676740347190671
910,7,2.31068055372075,-1.264286050021838
910,8,2.5382056170570566,-1.104080881128508
910,9,2.3305321060443545,-1.2352229480814587
910,10,2.4188737389859205,-1.0169143109918037
910,11,2.515360005874895,-1.1912935447907573
910,12,2.518902459347066,-1.1615952018009637
910,13,2.352970848937949,-1.2261596149498364
910,14,2.5263214177332682,-1.062291831861034
910,15,2.439720978541115,-1.0408909464796081
910,16,2.527512384254771,-1.1955768766009114
910,17,2.4941152129874835,-1.209080419328736
910,18,2.320100192331224,-1.170654108453519
910,19,2.4130400123392204,-1.1603677031319048
911,0,2.418594659432309,-1.182105241384137
911,1,2.392057483573362,-1.3618133601368363
911,2,2.559502870894175,-1.1419715537981874
911,3,2.534756507705759,-1.1510126898371165
911,4,2.436545708905036,-1.2207038123679
911,5,2.4109982940280896,-1.0132690363514003
911,6,2.465717475467422,-1.268742568118695
911,7,2.31068055372075,-1.264286050021838
911,8,2.5382056170570566,-1.104080881128508
911,9,2.332631692619535,-1.236313484217192
911,10,2.420903665433181,-1.0182301169673147
911,11,2.517278353719054,-1.1924448798605765
911,12,2.520823029508104,-1.1627711320549037
911,13,2.355050242677119,-1.2272584485442597
911,14,2.5282406777171373,-1.0635711685325866
911,15,2.4417296810504454,-1.0421821738949164
911,16,2.529419800281972,-1.1967224093978877
911,17,2.4941152129874835,-1.209080419328736
911,18,2.3222154754316993,-1.1718084199977223
911,19,2.4130400123392204,-1.1603677031319048
912,0,2.420610622938974,-1.183256852477576
912,1,2.394085807659912,-1.3627813433102747
912,2,2.5614568863909013,-1.1430489231793282
912,3,2.5366609368385613,-1.1522025703511765
912,4,2.438541161850466,-1.221817336247631
912,5,2.413035328131581,-1.0145894259026342
912,6,2.467680140650415,-1.2698100368884055
912,7,2.31068055372075,-1.264286050021838
912,8,2.5382056170570566,-1.104080881128508
912,9,2.334729187189488,-1.2374029337545804
912,10,2.422931569262429,-1.019544611874205
912,11,2.5191947900286817,-1.1935950676844727
912,12,2.5227416863740326,-1.1639458908329718
912,13,2.3571275647567638,-1.228356187392152
912,14,2.5301580253815845,-1.0648492304938946
912,15,2.4437363822990825,-1.0434721148665327
912,16,2.531325315884848,-1.1978668008610585
912,17,2.4941152129874835,-1.209080419328736
912,18,2.324328650859539,-1.172961581383418
912,19,2.4130400123392204,-1.1603677031319048
913,0,2.422624577704247,-1.1844073160855253
913,1,2.3961121108864334,-1.3637483620626345
913,2,2.5634030265941954,-1.1441359371068842
913,3,2.5385634685806786,-1.1533912653823195
913,4,2.440534626588738,-1.2229297506468537
913,5,2.4150703323983618,-1.0159084997296108
913,6,2.4696408503524143,-1.270876442096736
913,7,2.31068055372075,-1.264286050021838
913,8,2.5382056170570566,-1.104080881128508
913,9,2.3368245918538078,-1.2384912977841644
913,10,2.424957452503598,-1.0208577970282855
913,11,2.5211093167221326,-1.1947441094137852
913,12,2.5246584318654297,-1.1651194793111028
913,13,2.3592028172562847,-1.2294528325923508
913,14,2.532073462645877,-1.066126019024299
913,15,2.445741084295736,-1.0447607706856892
913,16,2.5332289329708213,-1.1990100521359608
913,17,2.4941152129874835,-1.209080419328736
913,18,2.326439720730034,-1.1741135937649212
913,19,2.4130400123392204,-1.1603677031319048
914,0,2.424636525744098,-1.1855566333596002
914,1,2.3981363952812584,-1.3647144173619026
914,2,2.565341464734361,-1.1452321532353202
914,3,2.5404641048365475,-1.1545787761204307
914,4,2.442526105115312,-1.224041056679096
914,5,2.417103308865474,-1.0172262591527241
914,6,2.471599606536092,-1.2719417848111592
914,7,2.31068055372075,-1.264286050021838
914,8,2.5382056170570566,-1.104080881128508
914,9,2.338917908709996,-1.2395785773953973
914,10,2.4269813171845995,-1.0221696737440555
914,11,2.52302193571585,-1.1958920061987057
914,12,2.5265732679009587,-1.16629189866406
914,13,2.3612760022530113,-1.2305483852425991
914,14,2.533986991427369,-1.0674015354018662
914,15,2.447743789047115,-1.0460481426423316
914,16,2.535130653445415,-1.2001521643669903
914,17,2.4941152129874835,-1.209080419328736
914,18,2.3285486871563665,-1.1752644582953977
914,19,2.4130400123392204,-1.1603677031319048
915,0,2.426646469072489,-1.1867048054502685
915,1,2.4001586628706972,-1.3656795101751011
915,2,2.5672723717168036,-1.1463371482080993
915,3,2.5423628475087066,-1.1557651037542092
915,4,2.44451559942366,-1.2251512554567763
915,5,2.4191342595679286,-1.0185427054910527
915,6,2.473556411162165,-1.273006066098084
915,7,2.31068055372075,-1.264286050021838
915,8,2.5382056170570566,-1.104080881128508
915,9,2.3410091398534654,-1.2406647736766472
915,10,2.4290031653313235,-1.023480243334705
915,11,2.5249326489243673,-1.19703875918828
915,12,2.5284824289626755,-1.1674692810649996
915,13,2.363347121822204,-1.2316428464395461
915,14,2.535898613641505,-1.0686757809033895
915,15,2.449744498557929,-1.0473342320251207
915,16,2.537030479212253,-1.2012931386974026
915,17,2.4941152129874835,-1.209080419328736
915,18,2.3306555522496146,-1.176414176126864
915,19,2.4130400123392204,-1.1603677031319048
916,0,2.428654409701376,-1.1878518335068513
916,1,2.402178915679042,-1.3666436414682892
916,2,2.569195915889705,-1.1474505168005835
916,3,2.544259698497799,-1.1569502494711703
916,4,2.446503111505268,-1.2262603480912044
916,5,2.4211631865387093,-1.0198578400623608
916,6,2.475511266189397,-1.274069287022857
916,7,2.31068055372075,-1.264286050021838
916,8,2.5382056170570566,-1.104080881128508
916,9,2.34309828737754,-1.2417498877151976
916,10,2.431022998967642,-1.0247895071121156
916,11,2.5268414582603103,-1.1981843695304093
916,12,2.5303896876279643,-1.1686454902552976
916,13,2.365416178037055,-1.2327362172787486
916,14,2.5378083312018207,-1.06994875680439
916,15,2.45174321483089,-1.048619040121433
916,16,2.5389284121730626,-1.2024329762693138
916,17,2.4941152129874835,-1.209080419328736
916,18,2.332760318118752,-1.1775627484101887
916,19,2.4130400123392204,-1.1603677031319048
917,0,2.4306603496407084,-1.1889977186775251
917,1,2.4041971557285677,-1.367606812206563
917,2,2.571112262846165,-1.1485718711021269
917,3,2.5461546597025744,-1.1581342144576459
917,4,2.4484886433496373,-1.2273683356925835
917,5,2.423190091808774,-1.0211716641830992
917,6,2.4774641735745995,-1.2751314486497636
917,7,2.31068055372075,-1.264286050021838
917,8,2.5382056170570566,-1.104080881128508
917,9,2.3451853533734583,-1.2428339205972485
917,10,2.433040820115411,-1.0260974663868614
917,11,2.528748365634399,-1.1993288383718503
917,12,2.532295045805993,-1.1698205274123408
917,13,2.3674831729686923,-1.233828498854672
917,14,2.539716146019945,-1.0712204643791177
917,15,2.4537399398667152,-1.0499025682173628
917,16,2.5408244542276766,-1.2035716782237027
917,17,2.4941152129874835,-1.209080419328736
917,18,2.334862986870652,-1.1787101762950938
917,19,2.4130400123392204,-1.1603677031319048
918,0,2.4326642908984346,-1.1901424621093222
918,1,2.4062133850395346,-1.3685690233540573
918,2,2.5730215752574104,-1.1497008397357704
918,3,2.548047733019891,-1.1593169998987862
918,4,2.450472196944287,-1.2284752193700101
918,5,2.4252149774070566,-1.0224841791684074
918,6,2.479415135272635,-1.2761925520420285
918,7,2.31068055372075,-1.264286050021838
918,8,2.5382056170570566,-1.104080881128508
918,9,2.347270339930376,-1.2439168734079182
918,10,2.4350566307944708,-1.0274041224682111
918,11,2.5306533729554497,-1.2004721668582177
918,12,2.534198505404027,-1.1709943937123424
918,13,2.3695481086861796,-1.2349196922606909
918,14,2.5416220600056025,-1.072490904900553
918,15,2.455734675664128,-1.051184817597723
918,16,2.542718607274035,-1.204709245700411
918,17,2.4941152129874835,-1.209080419328736
918,18,2.3369635606100876,-1.1798564609301556
918,19,2.4130400123392204,-1.1603677031319048
919,0,2.4346662354805018,-1.1912860649481316
919,1,2.4082276056301906,-1.3695302758739465
919,2,2.574924012733976,-1.1508370671139743
919,3,2.549938920344717,-1.1604986069785606
919,4,2.452453774274757,-1.229581000231476
919,5,2.42723784536047,-1.023795386332114
919,6,2.4813641532364175,-1.2772525982618173
919,7,2.31068055372075,-1.264286050021838
919,8,2.5382056170570566,-1.104080881128508
919,9,2.349353249135366,-1.2449987472312434
919,10,2.43707043302265,-1.0287094766641287
919,11,2.5325564821303765,-1.201614356133984
919,12,2.536100068327431,-1.1721670903303436
919,13,2.3695481086861796,-1.2349196922606909
919,14,2.543526075066615,-1.0737600796404085
919,15,2.457727424219861,-1.0524657895460463
919,16,2.5446108732081867,-1.2058456798381447
919,17,2.4941152129874835,-1.209080419328736
919,18,2.339062041439735,-1.1810016034628064
919,19,2.4130400123392204,-1.1603677031319048
920,0,2.4366661853908584,-1.1924285283387008
920,1,2.410239819516772,-1.3704905707284454
920,2,2.5768197317120256,-1.1519802127288519
920,3,2.5518282235701326,-1.161679036879759
920,4,2.4544333773246074,-1.2306856793838687
920,5,2.4292586976939066,-1.0251052869867388
920,6,2.483311229416916,-1.2783115883702372
920,7,2.31068055372075,-1.264286050021838
920,8,2.5382056170570566,-1.104080881128508
920,9,2.349353249135366,-1.2449987472312434
920,10,2.4390822288157668,-1.030013530281275
920,11,2.5344576950641935,-1.2027554073424822
920,12,2.5379997364796716,-1.173338618440215
920,13,2.3695481086861796,-1.2349196922606909
920,14,2.545428193108904,-1.0750279898691293
920,15,2.459718187528657,-1.053745485344587
920,16,2.546501253924292,-1.2069809817744757
920,17,2.4941152129874835,-1.209080419328736
920,18,2.3411584314601757,-1.1821456050393349
920,19,2.4130400123392204,-1.1603677031319048
921,0,2.438664142631456,-1.193569853424637
921,1,2.412250028713507,-1.37144990887881
921,2,2.578708885362245,-1.1531299504754062
921,3,2.553715644587333,-1.1628582907839926
921,4,2.456411008075423,-1.2317892579329732
921,5,2.4312775364302417,-1.0264138824434934
921,6,2.4852563657631563,-1.2793695234273383
921,7,2.3128646551531875,-1.2651994726650415
921,8,2.5382056170570566,-1.104080881128508
921,9,2.349353249135366,-1.2449987472312434
921,10,2.441092020187631,-1.0313162846250088
921,11,2.536357013660017,-1.2038953216259056
921,12,2.5398975117623186,-1.1745089792146575
921,13,2.3695481086861796,-1.2349196922606909
921,14,2.545428193108904,-1.0750279898691293
921,15,2.461706967583273,-1.0550239062743216
921,16,2.5483897513146236,-1.2081151526458422
921,17,2.4941152129874835,-1.209080419328736
921,18,2.343252732769898,-1.1832884668048878
921,19,2.4130400123392204,-1.1603677031319048
922,0,2.4406601092022524,-1.1947100413484077
922,1,2.4142582352326167,-1.3724082912853386
922,2,2.5805916235189623,-1.1542859680063102
922,3,2.555601185285627,-1.164036369871696
922,4,2.4583866685068143,-1.2328917369834727
922,5,2.4332943635903352,-1.0277211740122834
922,6,2.4871995642222213,-1.2804264044921148
922,7,2.3150411471932677,-1.2661249183637209
922,8,2.5401818708181465,-1.1052004964057147
922,9,2.349353249135366,-1.2449987472312434
922,10,2.4430998091500453,-1.0326177409993886
922,11,2.5382544398190663,-1.2050341001253095
922,12,2.5417933960750467,-1.1756781738252031
922,13,2.3695481086861796,-1.2349196922606909
922,14,2.545428193108904,-1.0750279898691293
922,15,2.463693766374479,-1.056301053614951
922,16,2.5502763672695696,-1.2092481935875505
922,17,2.4941152129874835,-1.209080419328736
922,18,2.3453449474653003,-1.1844301899034708
922,19,2.4130400123392204,-1.1603677031319048
923,0,2.4426540871012117,-1.1958490932513421
923,1,2.4162644410843184,-1.3733657189073731
923,2,2.582468092627365,-1.1554479661168158
923,3,2.557484847552444,-1.1652132753221276
923,4,2.460360360596419,-1.2339931176389498
923,5,2.4353091811930327,-1.0290271630017087
923,6,2.4891408267392547,-1.2814822326225055
923,7,2.317210179543951,-1.2670618311436936
923,8,2.542150051839028,-1.1063297342282377
923,9,2.349353249135366,-1.2449987472312434
923,10,2.4451055977128084,-1.0339179007071737
923,11,2.5401499754406673,-1.2061717439806123
923,12,2.543687391315638,-1.1768462034422171
923,13,2.3695481086861796,-1.2349196922606909
923,14,2.545428193108904,-1.0750279898691293
923,15,2.4656785858910633,-1.057576928644901
923,16,2.5521611036776344,-1.2103801057337755
923,17,2.4961300721587314,-1.210068998528893
923,18,2.347435077640691,-1.1855707754779499
923,19,2.4130400123392204,-1.1603677031319048
924,0,2.4446460783243076,-1.1969870102736324
924,1,2.4182686482768254,-1.3743221927032996
924,2,2.5843384357068753,-1.1566156581584228
924,3,2.557484847552444,-1.1652132753221276
924,4,2.462332086319905,-1.2350934010018877
924,5,2.437321991255169,-1.0303318507190657
924,6,2.491080155257462,-1.2825370088753956
924,7,2.319371901703393,-1.268009679599372
924,8,2.5441103445892534,-1.1074681438997747
924,9,2.349353249135366,-1.2449987472312434
924,10,2.447109387883717,-1.035216765049825
924,11,2.542043622422253,-1.2073082543305966
924,12,2.545579499379983,-1.178013069234898
924,13,2.3695481086861796,-1.2349196922606909
924,14,2.545428193108904,-1.0750279898691293
924,15,2.4676614281198312,-1.0588515326413237
924,16,2.5540439624254407,-1.2115108902175624
924,17,2.4981372217872564,-1.211068173823578
924,18,2.3495231253882927,-1.1867102246700523
924,19,2.4130400123392204,-1.1603677031319048
925,0,2.4466360848655255,-1.1981237935543345
925,1,2.4202708588163517,-1.3752777136305492
925,2,2.586202792328924,-1.1577887694799858
925,3,2.557484847552444,-1.1652132753221276
925,4,2.464301847650972,-1.236192588173671
925,5,2.439332795791568,-1.0316352384703482
925,6,2.493017551718113,-1.283590734306617
925,7,2.3215264625124967,-1.2689679557699494
925,8,2.546062930699272,-1.1086152944193317
925,9,2.349353249135366,-1.2449987472312434
925,10,2.4491111816685667,-1.036514335327507
925,11,2.5439353826593654,-1.2084436323129104
925,12,2.547469722162085,-1.1791787723712799
925,13,2.3695481086861796,-1.2349196922606909
925,14,2.545428193108904,-1.0750279898691293
925,15,2.4696422950456105,-1.0601248668800989
925,16,2.555924945397732,-1.2126405481708278
925,17,2.500136820229685,-1.2120774669226175
925,18,2.351609092798243,-1.1878485386203679
925,19,2.4130400123392204,-1.1603677031319048
926,0,2.4486241087168636,-1.1992594442313695
926,1,2.422271074707112,-1.376232282645599
926,2,2.5880612986075167,-1.1589670368949843
926,3,2.557484847552444,-1.1652132753221276
926,4,2.4662696465613525,-1.2372906802545873
926,5,2.441341596815048,-1.0329373275602485
926,6,2.4949530180605435,-1.28464340997095
926,7,2.323674009758936,-1.2699361740661097
926,8,2.5480079887417126,-1.1097707735743516
926,9,2.349353249135366,-1.2449987472312434
926,10,2.4511109810711553,-1.037810612839089
926,11,2.545825258045659,-1.209577879064068
926,12,2.5493580615540576,-1.1803433140182324
926,13,2.3695481086861796,-1.2349196922606909
926,14,2.545428193108904,-1.0750279898691293
926,15,2.4716168977661916,-1.0614035831446527
926,16,2.5578040544773746,-1.2137690807243602
926,17,2.502129024631385,-1.213096419978325
926,18,2.3536929819585977,-1.1889857184683499
926,19,2.4130400123392204,-1.1603677031319048
927,0,2.4506101518683363,-1.200393963441525
927,1,2.424269297951324,-1.377185900703974
927,2,2.5899140872011466,-1.1601502081737336
927,3,2.557484847552444,-1.1652132753221276
927,4,2.4682354850208155,-1.2383876783438277
927,5,2.4433483963364204,-1.0342381192921588
927,6,2.496886556222157,-1.285695036922124
927,7,2.325814689832159,-1.2709138702454479
927,8,2.54994569404785,-1.110934187076406
927,9,2.349353249135366,-1.2449987472312434
927,10,2.453108788093284,-1.0391055988821456
927,11,2.5477132504729,-1.210710995719452
927,12,2.551244519446131,-1.1815066953414632
927,13,2.3695481086861796,-1.2349196922606909
927,14,2.545428193108904,-1.0750279898691293
927,15,2.473589532852946,-1.0626810252058687
927,16,2.5596812915453575,-1.2148964890078218
927,17,2.50411399060647,-1.2141245946739003
927,18,2.355774794955331,-1.1901217653523166
927,19,2.4130400123392204,-1.1603677031319048
928,0,2.452594216307974,-1.2015273523204557
928,1,2.4262655305492107,-1.3781385687602465
928,2,2.591761287324731,-1.1613380415593593
928,3,2.557484847552444,-1.1652132753221276
928,4,2.4701993649971667,-1.2394835835394884
928,5,2.4453531963644934,-1.0355376149681732
928,6,2.4988181681384276,-1.2867456162128186
928,7,2.3279486474243662,-1.2719006004347648
928,8,2.5518762185556727,-1.112105157737639
928,9,2.349353249135366,-1.2449987472312434
928,10,2.455104604734759,-1.0403992947529597
928,11,2.5495993618309716,-1.2118429834133126
928,12,2.5531290977266514,-1.182668917505518
928,13,2.3695481086861796,-1.2349196922606909
928,14,2.545428193108904,-1.0750279898691293
928,15,2.475560202280483,-1.063957194342468
928,16,2.5615566584807974,-1.2160227741497494
928,17,2.5060918719592826,-1.215161571352287
928,18,2.3578545338723407,-1.191256680409452
928,19,2.4130400123392204,-1.1603677031319048
929,0,2.454576304021828,-1.2026596120026851
929,1,2.4282597744990038,-1.3790902877680382
929,2,2.593606646877183,-1.1625246913743406
929,3,2.557484847552444,-1.1652132753221276
929,4,2.4721612884562525,-1.2405783969385715
929,5,2.4473559989060742,-1.0368358158890882
929,6,2.5007478557429006,-1.2877951488946644
929,7,2.3300760252729082,-1.2728959401974067
929,8,2.5537997306862965,-1.1132833246861906
929,9,2.349353249135366,-1.2449987472312434
929,10,2.457098432993395,-1.0416917017465217
929,11,2.551483594007873,-1.2129738432787711
929,12,2.5550117982820835,-1.1838299816737823
929,13,2.3695481086861796,-1.2349196922606909
929,14,2.545428193108904,-1.0750279898691293
929,15,2.477528908021444,-1.0652320918318967
929,16,2.563430157160939,-1.2171479372775555
929,17,2.5080628204433904,-1.2162069481839874
929,18,2.359932200791447,-1.1923904647758072
929,19,2.4130400123392204,-1.1603677031319048
930,0,2.4565564169939695,-1.2037907436216062
930,1,2.430252031796943,-1.380041058680021
930,2,2.595450167705708,-1.163710158806515
930,3,2.557484847552444,-1.1652132753221276
930,4,2.47412125736196,-1.2416721196369866
930,5,2.44935680596597,-1.038132723354404
930,6,2.502675620967195,-1.288843636018245
930,7,2.332196963939968,-1.2738994836438216
930,8,2.555716395245767,-1.1144683426188702
930,9,2.349353249135366,-1.2449987472312434
930,10,2.4590902748650167,-1.0429828211565324
930,11,2.553365948889722,-1.2141035764478192
930,12,2.5568926229970126,-1.1849898890084825
930,13,2.3695481086861796,-1.2349196922606909
930,14,2.545428193108904,-1.0750279898691293
930,15,2.479495652046507,-1.0665057189503286
930,16,2.5653017894611554,-1.2182719795175299
930,17,2.510026985554487,-1.2172603403723452
930,18,2.3620077977923972,-1.1935231195863014
930,19,2.4130400123392204,-1.1603677031319048
931,0,2.4585345572064936,-1.2049207483094828
931,1,2.4322392970270217,-1.3809971587157153
931,2,2.597291851655673,-1.164894445042537
931,3,2.557484847552444,-1.1652132753221276
931,4,2.47607927367622,-1.242764752729551
931,5,2.45135561954699,-1.0394283386623264
931,6,2.502675620967195,-1.288843636018245
931,7,2.334311601625757,-1.2749108425835367
931,8,2.557626373349557,-1.1156598810893983
931,9,2.349353249135366,-1.2449987472312434
931,10,2.461080132343459,-1.0442726542754037
931,11,2.5552464283607574,-1.2152321840513207
931,12,2.5587715737541457,-1.186148640670687
931,13,2.3695481086861796,-1.2349196922606909
931,14,2.545428193108904,-1.0750279898691293
931,15,2.479495652046507,-1.0665057189503286
931,16,2.567171557254953,-1.2193949019948394
931,17,2.5119845143538937,-1.2183213793948058
931,18,2.364081326952865,-1.1946546459747232
931,19,2.4130400123392204,-1.1603677031319048
932,0,2.4605107266395203,-1.2060496271974508
932,1,2.4342245820494623,-1.3819523060468764
932,2,2.599131700570605,-1.1660775512678778
932,3,2.557484847552444,-1.1652132753221276
932,4,2.4780353393590087,-1.2438562973099911
932,5,2.4533524416499493,-1.0407226631097675
932,6,2.502675620967195,-1.288843636018245
932,7,2.3364200740117997,-1.2759296457167861
932,8,2.5595298223673155,-1.1168576238305852
932,9,2.351502832937961,-1.245935379054204
932,10,2.463068007420571,-1.0455612023942598
932,11,2.557125034303342,-1.2163596672190131
932,12,2.5606486524343146,-1.1873062378203072
932,13,2.3695481086861796,-1.2349196922606909
932,14,2.545428193108904,-1.0750279898691293
932,15,2.479495652046507,-1.0665057189503286
932,16,2.56903595536664,-1.2205225248115317
932,17,2.513935551319656,-1.2193897122786925
932,18,2.3661527903484556,-1.1957850450737315
932,19,2.4130400123392204,-1.1603677031319048
933,0,2.4624849272711975,-1.2071773814155191
933,1,2.436207888851537,-1.3829065016296076
933,2,2.600969716292195,-1.1672594786668282
933,3,2.557484847552444,-1.1652132753221276
933,4,2.4799894563683496,-1.2449467544709447
933,5,2.4553472742736684,-1.0420156979923474
933,6,2.502675620967195,-1.288843636018245
933,7,2.3385225141312076,-1.2769555378640625
933,8,2.5614268958856576,-1.1180612681088697
933,9,2.353644728974508,-1.2468837515981999
933,10,2.4650539020862183,-1.0468484668029383
933,11,2.5590017685979616,-1.2174860270795083
933,12,2.5625238609164764,-1.188462681616099
933,13,2.3695481086861796,-1.2349196922606909
933,14,2.547397532808515,-1.07618425234415
933,15,2.479495652046507,-1.0665057189503286
933,16,2.5708984957079246,-1.2216490240139697
933,17,2.5158802382224854,-1.2204650009100577
933,18,2.368222190052706,-1.1969143180148571
933,19,2.4130400123392204,-1.1603677031319048
934,0,2.4644571610777017,-1.2083040120925708
934,1,2.4381892194185375,-1.3838597464190596
934,2,2.6028059006602984,-1.1684402284224986
934,3,2.557484847552444,-1.1652132753221276
934,4,2.481941626660316,-1.2460361253039602
934,5,2.457340119414977,-1.0433074446043953
934,6,2.502675620967195,-1.288843636018245
934,7,2.3406190522631043,-1.277988179231908
934,8,2.5633177436869774,-1.119270524109699
934,9,2.3557790911804477,-1.247843323619038
934,10,2.4670378183282833,-1.0481344487899926
934,11,2.5608766331232293,-1.2186112647602934
934,12,2.564397201077717,-1.189617973215664
934,13,2.3695481086861796,-1.2349196922606909
934,14,2.5493587234821224,-1.0773498654793994
934,15,2.479495652046507,-1.0665057189503286
934,16,2.5727591801432115,-1.2227744007297803
934,17,2.5178187140240467,-1.2215469213741998
934,18,2.3702895281370866,-1.1980424659285034
934,19,2.4130400123392204,-1.1603677031319048
935,0,2.4664274300332414,-1.209429520356364
935,1,2.4401685757337783,-1.3848120413694316
935,2,2.6046402555129373,-1.1696198017168207
935,3,2.557484847552444,-1.1652132753221276
935,4,2.483891852189032,-1.247124410899499
935,5,2.4593309790687146,-1.0445979042389506
935,6,2.502675620967195,-1.288843636018245
935,7,2.342709815848656,-1.2790272447133124
935,8,2.565202511742463,-1.1204851143522847
935,9,2.3579060729885546,-1.2488135776718552
935,10,2.4690197581326676,-1.0494191496426917
935,11,2.5627496297558863,-1.2197353813877325
935,12,2.5662686747932524,-1.1907721137754501
935,13,2.3695481086861796,-1.2349196922606909
935,14,2.551311956344859,-1.0785243858686715
935,15,2.479495652046507,-1.0665057189503286
935,16,2.5746180105350476,-1.2238986560854666
935,17,2.519751114795314,-1.222635163326476
935,18,2.3723548066710056,-1.1991694899439473
935,19,2.4130400123392204,-1.1603677031319048
936,0,2.4683957361100575,-1.210553907333534
936,1,2.442145959778597,-1.3857633874339716
936,2,2.606472782686303,-1.1707981997305483
936,3,2.5594431324984384,-1.1662566283957914
936,4,2.4858401349066757,-1.248211612346936
936,5,2.461319855227734,-1.045887078187765
936,6,2.502675620967195,-1.288843636018245
936,7,2.3447949294263695,-1.2800724232211338
936,8,2.5670813422176617,-1.1217047731323322
936,9,2.3600258269063645,-1.249794019025687
936,10,2.4709997234832954,-1.0507025706470223
936,11,2.5646207603708038,-1.2208583780870674
936,12,2.5681382839364284,-1.191925104450753
936,13,2.3695481086861796,-1.2349196922606909
936,14,2.553257419321511,-1.0797073896238165
936,15,2.479495652046507,-1.0665057189503286
936,16,2.5764749887441236,-1.2250217912064092
936,17,2.521677573652916,-1.2237294293920755
936,18,2.3744180277218088,-1.2002953911893413
936,19,2.4151272149094956,-1.1614226608162412
937,0,2.470362081278426,-1.211677174149593
937,1,2.4441213735323566,-1.386713785564978
937,2,2.6083034840147565,-1.1719754236432594
937,3,2.561393548513296,-1.167310013591882
937,4,2.487783004955079,-1.2493039290365922
937,5,2.463306749882902,-1.0471749677413025
937,6,2.502675620967195,-1.288843636018245
937,7,2.346877965654631,-1.2811165604422725
937,8,2.568954373489101,-1.1229292459913918
937,9,2.3621385041469742,-1.2507841746268582
937,10,2.472977716362114,-1.0519847130876903
937,11,2.5664900268409854,-1.221980255982419
937,12,2.5700060303787264,-1.1930769463957178
937,13,2.3695481086861796,-1.2349196922606909
937,14,2.555195296856125,-1.0808984714673207
937,15,2.479495652046507,-1.0665057189503286
937,16,2.578330116629277,-1.2261438072168676
937,17,2.523598220711579,-1.2248294345934625
937,18,2.376479193354782,-1.2014201707917131
937,19,2.4172065930393347,-1.1624878902136964
938,0,2.4723264675066607,-1.2127993219289324
938,1,2.4460948189724485,-1.3876632367138002
938,2,2.610132361330832,-1.1731514746333558
938,3,2.5633362635455526,-1.1683729762833988
938,4,2.489723939018495,-1.2503951572804648
938,5,2.4652916650231025,-1.0484615741887422
938,6,2.502675620967195,-1.288843636018245
938,7,2.3489589266185615,-1.282159657421911
938,8,2.5708255384286605,-1.124152498757243
938,9,2.3642442543080286,-1.2517835921094163
938,10,2.4749537387490954,-1.0532655782481215
938,11,2.568357431037569,-1.2231010161967881
938,12,2.571871915989762,-1.1942276407633392
938,13,2.3695481086861796,-1.2349196922606909
938,14,2.5571257697550833,-1.0820972438681427
938,15,2.479495652046507,-1.0665057189503286
938,16,2.5801833960474925,-1.2272647052399808
938,17,2.525513183050958,-1.2259349058042386
938,18,2.378538305633155,-1.2025438298769686
938,19,2.419278320746982,-1.163562907221424
939,0,2.474288896761114,-1.213920351794823
939,1,2.448066298074293,-1.3886117418308397
939,2,2.6119594164652375,-1.174326353878066
939,3,2.5652714437083297,-1.169445081234226
939,4,2.4916629390398017,-1.2514852981708744
939,5,2.467274602635237,-1.0497468988179781
939,6,2.502675620967195,-1.288843636018245
939,7,2.3510378144012054,-1.2832017152041901
939,8,2.572694838909378,-1.1253745326543634
939,9,2.3663432250941736,-1.2527918388508237
939,10,2.476927792622241,-1.0545451674104631
939,11,2.5702229748298278,-1.2242206598520569
939,12,2.5737359426372888,-1.1953771887054634
939,13,2.3695481086861796,-1.2349196922606909
939,14,2.5590490150601717,-1.083303336218905
939,15,2.479495652046507,-1.0665057189503286
939,16,2.5820348288539043,-1.2283844863977689
939,17,2.527422584695283,-1.2270455812282217
939,18,2.3805953666181003,-1.2036663695698917
939,19,2.42134256975634,-1.16464724917205
940,0,2.4762493710061793,-1.215040264869417
940,1,2.4500358128113433,-1.3895593018655512
940,2,2.613784651246857,-1.175500062553445
940,3,2.5671992530101164,-1.1705259117321243
940,4,2.493600006959939,-1.2525743527990532
940,5,2.4692555647042282,-1.0510309429156217
940,6,2.502675620967195,-1.288843636018245
940,7,2.3531146310835314,-1.284242734832211
940,8,2.5745622768024248,-1.1265953489060097
940,9,2.36843556207867,-1.2538085010711202
940,10,2.47889987995758,-1.0558234818555852
940,11,2.572086660085173,-1.2253391880689894
940,12,2.5755981121871994,-1.196525591372789
940,13,2.3695481086861796,-1.2349196922606909
940,14,2.5609652059484658,-1.0845163940525826
940,15,2.479495652046507,-1.0665057189503286
940,16,2.5838844169017987,-1.229503151811134
940,17,2.5293265466044046,-1.2281612099025803
940,18,2.382650378368738,-1.2047877909941456
940,19,2.423399509226336,-1.1657404738387775
941,0,2.478207892204294,-1.2161590622737484
941,1,2.452003365155085,-1.3905059177664432
941,2,2.6156080675027527,-1.176672601834377
941,3,2.5691198531226243,-1.1716150687606555
941,4,2.4955351447179144,-1.253662322255146
941,5,2.471234553213021,-1.0523137077670022
941,6,2.502675620967195,-1.288843636018245
941,7,2.3551893787444347,-1.285282717348035
941,8,2.5764278539771084,-1.1278149487342204
941,9,2.370521408500262,-1.2548331829737862
941,10,2.4808657007881423,-1.0571071352091461
941,11,2.573948488669155,-1.226456601967234
941,12,2.5774584265035267,-1.1976728499148683
941,13,2.3695481086861796,-1.2349196922606909
941,14,2.562874511656169,-1.0857360782968866
941,15,2.479495652046507,-1.0665057189503286
941,16,2.5857321620426155,-1.230620702599861
941,17,2.5312286114065405,-1.2292757269649148
941,18,2.3846995830928046,-1.2059149578913213
941,19,2.42544930552105,-1.16684215848728
942,0,2.4801644623159387,-1.2172767451277344
942,1,2.4539689570750407,-1.391451590481079
942,2,2.617429667058165,-1.1778439728945742
942,3,2.571033403182137,-1.1727121702085401
942,4,2.4974683542508025,-1.254749207628211
942,5,2.473211570142585,-1.0535951946561686
942,6,2.502675620967195,-1.288843636018245
942,7,2.3572620594607403,-1.2863216637926858
942,8,2.578291572300873,-1.1290333333598161
942,9,2.372600905091733,-1.2558655059265629
942,10,2.482829562746346,-1.058389509446608
942,11,2.5758084624454667,-1.2275729026653228
942,12,2.579316887448448,-1.1988189654801082
942,13,2.3695481086861796,-1.2349196922606909
942,14,2.5647770974237964,-1.0869620645645937
942,15,2.481562859963601,-1.0676038644885433
942,16,2.587578066125949,-1.2317371398826198
942,17,2.5331287810056597,-1.230389133530858
942,18,2.3867467458525593,-1.207041001604195
942,19,2.427492122016449,-1.1679518989724178
943,0,2.4821190832996427,-1.2183933145501766
943,1,2.455932590538769,-1.392396320956078
943,2,2.619249451736518,-1.1790141769065805
943,3,2.5729400596210903,-1.1738168501149522
943,4,2.4993996374937475,-1.2558350100062219
943,5,2.475186617471916,-1.0548754048658904
943,6,2.504680111500097,-1.2897313475861127
943,7,2.3593326753072033,-1.2873595752061497
943,8,2.580153433639303,-1.1302505040024011
943,9,2.3746741899369166,-1.256905107680516
943,10,2.4847914677980194,-1.0596706058516288
943,11,2.5776665832759433,-1.228688091280674
943,12,2.581173496882284,-1.1999639392157715
943,13,2.3695481086861796,-1.2349196922606909
943,14,2.5666731244603405,-1.0881940424781347
943,15,2.4836208072650474,-1.068714419059091
943,16,2.5894221309995507,-1.232852464776965
943,17,2.535027057303834,-1.2315014307149312
943,18,2.388791868697214,-1.2081659232599378
943,19,2.429528118939947,-1.1690693088778448
944,0,2.484068158900786,-1.219515047084929
944,1,2.457894267511869,-1.3933401101371161
944,2,2.6210674233594173,-1.1801832150417713
944,3,2.5748399760269045,-1.174928757949281
944,4,2.5013289963799665,-1.2569197304760678
944,5,2.4771596971780387,-1.0561543396776594
944,6,2.5066772291002706,-1.2906302714969347
944,7,2.3614012283565122,-1.2883964526273772
944,8,2.582013439856123,-1.1314664618803643
944,9,2.3767413983532224,-1.2579516416256724
944,10,2.4867514179070307,-1.0609504257065872
944,11,2.5795228530205656,-1.2298021689295922
944,12,2.5830282566635026,-1.201107772267978
944,13,2.3695481086861796,-1.2349196922606909
944,14,2.5685627499242742,-1.089431715026811
944,15,2.485669701135868,-1.0698367953078092
944,16,2.591264358509332,-1.2339666783993377
944,17,2.5369234422012394,-1.2326126196305447
944,18,2.390834953673939,-1.209289723984597
944,19,2.4315574532393764,-1.1701940186966113
945,0,2.486015292332039,-1.2206356618615233
945,1,2.4598539899579817,-1.3942829589689276
945,2,2.6228835837466544,-1.1813510884703549
945,3,2.5767333030253443,-1.1760475579239156
945,4,2.5032564328407494,-1.2580033701235547
945,5,2.4791308112360073,-1.0574320003716904
945,6,2.508667108655162,-1.2915399200137392
945,7,2.3634677206792905,-1.2894322970942838
945,8,2.5838715928132014,-1.1326812082108806
945,9,2.378802662797,-1.2590047760816019
945,10,2.488709415035292,-1.062228970292584
945,11,2.5813772735374614,-1.2309151367272704
945,12,2.5848811686487205,-1.2022504657817055
945,13,2.371681514585751,-1.2358643504374187
945,14,2.570446126919457,-1.0906747979550753
945,15,2.487709747199776,-1.070970432419277
945,16,2.593104750499364,-1.2350797818650672
945,17,2.5388179375961593,-1.2337227013899996
945,18,2.3928760028278635,-1.2104124049030984
945,19,2.4335802784782445,-1.1713256750509253
946,0,2.4879604855424846,-1.221755160001696
946,1,2.461811759838791,-1.395224868395305
946,2,2.624697934716208,-1.1825177983613737
946,3,2.5786201881859383,-1.1771729283386367
946,4,2.5051819488054616,-1.2590859300334072
946,5,2.481099961618909,-1.0587083882269233
946,6,2.5106498852098915,-1.2924598256610917
946,7,2.3655321543440992,-1.2904671096437503
946,8,2.585727894370551,-1.1338947442099125
946,9,2.3808581127893214,-1.2600641936213668
946,10,2.4906654611427608,-1.0635062408894438
946,11,2.5832298466829076,-1.2320269957877905
946,12,2.586732234692704,-1.2033920209007916
946,13,2.373807144167141,-1.2368207756114544
946,14,2.572323404504182,-1.091923019180372
946,15,2.4897411490490184,-1.0721147948651293
946,16,2.594943308811881,-1.2361917762883707
946,17,2.5407105453849854,-1.234831677104489
946,18,2.3949150182020804,-1.2115339671392469
946,19,2.4355967447544646,-1.1724639399492784
947,0,2.4899037404792628,-1.222873542626066
947,1,2.461811759838791,-1.395224868395305
947,2,2.6265104780842443,-1.1836833458827056
947,3,2.580500775947194,-1.1783045609552425
947,4,2.507105546201547,-1.260167411289269
947,5,2.483067150297865,-1.0599835045210233
947,6,2.512625693576328,-1.2933895403549363
947,7,2.3675945314174385,-1.2915008913116255
947,8,2.587582346386331,-1.1351070710922107
947,9,2.3829078748599772,-1.261129590427313
947,10,2.4926195581874406,-1.0647822387757158
947,11,2.5850805743113314,-1.2331377472241245
947,12,2.588581456648372,-1.2045324387679341
947,13,2.375925153544525,-1.2377884266433101
947,14,2.5741947277117796,-1.093176118239096
947,15,2.4917641078374726,-1.0732693712107044
947,16,2.596780035287282,-1.2373026627823562
947,17,2.54260126746222,-1.2359395478840987
947,18,2.3969520018376462,-1.2126544118157272
947,19,2.437606998639998,-1.1736084900792063
948,0,2.4918450590875736,-1.223990810854135
948,1,2.461811759838791,-1.395224868395305
948,2,2.628321215665122,-1.1848477322010647
948,3,2.582375207559553,-1.179442160401068
948,4,2.509027226954528,-1.2612478149737034
948,5,2.4850323792420337,-1.0612573505303833
948,6,2.5145946679867066,-1.2943286345686589
948,7,2.3696548539637496,-1.2925336431327257
948,8,2.5894349507168504,-1.1363181900713155
948,9,2.3849555949712387,-1.2621939258920196
948,10,2.4945717081253846,-1.0660569652286749
948,11,2.5869260245694,-1.2342530934101357
948,12,2.5904288363667978,-1.2056717205246923
948,13,2.3780356983238544,-1.2387667861354765
948,14,2.57606418641621,-1.094427968765683
948,15,2.4937788219306896,-1.0744336729778394
948,16,2.5986149317641316,-1.238412442459022
948,17,2.5444901057204774,-1.2370463148378084
948,18,2.3989869557735832,-1.2137737400541055
948,19,2.43961118313909,-1.1747590161340116
949,0,2.493784443310679,-1.2251069658042901
949,1,2.461811759838791,-1.395224868395305
949,2,2.63013014927139,-1.1860109584820027
949,3,2.5842436210442172,-1.1805854436001066
949,4,2.5109469929880097,-1.262327142168196
949,5,2.486995650418611,-1.062529927530124
949,6,2.5165569417877633,-1.2952766965342548
949,7,2.371709713903574,-1.2935721414342447
949,8,2.5912857092165678,-1.1375281023595583
949,9,2.386997756209393,-1.2632639441591598
949,10,2.4965219129106972,-1.0673304215243236
949,11,2.5887696359451984,-1.2353673282194966
949,12,2.5922743756972104,-1.2068098673114884
949,13,2.3801389331777947,-1.2397553593517556
949,14,2.577931782488804,-1.0956785720132367
949,15,2.4957854866071547,-1.0756072335616
949,16,2.600448000079163,-1.2395211164292583
949,17,2.546377062050487,-1.2381519790734927
949,18,2.4010198820468824,-1.2148919529748305
949,19,2.441609437663,-1.1759152221718365
950,0,2.4957218950899045,-1.2262220085938034
950,1,2.461811759838791,-1.395224868395305
950,2,2.63013014927139,-1.1860109584820027
950,3,2.5861061511661396,-1.1817341392304792
950,4,2.512864846223679,-1.2634053939531542
950,5,2.4889569657928328,-1.0638012367940968
950,6,2.5185126471716974,-1.2962333314774506
950,7,2.3737625262557507,-1.2946096049127798
950,8,2.593134623738094,-1.1387368091680623
950,9,2.3890378825134895,-1.2643328961948126
950,10,2.498470174495535,-1.0686026089373928
950,11,2.590611410284184,-1.2364804527675572
950,12,2.594118076486996,-1.2079468802676085
950,13,2.3822350114741493,-1.2407536731850477
950,14,2.5797975177990264,-1.0969279292336123
950,15,2.4977842938055628,-1.076789607198745
950,16,2.60227924206728,-1.2406286858028492
950,17,2.548262138341094,-1.2392565416979229
950,18,2.403050782692505,-1.2160090516972344
950,19,2.441609437663,-1.1759152221718365
951,0,2.497657416364641,-1.2273359403388335
951,1,2.461811759838791,-1.395224868395305
951,2,2.63013014927139,-1.1860109584820027
951,3,2.587962929419633,-1.1828879872070452
951,4,2.514780788581309,-1.264482571407909
951,5,2.4909120741814026,-1.0650778171989994
951,6,2.5204619149405905,-1.297198160885614
951,7,2.3758132930751463,-1.2956460346068328
951,8,2.5949816961321943,-1.1399443117067443
951,9,2.3910759759256965,-1.2654007830690002
951,10,2.5004164948301097,-1.0698735287413434
951,11,2.5924513494299743,-1.2375924681685566
951,12,2.5959599405817015,-1.2090827605312036
951,13,2.384324084952589,-1.2417612751718479
951,14,2.5816613942144806,-1.0981760416774173
951,15,2.499775431913369,-1.0779803679857398
951,16,2.6041086595615566,-1.2417351516884727
951,17,2.550145336479261,-1.240360003816767
951,18,2.4050796597433846,-1.2171250373395341
951,19,2.441609437663,-1.1759152221718365
952,0,2.499591009072347,-1.2284487621544273
952,1,2.461811759838791,-1.395224868395305
952,2,2.63013014927139,-1.1860109584820027
952,3,2.589814084025188,-1.1840467381879944
952,4,2.5166948219787604,-1.2655586756107164
952,5,2.492865234369484,-1.0663531255339838
952,6,2.522404874301186,-1.2981708218072774
952,7,2.377862016414581,-1.2966814315538708
952,8,2.5968269282477903,-1.1411506111843155
952,9,2.393112038486148,-1.2664676058506783
952,10,2.50236087586269,-1.0711431822083677
952,11,2.594289455224351,-1.238703375535623
952,12,2.5977999698250342,-1.2102175092392908
952,13,2.38640630344497,-1.2427777325516913
952,14,2.5835234136009086,-1.0994229105940136
952,15,2.501759085592329,-1.0791791089441665
952,16,2.6059362543932423,-1.2428405151937023
952,17,2.552026658350072,-1.2414623665345919
952,18,2.407106515230429,-1.2182399110188324
952,19,2.441609437663,-1.1759152221718365
953,0,2.5015226751485513,-1.2295604751545206
953,1,2.461811759838791,-1.395224868395305
953,2,2.63013014927139,-1.1860109584820027
953,3,2.591659739936225,-1.185210153104301
953,4,2.518606948331982,-1.2666337076387575
953,5,2.494816448312192,-1.0676271630756347
953,6,2.5243416526871947,-1.2991509661820995
953,7,2.3799086983248285,-1.2977157967903274
953,8,2.598670321931961,-1.142355708808283
953,9,2.395146072232944,-1.2675333656077377
953,10,2.504303319539603,-1.0724115706093897
953,11,2.596125729507259,-1.2398131759807758
953,12,2.599634653636341,-1.2113568033762634
953,13,2.388481814634947,-1.243802631369788
953,14,2.5853835778221934,-1.1006685372315184
953,15,2.5037354356371244,-1.0803854411314235
953,16,2.6077620283917606,-1.2439447774250079
953,17,2.5539061058367314,-1.2425636309548636
953,18,2.409131351182523,-1.219353673851119
953,19,2.441609437663,-1.1759152221718365
954,0,2.5034524165268532,-1.2306710804519392
954,1,2.461811759838791,-1.395224868395305
954,2,2.63013014927139,-1.1860109584820027
954,3,2.5935035568656413,-1.1863724088128507
954,4,2.5205171695550144,-1.2677076685681405
954,5,2.496765717962694,-1.0688999310992648
954,6,2.5262723756065335,-1.300138260200101
954,7,2.3819533408546194,-1.298749131351603
954,8,2.600511879029945,-1.1435596057849506
954,9,2.397178079202155,-1.2685980634070049
954,10,2.506243827805237,-1.0736786952140676
954,11,2.597960174116811,-1.2409218706149265
954,12,2.601467509290338,-1.2124949622718981
954,13,2.3905507638529664,-1.2448355756210985
954,14,2.5872418887403614,-1.1019129228368048
954,15,2.505704658863542,-1.081598992794657
954,16,2.6095859833847137,-1.245047939487757
954,17,2.5557836808205683,-1.243663798179949
954,18,2.4111541696265286,-1.2204663269512714
954,19,2.441609437663,-1.1759152221718365
955,0,2.505380235138926,-1.2317805791584002
955,1,2.461811759838791,-1.395224868395305
955,2,2.63013014927139,-1.1860109584820027
955,3,2.5953455366590994,-1.1875335064770627
955,4,2.5224254875599907,-1.2687805594739014
955,5,2.498713045272211,-1.0701714308789165
955,6,2.528197166511128,-1.301132383689023
955,7,2.383995946050643,-1.2997814362720668
955,8,2.6023516013851427,-1.1447623033194203
955,9,2.3992080614278213,-1.2696617003142434
955,10,2.5081824026020425,-1.0749445572907943
955,11,2.5997927908892873,-1.2420294605478794
955,12,2.6032985386217153,-1.2136319870654932
955,13,2.392613293903081,-1.2458761864341275
955,14,2.5890983482155834,-1.1031560686555042
955,15,2.5076669280230033,-1.082819408565925
955,16,2.6114081211978823,-1.2461500024862158
955,17,2.557659385181037,-1.2447628693111163
955,18,2.4131749725872895,-1.2215778714330567
955,19,2.441609437663,-1.1759152221718365
956,0,2.5073061329145174,-1.2328889723845127
956,1,2.461811759838791,-1.395224868395305
956,2,2.63013014927139,-1.1860109584820027
956,3,2.597185681160423,-1.1886934472591968
956,4,2.524331904257139,-1.269852381430005
956,5,2.500658432190019,-1.071441663687362
956,6,2.530116146687105,-1.3021330295286757
956,7,2.386036515957549,-1.3008127125850566
956,8,2.6041894908391185,-1.1459638026155936
956,9,2.4012360209419574,-1.270724277394155
956,10,2.510119045870535,-1.076209158106699
956,11,2.60162358165914,-1.2431359468883332
956,12,2.6051277434633353,-1.2147678788952114
956,13,2.3946695449183526,-1.2469241012927437
956,14,2.5909529581061777,-1.1043979759320068
956,15,2.5096224117405397,-1.0840463486966603
956,16,2.613228443655228,-1.2472509675235506
956,17,2.559533220795719,-1.2458608454485371
956,18,2.415193762087631,-1.2226883084091318
956,19,2.441609437663,-1.1759152221718365
957,0,2.509230111781454,-1.2339962612397795
957,1,2.461811759838791,-1.395224868395305
957,2,2.63013014927139,-1.1860109584820027
957,3,2.599023992211598,-1.189852232320355
957,4,2.526236421554785,-1.270923135509346
957,5,2.5026018806634527,-1.0727106307961058
957,6,2.5320294351633956,-1.3031399030911732
957,7,2.38807505261795,-1.3018429613228812
957,8,2.6060255492316013,-1.1471641048761725
957,9,2.403261959774553,-1.2717857957103802
957,10,2.512053759549296,-1.0774724989276483
957,11,2.603452548258992,-1.2442413307438818
957,12,2.606955125646234,-1.2159026388980818
957,13,2.3967196542418945,-1.2479789732943694
957,14,2.59280572026861,-1.1056386459094631
957,15,2.511571274473585,-1.085279488329558
957,16,2.6150469525788953,-1.2483508357018285
957,17,2.5614051895403263,-1.2469577276912867
957,18,2.417210540148364,-1.2237976389910452
957,19,2.441609437663,-1.1759152221718365
958,0,2.5111521736656397,-1.2351024468325977
958,1,2.461811759838791,-1.395224868395305
958,2,2.63013014927139,-1.1860109584820027
958,3,2.6008604716527763,-1.1910098628204824
958,4,2.5281390413593514,-1.2719928227837505
958,5,2.504543392637906,-1.0739783334753852
958,6,2.533937148636932,-1.3041527217059703
958,7,2.3901115580724235,-1.3028721835168207
958,8,2.6078597784004875,-1.1483632113026607
958,9,2.4052858799535746,-1.2728462563254999
958,10,2.5139865455749764,-1.0787345810182476
958,11,2.60527969251964,-1.2453456132210154
958,12,2.6087806869996224,-1.21703626821
958,13,2.3987637563308826,-1.24904047044293
958,14,2.594656636557497,-1.106878079829785
958,15,2.51351367648921,-1.0865185168060902
958,16,2.6168636497892135,-1.2494496081220186
958,17,2.563275293288701,-1.2480535171373448
958,18,2.419225308788285,-1.224905864289238
958,19,2.441609437663,-1.1759152221718365
959,0,2.5130723204910606,-1.2362075302702604
959,1,2.461811759838791,-1.395224868395305
959,2,2.63013014927139,-1.1860109584820027
959,3,2.602695121322275,-1.192166339918368
959,4,2.530039765575363,-1.2730614443239763
959,5,2.506482970056834,-1.0752447729941716
959,6,2.5358394014127876,-1.3051712141486513
959,7,2.392146034359513,-1.3039003801971274
959,8,2.6096921801818422,-1.1495611230953648
959,9,2.4073077835049683,-1.2739056603010361
959,10,2.515917405882296,-1.0799954056418424
959,11,2.6071050162700584,-1.246448795425122
959,12,2.6106044293508894,-1.2181687679657303
959,13,2.4008019826811036,-1.250108274975003
959,14,2.5965057088256085,-1.108116278933647
959,15,2.515449773857642,-1.087763137007913
959,16,2.618678537104698,-1.250547285883993
959,17,2.565143533912819,-1.249148214883598
959,18,2.4212380700241796,-1.226012985413045
959,19,2.441609437663,-1.1759152221718365
960,0,2.5149905541797852,-1.2373115126589571
960,1,2.463820918948707,-1.3960458038757968
960,2,2.63013014927139,-1.1860109584820027
960,3,2.604527943056581,-1.1933216647716467
960,4,2.5319385961054466,-1.2741290011997146
960,5,2.508420614861756,-1.0765099506201725
960,6,2.537736305357747,-1.3061951201524524
960,7,2.394178483515731,-1.3049275523930273
960,8,2.6115227564099013,-1.1507578414533959
960,9,2.4093276724526613,-1.2749640086974534
960,10,2.5178463424040487,-1.0812549740605193
960,11,2.6089285213373974,-1.2475508784604878
960,12,2.612426354525603,-1.2193001392989058
960,13,2.40283446176984,-1.2511820827176467
960,14,2.598352938923867,-1.1093532444604874
960,15,2.5173797184601328,-1.089013064730505
960,16,2.6204916163420533,-1.2516438700865284
960,17,2.5670099132827904,-1.2502418220258398
960,18,2.4232488258708234,-1.2271190034706954
960,19,2.441609437663,-1.1759152221718365
961,0,2.516906876651968,-1.2384143951037752
961,1,2.465823804679841,-1.396876338629864
961,2,2.63013014927139,-1.1860109584820027
961,3,2.6063589386903496,-1.1944758385367997
961,4,2.5338355348503336,-1.2751954944795911
961,5,2.5103563289922555,-1.0777738676198316
961,6,2.5396279698659234,-1.3072241899415264
961,7,2.3962089075755615,-1.3059537011327207
961,8,2.613351508917073,-1.15195336757467
961,9,2.411345548818565,-1.2760213025741596
961,10,2.5197733570711014,-1.0825132875351076
961,11,2.6107502095469877,-1.2486518634302994
961,12,2.6142464643475116,-1.2204303833420307
961,13,2.4048613190150867,-1.252261602476456
961,14,2.6001983287013517,-1.11058897764851
961,15,2.519307740363929,-1.090261747218183
961,16,2.622302889316173,-1.2527393618273066
961,17,2.568874433266864,-1.251334339658772
961,18,2.425257578340985,-1.228223919569314
961,19,2.441609437663,-1.1759152221718365
962,0,2.518821289825849,-1.2395161787087012
962,1,2.467820526856262,-1.3977160619471902
962,2,2.6320193593694774,-1.1870341935067799
962,3,2.60818811005641,-1.1956288623691562
962,4,2.5357305837088613,-1.2762609252311665
962,5,2.5122901143859853,-1.0790365252583314
962,6,2.5415145018351746,-1.3082581837849994
962,7,2.398237308571461,-1.3069788274433833
962,8,2.615178439533941,-1.15314770265591
962,9,2.4133614146225755,-1.277077542989507
962,10,2.5216984518123975,-1.0837703473251803
962,11,2.612570082722341,-1.2497517514366436
962,12,2.6160647606385474,-1.2215595012264802
962,13,2.4068861568284485,-1.2533400466703104
962,14,2.6020418800053,-1.111823479734685
962,15,2.5212338414989817,-1.0915091857208796
962,16,2.6241123578401435,-1.2538337622029159
962,17,2.570737095731425,-1.2524257688760059
962,18,2.4272643294454284,-1.2293277348149234
962,19,2.44367605230326,-1.1769390987969546
963,0,2.5207337956177582,-1.2406168645766216
963,1,2.469811195037794,-1.398564579749787
963,2,2.633900861908261,-1.1880671338058908
963,3,2.6100154589857643,-1.196780737422894
963,4,2.5376237445779752,-1.2773252945209381
963,5,2.5142219729786657,-1.0802979247995932
963,6,2.5433991543024757,-1.3092911474877291
963,7,2.4002636885338604,-1.308002932351168
963,8,2.6170035500892643,-1.1543408478926467
963,9,2.415375271882576,-1.2781327310007928
963,10,2.523621628554959,-1.0850261546890556
963,11,2.6143881426851516,-1.2508505435805093
963,12,2.6178812452188267,-1.2226874940825023
963,13,2.4089089772367904,-1.254417416378734
963,14,2.603883594681108,-1.1130567519547503
963,15,2.5231580237933207,-1.092755381487282
963,16,2.6259200237252442,-1.2549270723088521
963,17,2.5725979025410006,-1.2535161107700632
963,18,2.4292690811929125,-1.2304304503124435
963,19,2.445734738740823,-1.1779737573569344
964,0,2.5226443959421156,-1.2417164538093237
964,1,2.4717959182546876,-1.3994215138939377
964,2,2.6357748160616548,-1.1891093506559822
964,3,2.6118409873075903,-1.1979314648510413
964,4,2.5395150193527316,-1.2783886034143406
964,5,2.5161519067040894,-1.0815580675062793
964,6,2.5452819291543656,-1.310323082083713
964,7,2.402288049491169,-1.3090260168812045
964,8,2.6188268424099808,-1.1555328044792192
964,9,2.4173871226144397,-1.2791868676642617
964,10,2.525542889223888,-1.0862807108837977
964,11,2.6162043912553,-1.2519482409617886
964,12,2.6196959199066523,-1.223814363039219
964,13,2.410929782264958,-1.255493712680175
964,14,2.605723474572334,-1.1142887955432124
964,15,2.5250802891730544,-1.0940003357648331
964,16,2.6277258887809505,-1.2560192932395198
964,17,2.5744568555582608,-1.254605366432377
964,18,2.431271835590196,-1.2315320671656935
964,19,2.447785667101438,-1.1790186984177842
965,0,2.5245530927114337,-1.2428149475074979
965,1,2.4737748047731487,-1.4002865015011017
965,2,2.637641379442169,-1.190160433152721
965,3,2.613664696849244,-1.1990810458054773
965,4,2.5414044099262982,-1.279450852975747
965,5,2.5180799174941217,-1.0828169546397937
965,6,2.547162828275504,-1.311353988605919
965,7,2.4043103934697734,-1.3100480820576015
965,8,2.6188268424099808,-1.1555328044792192
965,9,2.4193969688320314,-1.2802399540351055
965,10,2.5274622357423677,-1.0875340171652188
965,11,2.618018830250852,-1.2530448446792777
965,12,2.621508786518515,-1.2249401092246275
965,13,2.4129485739357786,-1.256568936652007
965,14,2.6075615215207,-1.1155196117333481
965,15,2.527000639562372,-1.0952440497997336
965,16,2.6295299548149353,-1.257110426088233
965,17,2.576313956644019,-1.2556935369532936
965,18,2.433272594642038,-1.232632586477393
965,19,2.44982900585394,-1.1800734444235237
966,0,2.52645988783632,-1.2439123467707371
966,1,2.475747961888944,-1.4011591943167943
966,2,2.639500707846448,-1.1912199874347171
966,3,2.6154865894362604,-1.2002294814369336
966,4,2.5432919181899574,-1.2805120442684703
966,5,2.520006007278704,-1.0840745874602837
966,6,2.5490418535486725,-1.312383868086285
966,7,2.406330722494042,-1.311069128903447
966,8,2.6188268424099808,-1.1555328044792192
966,9,2.421404812547209,-1.2812919911674645
966,10,2.529379670031666,-1.0887860747878795
966,11,2.6198314614880633,-1.2541403558306778
966,12,2.623319846869097,-1.2260647337656003
966,13,2.414965354270065,-1.25764308937053
966,14,2.6093977373660926,-1.116749201757206
966,15,2.5289190768835463,-1.0964865248369424
966,16,2.6313322236330703,-1.2582004719472173
966,17,2.578169207657235,-1.2567806234220724
966,18,2.4352713603512006,-1.233732009349163
966,19,2.451864921486189,-1.1811375386945857
967,0,2.5283647832254785,-1.2450086526975392
967,1,2.477715495746545,-1.4020392580964534
967,2,2.6413529550342107,-1.1922876359412429
967,3,2.6173066668923557,-1.2013767728949956
967,4,2.545177546033106,-1.2815721783547642
967,5,2.521930177985853,-1.0853309672266411
967,6,2.5509190068547776,-1.3134127215557216
967,7,2.408349038586326,-1.3120891584408103
967,8,2.6188268424099808,-1.1555328044792192
967,9,2.423410655769826,-1.282342980114429
967,10,2.531295194011137,-1.0900368850050908
967,11,2.6216422867813796,-1.255234775512597
967,12,2.6251291027712704,-1.2271882377878882
967,13,2.4169801252866154,-1.258716171910972
967,14,2.6112321239465652,-1.1179775668456067
967,15,2.530835603056935,-1.0977277621201782
967,16,2.6331326970394286,-1.2592894319076091
967,17,2.580022610455017,-1.2578666269268883
967,18,2.4372681347184497,-1.234830336881527
967,19,2.453893578225583,-1.1822105444721556
968,0,2.530267780785711,-1.2461038663853075
968,1,2.4796775111814693,-1.4029263720173097
968,2,2.6431982725374845,-1.193363016702506
968,3,2.6191249310394293,-1.202522921328103
968,4,2.54706129534326,-1.2826312562958238
968,5,2.523852431541666,-1.0865860951965032
968,6,2.552794290072851,-1.3144405500441125
968,7,2.410365343766962,-1.3131081716907418
968,8,2.6188268424099808,-1.1555328044792192
968,9,2.4254145005077334,-1.28339292192804
968,10,2.5332088095982215,-1.091286449068915
968,11,2.6234513079434385,-1.2563281048205501
968,12,2.6269365560361027,-1.2283106224161195
968,13,2.4189928890022188,-1.25978818534749
968,14,2.613064683098341,-1.1192047082281447
968,15,2.5327502200009824,-1.0989677628919208
968,16,2.6349280972364517,-1.2603827111446582
968,17,2.581874166892623,-1.258951548554832
968,18,2.439262919742559,-1.2359275701739116
968,19,2.4559151377997286,-1.1832920440066463
969,0,2.5321688824219204,-1.2471979889303517
969,1,2.481634111583687,-1.4038202281152832
969,2,2.6450368094972703,-1.1944457826612402
969,3,2.6209413836975655,-1.2036679278835516
969,4,2.5489431680060535,-1.283689279151787
969,5,2.525772769870321,-1.0878399726262542
969,6,2.5546677050800537,-1.3154673545803146
969,7,2.4123796400542736,-1.3141261696732747
969,8,2.6188268424099808,-1.1555328044792192
969,9,2.427416348766782,-1.2844418176592902
969,10,2.535120518708451,-1.0925347682301667
969,11,2.625258526785072,-1.2574203448489611
969,12,2.6287422084728562,-1.2294318887738025
969,13,2.421003647431653,-1.26085913075317
969,14,2.6148954166558136,-1.1204306271331899
969,15,2.534658879617703,-1.1002127595058206
969,16,2.63672170842792,-1.2614749009963815
969,17,2.583723878823463,-1.2600353893919107
969,18,2.44125571742031,-1.2370237103246486
969,19,2.4579297592332807,-1.1843816376885188
970,0,2.534068090037111,-1.24829102142789
970,1,2.4835853987801237,-1.4047205307459418
970,2,2.6468687125250283,-1.1955356010243867
970,3,2.622756026685035,-1.204811793707494
970,4,2.5508231659052436,-1.2847462479817362
970,5,2.527691194894078,-1.0890926007710269
970,6,2.5565392537516756,-1.3164931361921604
970,7,2.414391929464573,-1.315143153407426
970,8,2.6188268424099808,-1.1555328044792192
970,9,2.429416202550824,-1.2854896683581254
970,10,2.537030323255448,-1.0937818437384148
970,11,2.6270639451153084,-1.2585114966911632
970,12,2.630546061888991,-1.2305520379833257
970,13,2.4230124025876894,-1.26192900920003
970,14,2.616724326451549,-1.1216553247878882
970,15,2.5365656373368966,-1.1014565155339395
970,16,2.63851353240924,-1.2625660025560625
970,17,2.5855684207094662,-1.2611238092363322
970,18,2.4432465297464945,-1.2381187584309754
970,19,2.459937598677288,-1.1854789432196746
971,0,2.5359654055323917,-1.2493829649720487
971,1,2.485531472934473,-1.4056269960685783
971,2,2.6486941255865974,-1.1966321526436572
971,3,2.624568861818297,-1.205954519944941
971,4,2.55270129092271,-1.2858021638436976
971,5,2.5296077085332827,-1.090343980884703
971,6,2.558408937961139,-1.3175178959064582
971,7,2.416402214012164,-1.3161591239111976
971,8,2.6188268424099808,-1.1555328044792192
971,9,2.4314140638617143,-1.2865364750734452
971,10,2.5389382251509285,-1.095027676841983
971,11,2.628867564741373,-1.2596015614394005
971,12,2.632348118090166,-1.2316710711659598
971,13,2.4250191564810937,-1.2629978217590188
971,14,2.6185475547597434,-1.1228845465390207
971,15,2.538470495067229,-1.1026990322212782
971,16,2.640303570974029,-1.2636560169158948
971,17,2.587411124619185,-1.2622111445351127
971,18,2.4452353587139184,-1.2392127155890362
971,19,2.4619388092677323,-1.1865835948236891
972,0,2.5378608308069768,-1.2504738206558645
972,1,2.487472432462663,-1.406539351552476
972,2,2.650513189906357,-1.197735131423796
972,3,2.6263798909120015,-1.207096107739763
972,4,2.554577544938457,-1.2868570277946445
972,5,2.531522312706367,-1.0915941142199155
972,6,2.5602767595799993,-1.3185416347489936
972,7,2.418410495709344,-1.3171740822015767
972,8,2.6188268424099808,-1.1555328044792192
972,9,2.4334099346993145,-1.2875822388531037
972,10,2.5408442263047046,-1.0962722687879518
972,11,2.63066938746869,-1.260690540184829
972,12,2.634148378880241,-1.232788989441858
972,13,2.4270239111206284,-1.2640655695000191
972,14,2.6203689663181198,-1.1241125434362045
972,15,2.5403734547154655,-1.1039403108115973
972,16,2.6420918259141173,-1.2647449451669839
972,17,2.5892519923971675,-1.2632973963766763
972,18,2.4472222063134015,-1.2403055828938832
972,19,2.463933541010251,-1.1876952424931844
973,0,2.539754367758189,-1.2515635895712849
973,1,2.4894083739624846,-1.407457335504464
973,2,2.6523260438896386,-1.1988442437573796
973,3,2.6281891157789903,-1.2082365582346901
973,4,2.5564519298306174,-1.2879108408904965
973,5,2.5334350093298514,-1.0928430020280488
973,6,2.562142720477948,-1.31956435374453
973,7,2.420416776566404,-1.3181880292945376
973,8,2.6188268424099808,-1.1555328044792192
973,9,2.4354038170614936,-1.288626960743912
973,10,2.542748328624685,-1.0975156208221586
973,11,2.632469415100887,-1.261778434017517
973,12,2.6359468460612794,-1.2339057939300575
973,13,2.429026668513055,-1.2651322534918474
973,14,2.622188562949913,-1.1253393167086656
973,15,2.5422745181864697,-1.105180352547418
973,16,2.6438782990195504,-1.2658327883993479
973,17,2.591091025886124,-1.2643825658483616
973,18,2.4492070745337795,-1.2413973614394775
973,19,2.4659219406882897,-1.1888135512726892
974,0,2.541646018281461,-1.2526522728091698
974,1,2.491339392155994,-1.4083806966168781
974,2,2.654132823061559,-1.1999592079850252
974,3,2.629996538230299,-1.2093758725713146
974,4,2.558324447475452,-1.2889636041861217
974,5,2.5353458003183476,-1.0940906455592412
974,6,2.5640037081204246,-1.3205917157402547
974,7,2.4224210585916337,-1.3192009662050423
974,8,2.6188268424099808,-1.1555328044792192
974,9,2.437395712944129,-1.2896706417916375
974,10,2.5446505340168777,-1.0987577341892
974,11,2.6342676494397925,-1.262865244026448
974,12,2.637743521433548,-1.235021485748481
974,13,2.4310274306631356,-1.2661978748022555
974,14,2.624006346476541,-1.1265648675844053
974,15,2.5441736873832084,-1.106419158670023
974,16,2.6456629920785897,-1.266919547701919
974,17,2.592928226926929,-1.2654666540364248
974,18,2.451189965361908,-1.2424880523186907
974,19,2.4679041517922053,-1.1899382005753818
975,0,2.543535784270336,-1.253739871459292
975,1,2.4932655798434347,-1.409309193535078
975,2,2.655933660020613,-1.2010797538799125
975,3,2.63180216007516,-1.2105140518900912
975,4,2.5601918606752605,-1.2900210593183044
975,5,2.5372546875845585,-1.0953370460623848
975,6,2.5658628413928386,-1.3216180540272322
975,7,2.424423343791321,-1.3202128939470419
975,8,2.6188268424099808,-1.1555328044792192
975,9,2.439385624341111,-1.290713283041006
975,10,2.546550844385393,-1.099998610132433
975,11,2.6360640922854413,-1.2639509712995194
975,12,2.6395384067955208,-1.2361360660139367
975,13,2.4330261995736353,-1.2672624344979313
975,14,2.6258223187176064,-1.1277891972902012
975,15,2.546070964206752,-1.1076567304194587
975,16,2.647445906877714,-1.2680052241625446
975,17,2.5947635973586225,-1.266549662026039
975,18,2.4531708807826624,-1.2435776566233054
975,19,2.4698803144670554,-1.1910688835321623
976,0,2.5454236676164723,-1.2548263866103389
976,1,2.495189848568888,-1.4102367654394266
976,2,2.6577286844054995,-1.202205622155554
976,3,2.6336059831210026,-1.2116510973303385
976,4,2.5620574131088207,-1.2910774607593065
976,5,2.5391616730392825,-1.0965822047851277
976,6,2.5677201221561847,-1.3226433696328281
976,7,2.426423634169756,-1.3212238135334768
976,8,2.6188268424099808,-1.1555328044792192
976,9,2.441373553244343,-1.2917548855357024
976,10,2.548449261632443,-1.1012382498939755
976,11,2.6378587454360742,-1.2650356169235455
976,12,2.64133150394388,-1.2372495358421207
976,13,2.4350229772453234,-1.2683259336445
976,14,2.6276364814909,-1.1290123070516087
976,15,2.547966350556276,-1.1088930690345356
976,16,2.6492270452016236,-1.2690898188679876
976,17,2.5965971390184124,-1.2676315909012963
976,18,2.4551498227789414,-1.2446661754440165
976,19,2.471850565477022,-1.1922053063715536
977,0,2.5473096702096427,-1.2559118193499132
977,1,2.497112200258549,-1.4111634132584239
977,2,2.659518022873799,-1.203336563995786
977,3,2.6354080091734544,-1.21278701003024
977,4,2.5639211066435523,-1.2921328095665867
977,5,2.541066758591414,-1.097826122973875
977,6,2.5695755522696024,-1.3236676635833844
977,7,2.428421931729231,-1.3222337259762786
977,8,2.6188268424099808,-1.1555328044792192
977,9,2.443359501643743,-1.2927954503183718
977,10,2.5503457876583453,-1.102476654714708
977,11,2.639651610688141,-1.2661191819842574
977,12,2.6431228146735175,-1.2383618963476175
977,13,2.4370177656769765,-1.2693883733065254
977,14,2.6294488366124,-1.1302341980929618
977,15,2.5498598483290644,-1.1101281757528296
977,16,2.651006408833239,-1.2701733329039282
977,17,2.5984288537416753,-1.2687124417452085
977,18,2.4571267933316676,-1.2457536098704323
977,19,2.473815038184613,-1.1933471878289876
978,0,2.5491937939377376,-1.2569961707645343
978,1,2.499032636836693,-1.4120891379196454
978,2,2.6613017990912353,-1.2044723406059887
978,3,2.6372082400363457,-1.2139217911268456
978,4,2.565782943145014,-1.2931871067965504
978,5,2.5429699461479456,-1.0990688018737904
978,6,2.571429133590379,-1.3246909369042201
978,7,2.4304182384700432,-1.3232426322863708
978,8,2.6188268424099808,-1.1555328044792192
978,9,2.4453434715272477,-1.2938349784306207
978,10,2.552240424361524,-1.1037138258342751
978,11,2.6414426898363015,-1.267201667566305
978,12,2.644912340777537,-1.239473148643901
978,13,2.4390105668653796,-1.2704497545475106
978,14,2.631259385896276,-1.1314548716373747
978,15,2.5517514594205104,-1.1113620518106841
978,16,2.652783999553705,-1.2712557673549654
978,17,2.6002587433619597,-1.2697922156397083
978,18,2.4591017944197904,-1.2468399609910759
978,19,2.475777553814385,-1.1944879317033625
979,0,2.551076040686767,-1.2580794419396388
979,1,2.500951160225679,-1.4130139403497426
979,2,2.663080133730365,-1.2056127227845774
979,3,2.6390066775117096,-1.2150554417560722
979,4,2.5676429244769063,-1.2942403535045501
979,5,2.5448712376139695,-1.1003102427287963
979,6,2.5732808679739514,-1.3257131906196329
979,7,2.4324125563904984,-1.3242505334736694
979,8,2.6188268424099808,-1.1555328044792192
979,9,2.447325464880813,-1.2948734709130176
979,10,2.5541331736385127,-1.1049497644910862
979,11,2.643231984673428,-1.2682830747532572
979,12,2.646700084047256,-1.2405832938433359
979,13,2.4410013828053287,-1.2715100784298994
979,14,2.6330681311548894,-1.1326743289067427
979,15,2.553641185724118,-1.11259469844321
979,16,2.654559819142392,-1.272337123304617
979,17,2.6020868097109866,-1.2708709136656506
979,18,2.4610748280202874,-1.2479252298933858
979,19,2.4777381143308186,-1.1956275391365643
980,0,2.5529564123408615,-1.2591616339595824
980,1,2.5028677723459514,-1.4139378214744434
980,2,2.664853144477654,-1.2067574905138472
980,3,2.640803323399784,-1.216187963052705
980,4,2.569501052501072,-1.2952925507448867
980,5,2.5467706348926806,-1.1015504467815764
980,6,2.5751307572739077,-1.3267344257529
980,7,2.4344048874869104,-1.3252574305470843
980,8,2.6188268424099808,-1.1555328044792192
980,9,2.4493054836884163,-1.2959109288050945
980,10,2.556020037998013,-1.106190575126684
980,11,2.6450194969906056,-1.2693634046276039
980,12,2.648486046272207,-1.2416923330571785
980,13,2.442990215489633,-1.2725693460150767
980,14,2.634875074198796,-1.1338925711217436
980,15,2.5555290291315056,-1.113826116884288
980,16,2.656333869376897,-1.2734174018353213
980,17,2.603913054618652,-1.2719485369028132
980,18,2.463042396932562,-1.2490157550438743
980,19,2.4796967216964365,-1.196766011269341
981,0,2.554834910782275,-1.2602427479076401
981,1,2.5047824751160404,-1.4148607822185537
981,2,2.666624388916615,-1.2079011178028924
981,3,2.6425947352057975,-1.2173248018714133
981,4,2.5713573290775,-1.2963436995708109
981,5,2.5486681398853777,-1.1027894152735762
981,6,2.5769788033419885,-1.3277546433262783
981,7,2.4363952337536046,-1.3262633245145208
981,8,2.6188268424099808,-1.1555328044792192
981,9,2.4512835299320583,-1.2969473531453477
981,10,2.5579050221799275,-1.1074301493488996
981,11,2.6468052285771364,-1.2704426582707562
981,12,2.6502702292401406,-1.2428002673955783
981,13,2.444977066909115,-1.2736275583633707
981,14,2.636680216836748,-1.1351095995018392
981,15,2.557414991532406,-1.115056308366569
981,16,2.6581061520330462,-1.2744966040284382
981,17,2.6057374799130297,-1.273025086429898
981,18,2.4650080052480807,-1.2501051935335303
981,19,2.481653377871807,-1.1979033492413043
982,0,2.5567081822945292,-1.2613285945724455
982,1,2.5066952704525653,-1.4157828235059582
982,2,2.668393868820264,-1.2090436057964853
982,3,2.6443843619833975,-1.2184605079022355
982,4,2.5732117560643237,-1.2973938010345234
982,5,2.5505637544914648,-1.1040271494450042
982,6,2.57882500802809,-1.328773844361007
982,7,2.4383835971829195,-1.3272682163828797
982,8,2.6188268424099808,-1.1555328044792192
982,9,2.4532596055917653,-1.297982744971239
982,10,2.559788128071128,-1.108668488398548
982,11,2.6485891812205393,-1.2715208367630482
982,12,2.652052634737025,-1.2439070979675784
982,13,2.4469585274918435,-1.2746910971651906
982,14,2.638483560875694,-1.1363254152652762
982,15,2.55929907481467,-1.116285274121476
982,16,2.659876668884896,-1.2755747309642502
982,17,2.607560087420371,-1.274100563324532
982,18,2.466971654934419,-1.2511935464528827
982,19,2.483608084815544,-1.1990395541909307
983,0,2.558579587197441,-1.2624133592523297
983,1,2.5086061602702365,-1.4167039462596211
983,2,2.6701615859598533,-1.2101849556382571
983,3,2.6461722055240022,-1.2195950822820143
983,4,2.575064335317827,-1.298442856187177
983,5,2.552457480608454,-1.1052636505348337
983,6,2.580669373180265,-1.3297920298773074
983,7,2.440369979765209,-1.3282721071580585
983,8,2.6188268424099808,-1.1555328044792192
983,9,2.4552337126455908,-1.299017105319197
983,10,2.561669357556605,-1.1099055935152076
983,11,2.650371356706553,-1.2725979411837376
983,12,2.65383326454705,-1.2450128258811175
983,13,2.4489380136371977,-1.2757535761978795
983,14,2.6402851081207834,-1.1375400196290872
983,15,2.561181280864266,-1.1175130153792048
983,16,2.6616454217047356,-1.2766517837219635
983,17,2.6093808789651067,-1.2751749686632687
983,18,2.468933347957193,-1.252280814891374
983,19,2.485560844484312,-1.2001746272555625
984,0,2.5604491273642873,-1.2634970430331431
984,1,2.510512348125889,-1.4176299342284517
984,2,2.6719275421048687,-1.2113251684707003
984,3,2.6479582676172444,-1.2207285261464598
984,4,2.576915068692444,-1.2994908660788769
984,5,2.554349320131967,-1.1064989197808033
984,6,2.5825119006447244,-1.330809200894384
984,7,2.442354383488844,-1.3292749978449532
984,8,2.6188268424099808,-1.1555328044792192
984,9,2.4572058530696177,-1.300050435224617
984,10,2.563548712519471,-1.1111414659372219
984,11,2.6521485447237816,-1.2736792695079653
984,12,2.655612120452628,-1.2461174522430303
984,13,2.4509155273266443,-1.27681499652498
984,14,2.6420848603753675,-1.1387534138090927
984,15,2.5630616115652844,-1.1187395333687256
984,16,2.6634124122630882,-1.2777277633797088
984,17,2.6111998563698524,-1.276248303521589
984,18,2.470893086280059,-1.253366999937361
984,19,2.4875079895144867,-1.2013148588239273
985,0,2.5623168046664806,-1.2645796469996544
985,1,2.5124166365779756,-1.4185549995049862
985,2,2.6736883098182997,-1.2124695391083808
985,3,2.6497425500509744,-1.2218608406301503
985,4,2.5787639580407595,-1.300537831758682
985,5,2.556239274955737,-1.1077329584194189
985,6,2.5843525922658404,-1.3318253584304258
985,7,2.4443368103402148,-1.3302768894474581
985,8,2.6188268424099808,-1.1555328044792192
985,9,2.4591760288379607,-1.3010827357218633
985,10,2.565426194840962,-1.1123761069017004
985,11,2.6539239618948125,-1.2747595203625426
985,12,2.6573892042343954,-1.2472209781590489
985,13,2.452891070539677,-1.2778753592089749
985,14,2.6438828194409996,-1.139965599019901
985,15,2.564940068799938,-1.1199648293177842
985,16,2.6651776423287132,-1.2788026710145428
985,17,2.6130170214554056,-1.277320568973902
985,18,2.4728508718647166,-1.2544521026781157
985,19,2.489453194293832,-1.2024539541979091
986,0,2.5641826209735674,-1.265661172235551
986,1,2.5143190275326917,-1.4194791430152156
986,2,2.6754473230329427,-1.213612769449768
986,3,2.6515250546112603,-1.222992026866534
986,4,2.5806110052135147,-1.301583754274606
986,5,2.558127346971611,-1.1089657676859543
986,6,2.586191449886147,-1.3328405035026079
986,7,2.446317262303732,-1.3312777829684679
986,8,2.6188268424099808,-1.1555328044792192
986,9,2.4611442419227676,-1.30211400784427
986,10,2.5673018064004403,-1.11360951764452
986,11,2.65569760999684,-1.2758386948288019
986,12,2.6591645176712144,-1.2483234047338037
986,13,2.4548646452538163,-1.278934665311288
986,14,2.645678987117438,-1.1411765764749109
986,15,2.566816654448565,-1.121188904452903
986,16,2.666941113668608,-1.2798765077024492
986,17,2.6148323760407504,-1.2783917660935464
986,18,2.474806706670911,-1.2555361241998273
986,19,2.4913964607695,-1.2035919145177434
987,0,2.5660465781532316,-1.266741619823441
987,1,2.516219522894332,-1.4204023656842086
987,2,2.677204583509571,-1.2147548606392364
987,3,2.653305783082391,-1.2241220859879292
987,4,2.582456212059605,-1.3026286346736184
987,5,2.5600135380695503,-1.1101973488144528
987,6,2.5880284753463423,-1.3338546371270912
987,7,2.448292561157462,-1.3322839473264785
987,8,2.6188268424099808,-1.1555328044792192
987,9,2.463107213497002,-1.3031504900165476
987,10,2.569175549075394,-1.114841699400326
987,11,2.657469490805288,-1.2769167939869976
987,12,2.660938062540176,-1.2494247330708248
987,13,2.4568362534446124,-1.2799929158922863
987,14,2.647473365202649,-1.142386347386312
987,15,2.5686913703896286,-1.1224117599993826
987,16,2.6687028280480085,-1.2809492745183395
987,17,2.616645921943058,-1.279461895952792
987,18,2.4767605926564356,-1.2566190655876022
987,19,2.493337790886702,-1.2047287409225296
988,0,2.567908678071296,-1.2678209908448532
988,1,2.5181181245652944,-1.421324668436112
988,2,2.6789600930072046,-1.2158958138200204
988,3,2.6550847372468778,-1.2252510191255261
988,4,2.5842995804260847,-1.3036724740016454
988,5,2.5618978501376346,-1.1114277030377282
988,6,2.589863670485291,-1.3348677603190247
988,7,2.4502658917171605,-1.3332891090882
988,8,2.6188268424099808,-1.1555328044792192
988,9,2.4650682290598924,-1.3041859393817725
988,10,2.571047424741442,-1.1160726534025338
988,11,2.65923960609381,-1.2779938189163085
988,12,2.6627098406166003,-1.250524964272543
988,13,2.458805897085647,-1.2810501120112792
988,14,2.649265955492807,-1.1435949129650862
988,15,2.5705642184997215,-1.1236333971813024
988,16,2.670462787230393,-1.2820209725360543
988,17,2.61845766097769,-1.2805309596228391
988,18,2.4787125317771315,-1.2577009279254658
988,19,2.4952771865887113,-1.205864434550232
989,0,2.569768922591725,-1.2688992863802393
989,1,2.520014834446081,-1.4222460521941518
989,2,2.68071385328311,-1.2170356301342153
989,3,2.656861918885455,-1.226378827409388
989,4,2.5861411121581668,-1.3047152733035712
989,5,2.563780285062062,-1.1126568315873666
989,6,2.591697037140025,-1.3358798740925455
989,7,2.452237255958133,-1.3342932692598002
989,8,2.6188268424099808,-1.1555328044792192
989,9,2.467027290574418,-1.3052203569764305
989,10,2.5729174352723336,-1.1173023808833291
989,11,2.6610079576342947,-1.2790697706948373
989,12,2.664476568547747,-1.251629372149094
989,13,2.460773578148536,-1.2821062547265212
989,14,2.651056759782296,-1.144802274421009
989,15,2.5724352006535667,-1.1248538172215223
989,16,2.672220992977482,-1.2830916028283645
989,17,2.6202675949581997,-1.281598958173822
989,18,2.480662525986892,-1.2587817122963636
989,19,2.4972146498168653,-1.2069989965376813
990,0,2.5716273135766246,-1.2699765075089742
990,1,2.5219096544353,-1.4231665178806339
990,2,2.6824658660928025,-1.2181743107227783
990,3,2.6586373297770836,-1.2275055119684521
990,4,2.5879808090992267,-1.305757033623239
990,5,2.5656568899542775,-1.113890771305055
990,6,2.5935285771457464,-1.3368909794607806
990,7,2.4542066558537177,-1.3352964288464446
990,8,2.6188268424099808,-1.1555328044792192
990,9,2.4689844000016015,-1.3062537438359745
990,10,2.5747855825399513,-1.1185308830736707
990,11,2.6627745471968622,-1.2801446503996128
990,12,2.666241536051711,-1.2527326795564602
990,13,2.462739298602929,-1.2831613450952122
990,14,2.652845779863713,-1.1460084329626499
990,15,2.5743043187240193,-1.1260730213416843
990,16,2.673977447049241,-1.284161166466972
990,17,2.6220757256963316,-1.2826658926748085
990,18,2.482610577237663,-1.2598614197821616
990,19,2.4991501825105664,-1.208132428020575
991,0,2.573483852886246,-1.271052655309357
991,1,2.5238025864296687,-1.4240860664169455
991,2,2.6842161331900494,-1.2193118567255299
991,3,2.6604109716989512,-1.2286310739305308
991,4,2.5898186730908024,-1.3067977560034518
991,5,2.5675316248922013,-1.1151234814560507
991,6,2.5935285771457464,-1.3368909794607806
991,7,2.456174093375285,-1.3362985888522967
991,8,2.6207368110356186,-1.1565757452561418
991,9,2.470939559300511,-1.3072861009948258
991,10,2.576651868414312,-1.1197581612032903
991,11,2.6645393765498713,-1.2812184591065907
991,12,2.668004744895226,-1.2538348875990528
991,13,2.4647030604165145,-1.2842153841734987
991,14,2.654633017527869,-1.1472133897973753
991,15,2.576171574582068,-1.1272910107622125
991,16,2.6757321512038827,-1.2852296645225112
991,17,2.623882055002027,-1.2837317641938006
991,18,2.4845566874794462,-1.2609400514636482
991,19,2.5010837866072846,-1.2092647301334791
992,0,2.5753385423789874,-1.2721277308586132
992,1,2.5256936323240136,-1.4250046987235554
992,2,2.685964656326869,-1.2204482692811547
992,3,2.6621828464264756,-1.2297555144223127
992,4,2.591654705972598,-1.307837441485974
992,5,2.5694044917524446,-1.1163549632742975
992,6,2.5935285771457464,-1.3368909794607806
992,7,2.4581395704922424,-1.3372997502805197
992,8,2.622638695445218,-1.1576289333067313
992,9,2.4728927704282624,-1.308317429486375
992,10,2.57851629476357,-1.1209842165006945
992,11,2.6663024474599175,-1.2822911978906546
992,12,2.6697661968432667,-1.2549359973801832
992,13,2.4666648655550203,-1.285268373016475
992,14,2.6564184745637904,-1.148417146131348
992,15,2.578036970096838,-1.1285077867023159
992,16,2.677485107197868,-1.2862970980645494
992,17,2.6256865846834234,-1.284796573797737
992,18,2.4865008586602992,-1.2620176084205348
992,19,2.50301546404256,-1.2103959040098293
993,0,2.5771913839113947,-1.2732017352328941
993,1,2.5275827940112734,-1.4259224157200157
993,2,2.6877114372535353,-1.2215835495272027
993,3,2.663952955733305,-1.2308788345693638
993,4,2.593488909582484,-1.3088760911115314
993,5,2.571275492409749,-1.11758521799251
993,6,2.5935285771457464,-1.3368909794607806
993,7,2.4601030891720344,-1.3382999141332774
993,8,2.6245326652909435,-1.1586919106952343
993,9,2.4748440353400225,-1.309347730342983
993,10,2.5803788634540177,-1.1222090501931659
993,11,2.6680637616918363,-1.2833628678256168
993,12,2.671525893659047,-1.2560360100020636
993,13,2.468624715982215,-1.2863203126781835
993,14,2.658202152758722,-1.149619703169529
993,15,2.579900507135592,-1.1297233503799882
993,16,2.679236316785907,-1.2873634681615889
993,17,2.6274893165468565,-1.285860322552493
993,18,2.4884430927263397,-1.2630940917314568
993,19,2.504945216750003,-1.2115259507819316
994,0,2.579042379338164,-1.2742746695072793
994,1,2.529470073382501,-1.4268392183249619
994,2,2.6894564777185774,-1.2227176986000905
994,3,2.6657213013913204,-1.2320010354961286
994,4,2.5953212857565,-1.3099137059198134
994,5,2.573144628736988,-1.1188142468421745
994,6,2.5935285771457464,-1.3368909794607806
994,7,2.4620646513801447,-1.3392990814117347
994,8,2.626418888668295,-1.159764238812429
994,9,2.4767933559890096,-1.3103770045959817
994,10,2.582239576350088,-1.1234326635067642
994,11,2.6698233210087055,-1.2844334699842204
994,12,2.673283837104026,-1.2571349265658076
994,13,2.4705826136599107,-1.2873712042116172
994,14,2.659984053898127,-1.1508210621156796
994,15,2.5817621875637324,-1.1309377030120098
994,16,2.680985781720962,-1.288428775881067
994,17,2.6292902523968626,-1.2869230115228822
994,18,2.4903833916217457,-1.2641695024739752
994,19,2.506873046661298,-1.212654871580964
995,0,2.580891530512143,-1.2753465347557769
995,1,2.5313554723268643,-1.4277551074561143
995,2,2.691199779468783,-1.2238507176351026
995,3,2.6674878851706376,-1.2331221183259315
995,4,2.5971518363288566,-1.3109502869494736
995,5,2.5750119026051688,-1.1200420510535498
995,6,2.5935285771457464,-1.3368909794607806
995,7,2.4640242590800994,-1.3402972531160589
995,8,2.6282975318229,-1.1608454975215774
995,9,2.478740734326495,-1.311405253275676
995,10,2.5840984353143566,-1.1246550576663277
995,11,2.6715811271718453,-1.285503005438139
995,12,2.6750400289379064,-1.2582327481714317
995,13,2.472538560547965,-1.2884210486687198
995,14,2.66176417976569,-1.1520212241723609
995,15,2.5836220132448027,-1.1321508458139489
995,16,2.6827335037542497,-1.289493022289358
995,17,2.6310893940361804,-1.2879846417726575
995,18,2.4923217572887584,-1.265243841724577
995,19,2.508798955706205,-1.2137826675369772
996,0,2.5827388392843345,-1.276417332051325
996,1,2.53323899273165,-1.4286700840302788
996,2,2.6929413442491983,-1.2249826077663921
996,3,2.6692527088396085,-1.2342420841809776
996,4,2.5989805631319367,-1.3119858352381306
996,5,2.576877315883434,-1.1212686318556695
996,6,2.5935285771457464,-1.3368909794607806
996,7,2.4659819142334674,-1.3412944302454208
996,8,2.6301687588956577,-1.1619352843419632
996,9,2.4806861723018065,-1.3124324774113434
996,10,2.5859554422075433,-1.125876233895474
996,11,2.6733371819408216,-1.2865714752579784
996,12,2.676794470918638,-1.2593294759178564
996,13,2.474492558604283,-1.2894698471003863
996,14,2.6635425321433193,-1.1532201905409363
996,15,2.585479986040491,-1.1333627800001627
996,16,2.6844794846352413,-1.2905562084517732
996,17,2.6328867432657526,-1.2890452143645115
996,18,2.4942581916676834,-1.266317110558677
996,19,2.5107229458125606,-1.2149093397788961
997,0,2.584584307503896,-1.277487062465793
997,1,2.5351206364822643,-1.4295841489633478
997,2,2.6946811738031315,-1.2261133701269822
997,3,2.671015774164824,-1.2353609341823535
997,4,2.6008074679962974,-1.313020351822369
997,5,2.578740870439065,-1.1224939904763418
997,6,2.5935285771457464,-1.3368909794607806
997,7,2.467937618799864,-1.342290613797996
997,8,2.632032731702633,-1.1630332136686419
997,9,2.48262967186233,-1.3134586780312365
997,10,2.5878105988885136,-1.1270961934166017
997,11,2.675091487073447,-1.2876388805132781
997,12,2.6785471648024193,-1.2604251109029074
997,13,2.4764446097848185,-1.290517600556465
997,14,2.665319112811147,-1.1544179624215725
997,15,2.587336107810629,-1.1345735067837985
997,16,2.6862237261116655,-1.2916183354325634
997,17,2.634682301884727,-1.2901047303600786
997,18,2.4961926966968937,-1.2673893100506184
997,19,2.512645018906281,-1.2160348894345208
998,0,2.5864279370181436,-1.278555727069982
998,1,2.537000405462234,-1.4304973031703014
998,2,2.696419269872154,-1.2272430058487669
998,3,2.6727770829111135,-1.2364786694500294
998,4,2.6026325527506726,-1.3140538377377413
998,5,2.5806025681374813,-1.1237181281421522
998,6,2.5935285771457464,-1.3368909794607806
998,7,2.4698913747369504,-1.343285804770965
998,8,2.6338896095463853,-1.1641389160270297
998,9,2.48457123495351,-1.3144838561625831
998,10,2.5896639072142813,-1.1283149374508914
998,11,2.6768440443257826,-1.288705222272512
998,12,2.680298112343698,-1.2615196542233162
998,13,2.478394716043576,-1.291564310085758
998,14,2.667093923547532,-1.1556145410132401
998,15,2.589190380413197,-1.135783027376795
998,16,2.6879662299295095,-1.2926794042949186
998,17,2.6364760716904603,-1.2911631908199352
998,18,2.4981252743128306,-1.2684604412736737
998,19,2.514565176911363,-1.2171593176305275
999,0,2.5882697296725516,-1.2796233269336266
999,1,2.5388783015532095,-1.4314095475652078
999,2,2.6981556341961013,-1.2283715160625128
999,3,2.674536636841549,-1.2375952911028592
999,4,2.6044558192219736,-1.3150862940187678
999,5,2.5824624108422443,-1.1249410460784635
999,6,2.5935285771457464,-1.3368909794607806
999,7,2.471843184000439,-1.344280004160515
999,8,2.635739549055723,-1.1652520373609678
999,9,2.4865108635188524,-1.3155080128315877
999,10,2.5915153690400095,-1.1295324672183071
999,11,2.6785948554521397,-1.289770501603089
999,12,2.6820473152951747,-1.262613106974722
999,13,2.478394716043576,-1.291564310085758
999,14,2.668866966129062,-1.1568099275137156
999,15,2.5910428057043235,-1.1369913429898835
999,16,2.6897069978330217,-1.2937394161009697
999,17,2.6382680544785173,-1.2922205968036014
999,18,2.5000559264500066,-1.2695305053000467
999,19,2.516483421749887,-1.2182826254924701
1000,0,2.5901096873107563,-1.2806898631253947
1000,1,2.540754326634967,-1.4323208830612244
1000,2,2.6998902685130757,-1.22949890189786
1000,3,2.676294437717446,-1.2387108002585823
1000,4,2.606277269235292,-1.316117721698938
1000,5,2.584320400415058,-1.1261627455094179
1000,6,2.5935285771457464,-1.3368909794607806
1000,7,2.473793048544093,-1.3452732129618405
1000,8,2.6375827040511175,-1.1663722383529134
1000,9,2.488448559499928,-1.316531149063432
1000,10,2.593364986219014,-1.1307487839375976
1000,11,2.680343922205082,-1.2908347195713548
1000,12,2.6837947754078035,-1.2637054702516717
1000,13,2.478394716043576,-1.291564310085758
1000,14,2.670638242330554,-1.1580041231195821
1000,15,2.5928933855382885,-1.138198454832589
1000,16,2.691446031564712,-1.2947983719117897
1000,17,2.6400582520426745,-1.2932769493695415
1000,18,2.501984655041006,-1.2705995032008723
1000,19,2.5183997553420174,-1.2194048141447806
1001,0,2.591947811774557,-1.2817553367128904
1001,1,2.5426284825854086,-1.433231310570599
1001,2,2.7016231745594483,-1.2306251644833224
1001,3,2.678050487298364,-1.2398251980338246
1001,4,2.608096904613901,-1.3171481218107122
1001,5,2.586176538715772,-1.1273832276579376
1001,6,2.5935285771457464,-1.3368909794607806
1001,7,2.475740970319728,-1.3462654321691447
1001,8,2.639419225433255,-1.1674991937749313
1001,9,2.4903843248363726,-1.3175532658822762
1001,10,2.5952127606027626,-1.1319638888262968
1001,11,2.682091246335428,-1.2918978772425929
1001,12,2.6855404944307932,-1.2647967451476223
1001,13,2.478394716043576,-1.291564310085758
1001,14,2.6724077539250577,-1.1591971290262306
1001,15,2.5947421217675237,-1.1394043641132319
1001,16,2.693183332865355,-1.2958562727873943
1001,17,2.6418466661749216,-1.2943322495751657
1001,18,2.503911462016488,-1.2716674360462186
1001,19,2.5203141796060065,-1.2205258847107712
1002,0,2.5937841049039188,-1.282819748762654
1002,1,2.544500771280567,-1.4341408310046704
1002,2,2.7033543540698597,-1.2317503049462901
1002,3,2.6798047873421114,-1.2409384855440992
1002,4,2.6099147271792575,-1.3181774953855219
1002,5,2.588030827602383,-1.1286024937457266
1002,6,2.5935285771457464,-1.3368909794607806
1002,7,2.4776869512772164,-1.3472566627756397
1002,8,2.641249261092429,-1.1686325918691929
1002,9,2.492318161465889,-1.3185743643112604
1002,10,2.5970586940408795,-1.133177783100726
1002,11,2.6838368295922495,-1.2929599756810248
1002,12,2.6872844741116104,-1.265886932754941
1002,13,2.478394716043576,-1.291564310085758
1002,14,2.6741755026838554,-1.160388946427861
1002,15,2.596589016242616,-1.1406090720389284
1002,16,2.6949189034739915,-1.2969131197867434
1002,17,2.643633298665463,-1.2953864984768302
1002,18,2.5058363493051887,-1.272734304905087
1002,19,2.5222266964581945,-1.2216458383126345
1003,0,2.595618568536972,-1.2838831003401627
1003,1,2.546371194594605,-1.4350494452738694
1003,2,2.7050838087772218,-1.23287432441303
1003,3,2.6815573396047436,-1.2420506639038082
1003,4,2.6117307387510036,-1.319205843453771
1003,5,2.589883268931035,-1.1298205449932712
1003,6,2.5935285771457464,-1.3368909794607806
1003,7,2.4796309933644864,-1.3482469057735484
1003,8,2.6430729558366717,-1.1697721337567144
1003,9,2.4942500713242497,-1.3195944453725053
1003,10,2.5989027883811464,-1.1343904679759944
1003,11,2.685580673722878,-1.2940210159498124
1003,12,2.6890267161959804,-1.2669760341649066
1003,13,2.478394716043576,-1.291564310085758
1003,14,2.6759414903764656,-1.1615795765174837
1003,15,2.5984340708123086,-1.1418125798155923
1003,16,2.696649671816187,-1.297973944550412
1003,17,2.6454181513027195,-1.2964396971298393
1003,18,2.5077593188339216,-1.2738001108454147
1003,19,2.524137307813013,-1.2227646760714452
1004,0,2.5974512045100178,-1.2849453925098326
1004,1,2.5482397543998183,-1.4359571542877199
1004,2,2.706811540412721,-1.2339972240086865
1004,3,2.6833081458405674,-1.243161734226243
1004,4,2.613544941146969,-1.320233167044837
1004,5,2.5917338645560246,-1.131037382619842
1004,6,2.5954173319192435,-1.3377858319635096
1004,7,2.481573098527526,-1.3492361621541051
1004,8,2.644890451336702,-1.1709175328731056
1004,9,2.496180056345298,-1.3206135100871126
1004,10,2.600745045469503,-1.135601944666001
1004,11,2.6873227804729023,-1.295080999111058
1004,12,2.6907672224278896,-1.2680640504677108
1004,13,2.478394716043576,-1.291564310085758
1004,14,2.6777057187706435,-1.1627690204869208
1004,15,2.600277287323503,-1.143014888647936
1004,16,2.6983787155690186,-1.2990337122765443
1004,17,2.64720122587333,-1.297491846588446
1004,18,2.509680372527581,-1.2748648549340744
1004,19,2.5260460155829856,-1.223882399107161
1005,0,2.5992820146575255,-1.2860066263350192
1005,1,2.5501064525666366,-1.4368639589548393
1005,2,2.7085375507058176,-1.2351190048572833
1005,3,2.6850572078021417,-1.2442716976235864
1005,4,2.6153573361831715,-1.3212594671870719
1005,5,2.5935826163297993,-1.132253007843495
1005,6,2.597299676100159,-1.33868932473568
1005,7,2.483513268710385,-1.3502244329075563
1005,8,2.6467018860859532,-1.1720685144301366
1005,9,2.498108118460951,-1.3216315594751675
1005,10,2.6025854671500506,-1.1368122143834352
1005,11,2.6890631515861734,-1.2961399262258053
1005,12,2.6925059945495864,-1.2691509827524587
1005,13,2.478394716043576,-1.291564310085758
1005,14,2.6794681896323835,-1.1639572795268065
1005,15,2.6021186676212604,-1.144215999739472
1005,16,2.700106036463261,-1.300092424025969
1005,17,2.648979407384629,-1.2985482120962601
1005,18,2.5115995123091444,-1.275928538236876
1005,19,2.527952821678731,-1.2249990085386238
1006,0,2.601111000812138,-1.2870668028780186
1006,1,2.551971290963627,-1.4377698601829403
1006,2,2.7102618413842503,-1.236239668081724
1006,3,2.6868045272402794,-1.2453805552069126
1006,4,2.6171679256738205,-1.322284744907803
1006,5,2.5954295261029614,-1.1334674218810716
1006,6,2.5991757286563177,-1.3396010920872867
1006,7,2.485451505855175,-1.351211719023162
1006,8,2.6485073953740814,-1.1732248149019677
1006,9,2.500034259601201,-1.3226485945557382
1006,10,2.6025854671500506,-1.1368122143834352
1006,11,2.6908017888048046,-1.297197798354042
1006,12,2.694243034301583,-1.2702368321071709
1006,13,2.478394716043576,-1.291564310085758
1006,14,2.681228904725921,-1.1651443548265896
1006,15,2.603958213548805,-1.1454159142925135
1006,16,2.7018316362279644,-1.3011500808584575
1006,17,2.650755817050513,-1.2996035250026563
1006,18,2.513516740099672,-1.2769911618185672
1006,19,2.529857728008963,-1.2261145054835607
1007,0,2.602938164804672,-1.2881259232000684
1007,1,2.5538342714574944,-1.4386748588788305
1007,2,2.7119844141740357,-1.2373592148037937
1007,3,2.6885501059040484,-1.246488308086189
1007,4,2.6189767114313183,-1.3233090012333344
1007,5,2.5972745957242696,-1.1346806259482018
1007,6,2.6010456075904167,-1.3405207828263783
1007,7,2.4873878119020736,-1.3521980214891969
1007,8,2.6503071112725065,-1.174386181534931
1007,9,2.5019584816941163,-1.323664616346878
1007,10,2.6025854671500506,-1.1368122143834352
1007,11,2.6925386938691735,-1.2982546165546986
1007,12,2.695978343422658,-1.2713215996187834
1007,13,2.478394716043576,-1.291564310085758
1007,14,2.682984259523445,-1.166335579092994
1007,15,2.6057921541256444,-1.146620397689846
1007,16,2.7035555165904555,-1.3022066838327255
1007,17,2.6525304566491714,-1.3006577863640034
1007,18,2.5154320578183103,-1.2780527267428357
1007,19,2.531760736480496,-1.2272288910585851
1008,0,2.604763508464121,-1.2891839883613492
1008,1,2.555695395913084,-1.439578955948415
1008,2,2.713705270799471,-1.2384776461441598
1008,3,2.690293945540775,-1.2475949573702776
1008,4,2.6207836952662604,-1.3243322371889477
1008,5,2.59911782704064,-1.1358926212593041
1008,6,2.6029094297444626,-1.3414480596589253
1008,7,2.4893221887893247,-1.3531833412929504
1008,8,2.652101162630666,-1.175552371879786
1008,9,2.503880786665846,-1.3246796258656255
1008,10,2.6025854671500506,-1.1368122143834352
1008,11,2.6942738685179237,-1.2993103818856517
1008,12,2.697711923649858,-1.2724052863731499
1008,13,2.478394716043576,-1.291564310085758
1008,14,2.6847378652113325,-1.1675256163732417
1008,15,2.6076242672774,-1.1478236808829834
1008,16,2.70527767927634,-1.3032622340064335
1008,17,2.6543033279570194,-1.3017109972356184
1008,18,2.517345467382295,-1.2791132340723088
1008,19,2.5336618489982423,-1.2283421663791982
1009,0,2.606587033617656,-1.2902409994209854
1009,1,2.5575546661933837,-1.4404821522966953
1009,2,2.715424412983135,-1.239594963222373
1009,3,2.6920360478960443,-1.2487005041669352
1009,4,2.62258887898744,-1.325354453798903
1009,5,2.6009592218971496,-1.1371034090275869
1009,6,2.6047673106283185,-1.3423825986135636
1009,7,2.491254638453242,-1.3541676794207285
1009,8,2.6538896750817833,-1.1767231533454219
1009,9,2.505801176440619,-1.3256936241280064
1009,10,2.6025854671500506,-1.1368122143834352
1009,11,2.6942738685179237,-1.2993103818856517
1009,12,2.699443776718498,-1.2734878934550415
1009,13,2.478394716043576,-1.291564310085758
1009,14,2.686489723544944,-1.1687144678585617
1009,15,2.6094545548380195,-1.1490257650764137
1009,16,2.706998126009505,-1.3043167324361882
1009,17,2.6560744327487034,-1.3027631586717663
1009,18,2.5192569707069503,-1.2801726848685555
1009,19,2.5355610674652183,-1.2294543325597898
1010,0,2.608408742090627,-1.2912969574370459
1010,1,2.5594120841595243,-1.441384448827772
1010,2,2.7171418424458906,-1.240711167156869
1010,3,2.693776414713702,-1.2498049495828154
1010,4,2.624389229889094,-1.3263809924130243
1010,5,2.602798782137036,-1.13831299046505
1010,6,2.606619364270202,-1.3433240884903315
1010,7,2.493185162828209,-1.3551510368578548
1010,8,2.655672771057055,-1.1778983027730092
1010,9,2.507719652940747,-1.3267066121490338
1010,10,2.6025854671500506,-1.1368122143834352
1010,11,2.6942738685179237,-1.2993103818856517
1010,12,2.7011739043621645,-1.2745694219481494
1010,13,2.478394716043576,-1.291564310085758
1010,14,2.688239836277891,-1.1699021347389953
1010,15,2.6112830186396216,-1.1502266514734245
1010,16,2.708716858512119,-1.3053701801775435
1010,17,2.6578437727971007,-1.3038142717256616
1010,18,2.5211665697056933,-1.281231080192087
1010,19,2.537458393782543,-1.2305653907136391
1011,0,2.610228635706566,-1.2923518634665458
1011,1,2.561267651670783,-1.4422858464448451
1011,2,2.7188575609068866,-1.2418262590649687
1011,3,2.695515047735858,-1.250908294723469
1011,4,2.6261877868539774,-1.3274065081457929
1011,5,2.604636509601701,-1.1395213667824855
1011,6,2.608465703087147,-1.344272230332524
1011,7,2.495113763846683,-1.356133414588671
1011,8,2.657454090470076,-1.1790722813572199
1011,9,2.5096362180866274,-1.3277185909427098
1011,10,2.6025854671500506,-1.1368122143834352
1011,11,2.6942738685179237,-1.2993103818856517
1011,12,2.7029023083127175,-1.2756498729350843
1011,13,2.4804204691309346,-1.2924503593921122
1011,14,2.689988205162039,-1.1710886182033982
1011,15,2.613109660512501,-1.1514263412761043
1011,16,2.7104338785046354,-1.3064225782850019
1011,17,2.6596113498733223,-1.3048643374494695
1011,18,2.5230742662900347,-1.282288421102358
1011,19,2.539353829849442,-1.2316753419529165
1012,0,2.612046716287188,-1.2934057185654473
1012,1,2.563121370584585,-1.4431863460502143
1012,2,2.7205715700835587,-1.2429402400628804
1012,3,2.6972519487028848,-1.252010540693346
1012,4,2.6279845516824483,-1.328431002023751
1012,5,2.6064724061307114,-1.1407285391894795
1012,6,2.610306437773616,-1.3452267369207975
1012,7,2.4970404434391953,-1.3571148135965383
1012,8,2.659233635103948,-1.1802450902732078
1012,9,2.5115508737967436,-1.3287295615220263
1012,10,2.6025854671500506,-1.1368122143834352
1012,11,2.6942738685179237,-1.2993103818856517
1012,12,2.7046289903002907,-1.2767292474973788
1012,13,2.4824388722033084,-1.2933476718309955
1012,14,2.691734831947506,-1.1722739194394414
1012,15,2.6149344822851273,-1.1526248356853435
1012,16,2.7121491877057924,-1.3074739278120147
1012,17,2.661377165746715,-1.305913356894307
1012,18,2.5249800623695804,-1.2833447086577678
1012,19,2.5412473775632485,-1.2327841873886842
1013,0,2.613862985652394,-1.29445852378866
1013,1,2.5649732427565044,-1.4440859485452806
1013,2,2.722283871691632,-1.2440531112657003
1013,3,2.6989871193534225,-1.2531116885957951
1013,4,2.62977952617307,-1.3294544750724182
1013,5,2.6083064735618016,-1.1419345088944126
1013,6,2.6121416772065817,-1.3461873322886675
1013,7,2.498965203534354,-1.358095234863838
1013,8,2.6610114067399975,-1.1814167306949557
1013,9,2.513463621987668,-1.3297395248989654
1013,10,2.6025854671500506,-1.1368122143834352
1013,11,2.6942738685179237,-1.2993103818856517
1013,12,2.7063539520532944,-1.277807546715488
1013,13,2.4844500603465973,-1.2942557545443618
1013,14,2.6934797183826675,-1.1734580396336127
1013,15,2.6167574857841496,-1.1538221359008363
1013,16,2.7138627878326163,-1.3085242298109838
1013,17,2.6631412221848616,-1.3069613311102437
1013,18,2.526883959852034,-1.2843999439156615
1013,19,2.543139038819406,-1.2338919281308978
1014,0,2.615677445620271,-1.2955102801900433
1014,1,2.5668232700402673,-1.444984654830547
1014,2,2.7239944674451224,-1.2451648737874133
1014,3,2.700720561424378,-1.2542117395330667
1014,4,2.6315727121226136,-1.3304769283162918
1014,5,2.610138713730875,-1.1431392771044617
1014,6,2.6139715283655507,-1.3471537512585674
1014,7,2.5008880460588454,-1.3590746793719726
1014,8,2.6627874071577757,-1.1825872037952767
1014,9,2.5153744645740628,-1.330748482084502
1014,10,2.6025854671500506,-1.1368122143834352
1014,11,2.6942738685179237,-1.2993103818856517
1014,12,2.7080771952984173,-1.27888477166879
1014,13,2.4864541687789963,-1.2951741352695467
1014,14,2.6952228662141566,-1.1746409799712176
1014,15,2.618578672834396,-1.1550182431210814
1014,16,2.7138627878326163,-1.3085242298109838
1014,17,2.664903520953585,-1.3080082611463024
1014,18,2.528785960643199,-1.2854541279323302
1014,19,2.545028815511469,-1.2349985652884066
1015,0,2.617490098007096,-1.2965609888224061
1015,1,2.568671454287753,-1.445882465805619
1015,2,2.7257033590563373,-1.2462755287408949
1015,3,2.7024522766509294,-1.2553106946063128
1015,4,2.63336411132606,-1.3314983627788486
1015,5,2.6119691284720057,-1.144342845025601
1015,6,2.6157960962661186,-1.3481257389976435
1015,7,2.5028089729374376,-1.3600531481013671
1015,8,2.6645616381350603,-1.183756510745816
1015,9,2.5172834034686837,-1.3317564340886026
1015,10,2.6025854671500506,-1.1368122143834352
1015,11,2.6942738685179237,-1.2993103818856517
1015,12,2.7097987217606274,-1.2799609234355889
1015,13,2.4884513324565796,-1.296102361449461
1015,14,2.696964277186866,-1.1758227416363805
1015,15,2.6203980452588764,-1.1562131585433832
1015,16,2.7138627878326163,-1.3085242298109838
1015,17,2.6666640638169476,-1.3090541480504614
1015,18,2.5306860666469793,-1.2865072617630133
1015,19,2.5469167095311054,-1.2361040999689556
1016,0,2.619300944627335,-1.297610650737509
1016,1,2.5705177973489954,-1.446779382369207
1016,2,2.7274105482358793,-1.2473850772379118
1016,3,2.7041790406807666,-1.2564136220944102
1016,4,2.6351537255766018,-1.3325187794825453
1016,5,2.6137977196174407,-1.145545213862603
1016,6,2.617615483905769,-1.3491030505924912
1016,7,2.5047279860929796,-1.3610306420314697
1016,8,2.6663341014478585,-1.1849246527170503
1016,9,2.5191904405823804,-1.3327633819202287
1016,10,2.6025854671500506,-1.1368122143834352
1016,11,2.6942738685179237,-1.2993103818856517
1016,12,2.7115185331631744,-1.281036003093113
1016,13,2.4904416857242264,-1.2970399993801176
1016,14,2.6987039530439496,-1.1770033258120458
1016,15,2.6222156048787846,-1.1574068833638533
1016,16,2.7138627878326163,-1.3085242298109838
1016,17,2.6684228525372546,-1.3100989928696545
1016,18,2.5325842797653837,-1.287559346461899
1016,19,2.5488027227681,-1.2372085332791862
1017,0,2.6211099872936474,-1.2986592669860642
1017,1,2.572362301072186,-1.4476754054191248
1017,2,2.729116036692646,-1.2484935203891232
1017,3,2.705904084110159,-1.257515450591856
1017,4,2.636941556665644,-1.3335381794488201
1017,5,2.6156244889976015,-1.1467463848190402
1017,6,2.6194297922207297,-1.350085450642053
1017,7,2.506645087446406,-1.3620071621407528
1017,8,2.668104798870408,-1.1860916308782914
1017,9,2.521095577824099,-1.3337693265873358
1017,10,2.6025854671500506,-1.1368122143834352
1017,11,2.6942738685179237,-1.2993103818856517
1017,12,2.7132366312275913,-1.2821100117175181
1017,13,2.492425362007763,-1.2979866333943209
1017,14,2.700441895526825,-1.1781827336799797
1017,15,2.6240313535134994,-1.1585994187774116
1017,16,2.7138627878326163,-1.3085242298109838
1017,17,2.6701798888750554,-1.3111427966497722
1017,18,2.534480601898525,-1.2886103830821252
1017,19,2.5506868571103527,-1.238311866324637
1018,0,2.6229140885298743,-1.2997122358183526
1018,1,2.574204967303675,-1.4485705358522925
1018,2,2.7308198261338332,-1.2496008593040817
1018,3,2.707627408665877,-1.2586161812015815
1018,4,2.638727606382808,-1.3345565636980936
1018,5,2.617449438441086,-1.147946359097286
1018,6,2.621239120052808,-1.3510727128679252
1018,7,2.5085602789167365,-1.362982709406714
1018,8,2.669873732175178,-1.1872574463976855
1018,9,2.5229988171008837,-1.3347742690968756
1018,10,2.604501456551832,-1.1378944465763667
1018,11,2.6942738685179237,-1.2993103818856517
1018,12,2.714953017673696,-1.2831829503838883
1018,13,2.494402493543542,-1.2989418650803108
1018,14,2.7021781063751735,-1.1793609664207705
1018,15,2.625845292980587,-1.1597907659777869
1018,16,2.7138627878326163,-1.3085242298109838
1018,17,2.671935174589145,-1.3121855604356634
1018,18,2.536371771052646,-1.2896662400532324
1018,19,2.5525691144438847,-1.2394141002097456
1019,0,2.6247163920961802,-1.3007641554354643
1019,1,2.576043172956559,-1.4494701580466733
1019,2,2.732521918264936,-1.2507070950912347
1019,3,2.7093490160729705,-1.2597158150254193
1019,4,2.6405118765159306,-1.3355739332497691
1019,5,2.61927256977467,-1.1491451378985156
1019,6,2.6230435641252074,-1.3520646197413446
1019,7,2.5085602789167365,-1.362982709406714
1019,8,2.6716409031328734,-1.1884221004422149
1019,9,2.5249001603178787,-1.3357782104547964
1019,10,2.606409528502397,-1.138986205795964
1019,11,2.6942738685179237,-1.2993103818856517
1019,12,2.716667694219592,-1.284254820166236
1019,13,2.4963732111419983,-1.2999053125341458
1019,14,2.7039125873269447,-1.1805380252138304
1019,15,2.6276574250958022,-1.160980926157519
1019,16,2.7138627878326163,-1.3085242298109838
1019,17,2.673688711436566,-1.3132272852711353
1019,18,2.5382610557641585,-1.2907210449228599
1019,19,2.5544494966528375,-1.2405152360378493
1020,0,2.6265168997966732,-1.3018150268903719
1020,1,2.5778795469578824,-1.450368883826448
1020,2,2.7342191021704436,-1.2518171562493539
1020,3,2.7110689080547696,-1.2608143531641038
1020,4,2.6422943688510685,-1.3365902891222348
1020,5,2.61927256977467,-1.1491451378985156
1020,6,2.624843219026424,-1.3530609621261456
1020,7,2.5085602789167365,-1.362982709406714
1020,8,2.6734063135124333,-1.1895855941776994
1020,9,2.526799609378331,-1.3367811516660446
1020,10,2.60830985628139,-1.1400870586443679
1020,11,2.6942738685179237,-1.2993103818856517
1020,12,2.7183806625816738,-1.285325622137504
1020,13,2.498337643982015,-1.3008766096445936
1020,14,2.705645340118356,-1.1817139112373964
1020,15,2.6294677516730913,-1.1621699005079595
1020,16,2.7138627878326163,-1.3085242298109838
1020,17,2.6754405011726106,-1.3142679721989559
1020,18,2.5401484579242375,-1.2917747987468684
1020,19,2.5544494966528375,-1.2405152360378493
1021,0,2.6265168997966732,-1.3018150268903719
1021,1,2.5797140911458563,-1.4512667140912414
1021,2,2.7359145949492545,-1.2529261113080965
1021,3,2.7127870863328885,-1.2619117967172728
1021,4,2.6440750851724983,-1.3376056323328638
1021,5,2.61927256977467,-1.1491451378985156
1021,6,2.6266410809936023,-1.3540563118894309
1021,7,2.5085602789167365,-1.362982709406714
1021,8,2.675169965081036,-1.1907479287687976
1021,9,2.52869716618359,-1.3377830937345654
1021,10,2.6102026108754335,-1.14119659016973
1021,11,2.6942738685179237,-1.2993103818856517
1021,12,2.7200919244746236,-1.286395357369566
1021,13,2.500295919433202,-1.3018554054093112
1021,14,2.7073763664838935,-1.1828886256685316
1021,15,2.6312762745245935,-1.163357690219273
1021,16,2.7138627878326163,-1.3085242298109838
1021,17,2.677190545550822,-1.3153076222608535
1021,18,2.542033979422175,-1.2928275025800666
1021,19,2.5544494966528375,-1.2405152360378493
1022,0,2.6265168997966732,-1.3018150268903719
1022,1,2.5815468073568617,-1.4521636497397827
1022,2,2.7376083982985584,-1.254033961377528
1022,3,2.7145035526272245,-1.2630081467834684
1022,4,2.6458540272627187,-1.3386199638980156
1022,5,2.61927256977467,-1.1491451378985156
1022,6,2.6284371518264042,-1.3550506700275469
1022,7,2.5085602789167365,-1.362982709406714
1022,8,2.6769318596040974,-1.1919091053790074
1022,9,2.530592832633113,-1.3387840376633036
1022,10,2.6120879607508534,-1.1423144030402326
1022,11,2.696070810958111,-1.3002528538496454
1022,12,2.721801481611416,-1.2874640269332278
1022,13,2.502248162903432,-1.3028413632810958
1022,14,2.709105668156317,-1.1840621696831262
1022,15,2.6330829954606414,-1.164544296480438
1022,16,2.7138627878326163,-1.3085242298109838
1022,17,2.678938846322996,-1.3163462364975191
1022,18,2.543917622145379,-1.293879157476212
1022,19,2.5544494966528375,-1.2405152360378493
1023,0,2.6265168997966732,-1.3018150268903719
1023,1,2.5833776974254494,-1.4530596916699055
1023,2,2.7393005139138547,-1.255140707566607
1023,3,2.716218308655963,-1.264103404460138
1023,4,2.647631196902452,-1.3396332848330372
1023,5,2.61927256977467,-1.1491451378985156
1023,6,2.6302314333226984,-1.356044037535847
1023,7,2.5085602789167365,-1.362982709406714
1023,8,2.6786919988452764,-1.1930691251706678
1023,9,2.5324866106244635,-1.339783984454205
1023,10,2.613966071659711,-1.1434401167555348
1023,11,2.6978612579948633,-1.3012033364734128
1023,12,2.7235062536892256,-1.2885365464543783
1023,13,2.5041944977092156,-1.3038341605430157
1023,14,2.710833246866659,-1.185234544455899
1023,15,2.6348879162897645,-1.1657297204792485
1023,16,2.7138627878326163,-1.3085242298109838
1023,17,2.6806854052391844,-1.3173838159486064
1023,18,2.545799387979379,-1.2949297644880124
1023,19,2.5544494966528375,-1.2405152360378493
1024,0,2.6265168997966732,-1.3018150268903719
1024,1,2.585206763184342,-1.4539548407785483
1024,2,2.740990943488952,-1.2562463509831878
1024,3,2.717931356135576,-1.2651975708436358
1024,4,2.6494065958706474,-1.3406455961522639
1024,5,2.61927256977467,-1.1491451378985156
1024,6,2.6320239272785617,-1.357036415408693
1024,7,2.5085602789167365,-1.362982709406714
1024,8,2.6804503845664738,-1.1942279893049597
1024,9,2.534375436635922,-1.340788719188427
1024,10,2.6158371064758943,-1.1445733668941513
1024,11,2.699645333524726,-1.3021614934633583
1024,12,2.7252093270802016,-1.289607997284404
1024,13,2.506135044966698,-1.3048334877112433
1024,14,2.712559104344228,-1.186405751160398
1024,15,2.6366910388186904,-1.1669139634023151
1024,16,2.7138627878326163,-1.3085242298109838
1024,17,2.6824302240476934,-1.3184203616527335
1024,18,2.5476792788078235,-1.2959793246671263
1024,19,2.5544494966528375,-1.2405152360378493
1025,0,2.6265168997966732,-1.3018150268903719
1025,1,2.5870340064644357,-1.4548490979617565
1025,2,2.7426796887159726,-1.2573508927340205
1025,3,2.7196426967808254,-1.2662906470292232
1025,4,2.6511802259444806,-1.34165689886902
1025,5,2.61927256977467,-1.1491451378985156
1025,6,2.633814635488283,-1.358027804639456
1025,7,2.5085602789167365,-1.362982709406714
1025,8,2.6822070185278357,-1.1953856989419074
1025,9,2.534375436635922,-1.340788719188427
1025,10,2.6177012250583007,-1.1457138043952864
1025,11,2.7014231601132006,-1.303127001644345
1025,12,2.726910703489122,-1.290678380495828
1025,13,2.508069923501252,-1.3058390479644444
1025,14,2.7142832423166086,-1.1875757909690028
1025,15,2.6384923648523464,-1.168097026435066
1025,16,2.7138627878326163,-1.3085242298109838
1025,17,2.6841733044950886,-1.3194558746474836
1025,18,2.5495572965124857,-1.2970278390641643
1025,19,2.5544494966528375,-1.2405152360378493
1026,0,2.6265168997966732,-1.3018150268903719
1026,1,2.5888594290948035,-1.4557424641146826
1026,2,2.7443667512853516,-1.2584543339247523
1026,3,2.7213523323047655,-1.2673826341110705
1026,4,2.652952088899357,-1.342667193995621
1026,5,2.61927256977467,-1.1491451378985156
1026,6,2.6356035597443626,-1.3590182062205178
1026,7,2.5085602789167365,-1.362982709406714
1026,8,2.6839619024877543,-1.1965422552403793
1026,9,2.534375436635922,-1.340788719188427
1026,10,2.619558584138411,-1.146861094873676
1026,11,2.703194858837921,-1.3040995504227784
1026,12,2.7286103846190657,-1.291747697160105
1026,13,2.5099992497738253,-1.3068505565986022
1026,14,2.7160056625096645,-1.188744665052924
1026,15,2.6402918961938617,-1.169278910761749
1026,16,2.7138627878326163,-1.3085242298109838
1026,17,2.6859146483261958,-1.3204903559694063
1026,18,2.551433442973263,-1.2980753087286905
1026,19,2.5544494966528375,-1.2405152360378493
1027,0,2.6265168997966732,-1.3018150268903719
1027,1,2.590683032902695,-1.4566349401315866
1027,2,2.7460521328858407,-1.259556675659929
1027,3,2.7230602644187427,-1.268473533182258
1027,4,2.6547221865089137,-1.3436764825433727
1027,5,2.61927256977467,-1.1491451378985156
1027,6,2.6373907018375156,-1.3600076211432712
1027,7,2.5085602789167365,-1.362982709406714
1027,8,2.6857150382028703,-1.1976976593580893
1027,9,2.534375436635922,-1.340788719188427
1027,10,2.621409337229785,-1.1480149179660222
1027,11,2.704960549152084,-1.3050788412718533
1027,12,2.730308372171416,-1.292815948347622
1027,13,2.5119231378223503,-1.3078677405061898
1027,14,2.71772636664754,-1.189912374582206
1027,15,2.642089634644569,-1.1704596175654307
1027,16,2.7138627878326163,-1.3085242298109838
1027,17,2.687654257284101,-1.3215238066540185
1027,18,2.553307720068179,-1.299121734709223
1027,19,2.5544494966528375,-1.2405152360378493
1028,0,2.6265168997966732,-1.3018150268903719
1028,1,2.5925048197135396,-1.457526526905838
1028,2,2.7477358352045083,-1.2606579190429958
1028,3,2.724766494832399,-1.269563345334777
1028,4,2.6564905205450198,-1.3446847655225744
1028,5,2.61927256977467,-1.1491451378985156
1028,6,2.6391760635566732,-1.3609960503981218
1028,7,2.5085602789167365,-1.362982709406714
1028,8,2.687466427428074,-1.198851912451598
1028,9,2.534375436635922,-1.340788719188427
1028,10,2.6232536345572286,-1.149174966707641
1028,11,2.706720348766326,-1.3060645872381667
1028,12,2.7320046678458594,-1.2938831351276998
1028,13,2.5138416992166817,-1.3088903376786352
1028,14,2.719445356452662,-1.1910789207257269
1028,15,2.643885582004006,-1.1716391480280004
1028,16,2.7138627878326163,-1.3085242298109838
1028,17,2.689392133110155,-1.322556227735805
1028,18,2.555180129673388,-1.3001671180532353
1028,19,2.5544494966528375,-1.2405152360378493
1029,0,2.6265168997966732,-1.3018150268903719
1029,1,2.5943247913509473,-1.4584172253299161
1029,2,2.749417859926742,-1.2617580651762985
1029,3,2.726471025253672,-1.27065207165953
1029,4,2.658257092777779,-1.3456920439425182
1029,5,2.61927256977467,-1.1491451378985156
1029,6,2.640959646688984,-1.3619834949744878
1029,7,2.5085602789167365,-1.362982709406714
1029,8,2.6892160719165075,-1.200005015676314
1029,9,2.534375436635922,-1.340788719188427
1029,10,2.6250916230035943,-1.1503409469379826
1029,11,2.7084743735473884,-1.3070565124689049
1029,12,2.73369927334039,-1.294949258568593
1029,13,2.515755043025657,-1.3099180967310573
1029,14,2.7211626336457404,-1.1922443046512006
1029,15,2.645679740069918,-1.1728175033301689
1029,16,2.7138627878326163,-1.3085242298109838
1029,17,2.691128277543973,-1.3235876202482206
1029,18,2.5570506736631735,-1.3012114598071571
1029,19,2.5544494966528375,-1.2405152360378493
1030,0,2.6265168997966732,-1.3018150268903719
1030,1,2.5961429496367114,-1.459307036295411
1030,2,2.7510982087362508,-1.2628571151610843
1030,3,2.7281738573887995,-1.2717397132463335
1030,4,2.6600219049755327,-1.3466983188114907
1030,5,2.61927256977467,-1.1491451378985156
1030,6,2.6427414530198168,-1.3629699558608026
1030,7,2.5085602789167365,-1.362982709406714
1030,8,2.690963973419567,-1.2011569701864948
1030,9,2.534375436635922,-1.340788719188427
1030,10,2.626923446072338,-1.1515125767337304
1030,11,2.710222737432047,-1.3080543517588241
1030,12,2.7353921903513094,-1.2960143197374925
1030,13,2.517663275795004,-1.3109507764482906
1030,14,2.722878199945772,-1.1934085275251776
1030,15,2.647472110638259,-1.173994684651471
1030,16,2.7138627878326163,-1.3085242298109838
1030,17,2.6928626923234376,-1.3246179852236901
1030,18,2.558919353909952,-1.3022547610163755
1030,19,2.5544494966528375,-1.2405152360378493
1031,0,2.6265168997966732,-1.3018150268903719
1031,1,2.5979592963908105,-1.4601959606930242
1031,2,2.7527768833150645,-1.2639550700975035
1031,3,2.729874992942317,-1.2728262711839176
1031,4,2.661784958904859,-1.3477035911367743
1031,5,2.61927256977467,-1.1491451378985156
1031,6,2.6445186092670387,-1.3639606093817638
1031,7,2.5085602789167365,-1.362982709406714
1031,8,2.6927066823415653,-1.2023129969706623
1031,9,2.534375436635922,-1.340788719188427
1031,10,2.628749243864146,-1.1526895858682202
1031,11,2.711965552354898,-1.3090578501162622
1031,12,2.7370834205732293,-1.2970783197005253
1031,13,2.519569607149889,-1.311982427175675
1031,14,2.72459205707004,-1.194571590513046
1031,15,2.6492626955031935,-1.1751706931702666
1031,16,2.7138627878326163,-1.3085242298109838
1031,17,2.6945953791846993,-1.32564732369361
1031,18,2.5607861722842737,-1.303297022725236
1031,19,2.5544494966528375,-1.2405152360378493
1032,0,2.6265168997966732,-1.3018150268903719
1032,1,2.5997738334314096,-1.46108399941257
1032,2,2.7544538853435387,-1.26505193108461
1032,3,2.7315744336170633,-1.273911746559928
1032,4,2.6635462563305765,-1.3487078619246473
1032,5,2.6211730773964046,-1.150212596552852
1032,6,2.6462939946981385,-1.3649502757834273
1032,7,2.510528273879646,-1.3638414566353039
1032,8,2.6944476547660234,-1.2034678718483687
1032,9,2.534375436635922,-1.340788719188427
1032,10,2.6305691530660886,-1.1538717152959757
1032,11,2.713702928188717,-1.3100667623474291
1032,12,2.7387729656990727,-1.2981412595227568
1032,13,2.521474038998552,-1.313013049945894
1032,14,2.726304206734117,-1.1957334947790332
1032,15,2.651051496457099,-1.1763455300637413
1032,16,2.7138627878326163,-1.3085242298109838
1032,17,2.6963263398621797,-1.326675636688349
1032,18,2.5626511306548263,-1.3043382459770438
1032,19,2.556408069833015,-1.241465432101027
1033,0,2.6284020759638183,-1.3027002459148467
1033,1,2.6015865625748615,-1.4619711533429758
1033,2,2.756129216500354,-1.2661476992203626
1033,3,2.7332721811141805,-1.2749961404609265
1033,4,2.665305799015746,-1.349711132180386
1033,5,2.623065717900838,-1.1512895958132503
1033,6,2.648067611090279,-1.3659389560564503
1033,7,2.5124898750527245,-1.3647094741671482
1033,8,2.6961868924356565,-1.204621595975645
1033,9,2.534375436635922,-1.340788719188427
1033,10,2.6323833069518883,-1.1550587166611934
1033,11,2.7154349726962046,-1.3110808526582485
1033,12,2.740460827420076,-1.2992031402681905
1033,13,2.5233765732473303,-1.314042645790602
1033,14,2.728014650651867,-1.1968942414862063
1033,15,2.6528385152905667,-1.177519196507908
1033,16,2.7138627878326163,-1.3085242298109838
1033,17,2.6980555760885716,-1.3277029252372494
1033,18,2.5645142308884346,-1.3053784318140642
1033,19,2.558359086214192,-1.2424261988124248
1034,0,2.630280116747705,-1.3035957485727296
1034,1,2.6033974856357105,-1.4628574233722837
1034,2,2.7578028784625186,-1.2672423756016264
1034,3,2.734968237133115,-1.2760794539723925
1034,4,2.6670635887216716,-1.3507134029082648
1034,5,2.624950660724052,-1.152375705821942
1034,6,2.6498394602188515,-1.366926651190503
1034,7,2.5144451983897578,-1.3655863654260758
1034,8,2.6979243970914433,-1.2057741705073701
1034,9,2.534375436635922,-1.340788719188427
1034,10,2.6341918353920426,-1.1562503518290608
1034,11,2.717161791492036,-1.3120998942730377
1034,12,2.7421470074257908,-1.30026396299977
1034,13,2.5252772118006632,-1.3150712157404254
1034,14,2.729723390535445,-1.198053831796474
1034,15,2.6546237537924045,-1.1786916936776077
1034,16,2.7138627878326163,-1.3085242298109838
1034,17,2.6997830895948427,-1.3287291903686282
1034,18,2.5663754748500636,-1.3064175812775243
1034,19,2.560302692950448,-1.2433970727731496
1035,0,2.6321511494194025,-1.304501103506331
1035,1,2.605206604426692,-1.4637428103876509
1035,2,2.7594748729053697,-1.2683359613241734
1035,3,2.736662603371621,-1.277161688178724
1035,4,2.668819627207902,-1.3517146751115576
1035,5,2.6268280732103806,-1.1534705148663884
1035,6,2.6516095438574787,-1.3679133621742687
1035,7,2.5163943592317985,-1.366471749830621
1035,8,2.6996601704726273,-1.2069255965972723
1035,9,2.534375436635922,-1.340788719188427
1035,10,2.635994864872635,-1.157446392438833
1035,11,2.718883488014212,-1.3131236690693358
1035,12,2.743831507404084,-1.3013237287793802
1035,13,2.5271759565610914,-1.3160987608249637
1035,14,2.7314304280953023,-1.1992122668705874
1035,15,2.6564072137496377,-1.1798630227465114
1035,16,2.7138627878326163,-1.3085242298109838
1035,17,2.7015088821102355,-1.3297544331097777
1035,18,2.568234864402821,-1.3074556954076137
1035,19,2.562239036533759,-1.2443776098722252
1036,0,2.6340153012319596,-1.3054158965707316
1036,1,2.6070139207587357,-1.4646273152753506
1036,2,2.761145201502575,-1.269428457482684
1036,3,2.738355281525761,-1.2782428441632383
1036,4,2.670573916232234,-1.352714949792539
1036,5,2.6286981203793944,-1.1545736285741275
1036,6,2.6533778637780165,-1.3688990899954463
1036,7,2.518337472068739,-1.3673652621232482
1036,8,2.70139421431672,-1.2080758753979302
1036,9,2.534375436635922,-1.340788719188427
1036,10,2.6377960977455914,-1.1586412412679297
1036,11,2.720600163503806,-1.3141519672282096
1036,12,2.745514329041143,-1.3023824386678475
1036,13,2.5290728094292607,-1.3171252820727903
1036,14,2.733135765040185,-1.200369547868141
1036,15,2.6581888969475114,-1.1810331848871207
1036,16,2.7138627878326163,-1.3085242298109838
1036,17,2.70323295536227,-1.3307786544869669
1036,18,2.5700924014079565,-1.3084927752434858
1036,19,2.564168262464791,-1.2453673844514
1037,0,2.6358726991019106,-1.3063397301224726
1037,1,2.608819436440967,-1.4655109389207732
1037,2,2.7628138659261356,-1.270519865170748
1037,3,2.7400462732899062,-1.2793229230081737
1037,4,2.6723264575507124,-1.3537142279524847
1037,5,2.6305609647259205,-1.1556846691436586
1037,6,2.6551444217505544,-1.3698838356407503
1037,7,2.5202746503294384,-1.3682665517275536
1037,8,2.7031265303595005,-1.209225008060774
1037,9,2.5363442209197116,-1.3416205405695056
1037,10,2.639595535813948,-1.1598348995123957
1037,11,2.7223119169922594,-1.3151845868993912
1037,12,2.747195474021473,-1.3034400937249415
1037,13,2.5309677723039226,-1.3181507805114545
1037,14,2.7348394030771366,-1.2015256759475745
1037,15,2.6599688051694925,-1.182202181270769
1037,16,2.7138627878326163,-1.3085242298109838
1037,17,2.7049553110767453,-1.3318018555254423
1037,18,2.5719480877248673,-1.3095288218232584
1037,19,2.566090514963383,-1.2463659885055383
1038,0,2.6377234693258713,-1.3072722223367201
1038,1,2.610623153280709,-1.4663936822084267
1038,2,2.764480867846386,-1.2716101854808657
1038,3,2.7417355803567425,-1.2804019257946901
1038,4,2.6740772529176327,-1.3547125105916733
1038,5,2.632416766049918,-1.1568032746099597
1038,6,2.6569092195434187,-1.3708676000959121
1038,7,2.522206006197829,-1.3691752821324663
1038,8,2.7048571203350193,-1.2103729957360867
1038,9,2.5383059851761485,-1.3424634670360645
1038,10,2.6413931808789437,-1.161027368367084
1038,11,2.7240188452954635,-1.3162213338806201
1038,12,2.748874944027902,-1.3044966950093762
1038,13,2.5328608470819365,-1.3191752571674809
1038,14,2.7365413439115005,-1.2026806522661728
1038,15,2.6617469401972706,-1.183370013067623
1038,16,2.7138627878326163,-1.3085242298109838
1038,17,2.706675950977741,-1.3328240372494293
1038,18,2.573801925211097,-1.310563836184015
1038,19,2.568005936715087,-1.2473730309173943
1039,0,2.6395677373291813,-1.3082130065520674
1039,1,2.6124250730834837,-1.467275546021938
1039,2,2.7661462089319966,-1.2726994195044485
1039,3,2.743423204417267,-1.2814798536028704
1039,4,2.675826304085543,-1.3557097987093867
1039,5,2.6342656813133045,-1.1579290981432462
1039,6,2.658672258923174,-1.3718503843456809
1039,7,2.524131650452634,-1.3700911303024728
1039,8,2.7065859859755985,-1.2115198395730051
1039,9,2.5402608482481117,-1.3433170293582042
1039,10,2.643189034740023,-1.1622186490256572
1039,11,2.725721043013925,-1.3172620213105866
1039,12,2.750552740741581,-1.3055522435788103
1039,13,2.534752035658272,-1.3201987130663717
1039,14,2.7382415892469214,-1.2038344779800687
1039,15,2.6635233038107606,-1.1845366814466831
1039,16,2.7138627878326163,-1.3085242298109838
1039,17,2.7083948767876196,-1.3338452006821326
1039,18,2.575653915722339,-1.3115978193618063
1039,19,2.5699146686504224,-1.248388136725552
1040,0,2.641405627443796,-1.3091617306421124
1040,1,2.614225197653015,-1.4681565312440537
1040,2,2.7678098908499758,-1.273787568331821
1040,3,2.7451091471607936,-1.2825567075117215
1040,4,2.6775736128052445,-1.3567060933039112
1040,5,2.6361078645210925,-1.1590618073796022
1040,6,2.6604335416546245,-1.3728321893738245
1040,7,2.526051692328533,-1.3710137861128986
1040,8,2.708313129011834,-1.212665540719521
1040,9,2.542208929679525,-1.3441807772742471
1040,10,2.6449830991948375,-1.1634087426805884
1040,11,2.727421544898373,-1.3183016719437568
1040,12,2.7522288658419862,-1.306606740489849
1040,13,2.536641339926011,-1.3212211492326074
1040,14,2.7399401407853463,-1.2049871542442427
1040,15,2.6652978977881046,-1.1857021875757858
1040,16,2.7138627878326163,-1.3085242298109838
1040,17,2.710109167702775,-1.334870250363766
1040,18,2.577504061112437,-1.3126307723916504
1040,19,2.571816849753799,-1.2494109464243122
1041,0,2.6432372627128546,-1.3101180564129329
1041,1,2.6160235287912292,-1.469036638756641
1041,2,2.7694719152656706,-1.274874633052221
1041,3,2.746793410274952,-1.283632488599175
1041,4,2.679319180825796,-1.3577013953725388
1041,5,2.637943466624403,-1.1602010837821433
1041,6,2.662193069500816,-1.3738130161631308
1041,7,2.527966239396785,-1.3719429518092872
1041,8,2.710038551172598,-1.2138101003224824
1041,9,2.544150349325857,-1.3450542787015938
1041,10,2.646775376039247,-1.1645976505231623
1041,11,2.729120352651012,-1.3193402868208222
1041,12,2.753903321006921,-1.3076601867980446
1041,13,2.5385287617763486,-1.3222425666896473
1041,14,2.741637000227027,-1.2061386822125248
1041,15,2.6670707239056726,-1.1868665326216037
1041,16,2.7138627878326163,-1.3085242298109838
1041,17,2.711821750456619,-1.3358942786608765
1041,18,2.5793523632333892,-1.3136626963075342
1041,19,2.5737126168993134,-1.2504411152943142
1042,0,2.64506276471956,-1.3110816590255745
1042,1,2.6178200682982578,-1.469915869440688
1042,2,2.771132283842769,-1.2759606147538014
1042,3,2.7484759954456917,-1.284707197942089
1042,4,2.6810630098945123,-1.3586957059115676
1042,5,2.6397726354431614,-1.161346622031404
1042,6,2.663950844223037,-1.3747928656954085
1042,7,2.5298753974634884,-1.3728783414899381
1042,8,2.71176225418504,-1.2149535195275944
1042,9,2.546085227006385,-1.3459371189789666
1042,10,2.6485658670673233,-1.1657853737434771
1042,11,2.73081746797235,-1.320377866981437
1042,12,2.755576107912516,-1.308712583557898
1042,13,2.5404143030985966,-1.3232629664599316
1042,14,2.743332169270522,-1.2072890630375959
1042,15,2.668841783938065,-1.1880297177496475
1042,16,2.715648237576117,-1.3094427521095338
1042,17,2.7135326267634494,-1.3369172865985177
1042,18,2.581198823935347,-1.3146935921424145
1042,19,2.575602104710859,-1.2514783127626907
1043,0,2.6468822534381897,-1.312052226442666
1043,1,2.619614817972438,-1.470794224176306
1043,2,2.772790998243302,-1.2770455145236312
1043,3,2.750156904357282,-1.2857808366162486
1043,4,2.682805101756968,-1.3596890259163037
1043,5,2.6415955156064554,-1.1624981294436736
1043,6,2.6657068675808224,-1.3757717389514879
1043,7,2.531779270483808,-1.37381968061068
1043,8,2.7134842397745875,-1.216095799479421
1043,9,2.548013682194596,-1.3468289001391829
1043,10,2.6503545740713492,-1.1669719135304448
1043,11,2.7325128925612003,-1.3214144134642203
1043,12,2.7572472282332323,-1.3097639318228596
1043,13,2.5422979657801834,-1.3242823495648812
1043,14,2.745022276176208,-1.2084432532381115
1043,15,2.6706075537337277,-1.1891970950104436
1043,16,2.7174270699411456,-1.3103697437979924
1043,17,2.7152417983358546,-1.3379392752007215
1043,18,2.58304344506662,-1.3157234609282193
1043,19,2.5774854454442155,-1.2525222217915708
1044,0,2.6486958471052446,-1.3130294588982823
1044,1,2.6214077796103163,-1.4716717038427283
1044,2,2.774448060127644,-1.278129333447696
1044,3,2.7518361386923145,-1.2868534056963672
1044,4,2.6845454581569985,-1.3606813563810614
1044,5,2.6434122485087235,-1.163655325416048
1044,6,2.667461141331953,-1.376749636911222
1044,7,2.533677960490644,-1.3747667055109776
1044,8,2.7152045096649506,-1.2172369413213853
1044,9,2.549935833743376,-1.3477292402115562
1044,10,2.652141498841822,-1.168157271071793
1044,11,2.7342066281146855,-1.3224499273067558
1044,12,2.7589166836418637,-1.3108142326453296
1044,13,2.544179751706657,-1.3253007170248998
1044,14,2.746710699010845,-1.209596293370371
1044,15,2.67237156404177,-1.1903633090472203
1044,16,2.7191994072061996,-1.3113048546043307
1044,17,2.7169492668847166,-1.3389602454904996
1044,18,2.5848862284736756,-1.3167523036958482
1044,19,2.579362768888978,-1.2535725382937732
1045,0,2.650503662108896,-1.3140130683901825
1045,1,2.6231989550066492,-1.4725483093183134
1045,2,2.776103471154515,-1.2792120726108995
1045,3,2.753513700131704,-1.2879249062560874
1045,4,2.6862812350384675,-1.3616776727157298
1045,5,2.645222972280099,-1.1648179408969983
1045,6,2.6692136672324587,-1.3777265605534876
1045,7,2.5355715675363393,-1.3757191629604975
1045,8,2.716923065578121,-1.2183769461957714
1045,9,2.551851799641925,-1.3486377725530014
1045,10,2.653926643167455,-1.1693414475540655
1045,11,2.7358986763282362,-1.3234844095455942
1045,12,2.7605844758095364,-1.3118634870766606
1045,13,2.546059662761687,-1.3263180698593742
1045,14,2.7483974394645454,-1.2107481845885684
1045,15,2.674133816627968,-1.1915283610273593
1045,16,2.720965370706352,-1.3122477478191548
1045,17,2.7186550341192137,-1.339980198489844
1045,18,2.5867271760011414,-1.3177801214751734
1045,19,2.581234202288373,-1.2546289705745541
1046,0,2.6523058128950483,-1.3150027781935643
1046,1,2.624988345954405,-1.4734240414805442
1046,2,2.777757232980984,-1.2802937330970647
1046,3,2.755189590354692,-1.2889953393679823
1046,4,2.6880152823477124,-1.362672996295467
1046,5,2.647027821769393,-1.1659857178813058
1046,6,2.6709644470366194,-1.3787025108561866
1046,7,2.537460189646152,-1.376676809725278
1046,8,2.718639909234375,-1.2195158152437255
1046,9,2.55376169680157,-1.3495541452068982
1046,10,2.65571000883518,-1.1705244441626244
1046,11,2.7375890388955946,-1.3245178612162531
1046,12,2.7622506064057117,-1.312911696167157
1046,13,2.5479377008270663,-1.3273344090866754
1046,14,2.7500824992257384,-1.211898928045748
1046,15,2.6758943132563378,-1.1926922521170786
1046,16,2.7227250806440493,-1.3131980997465984
1046,17,2.72035910174682,-1.340999135219729
1046,18,2.588566289491808,-1.318806915295042
1046,19,2.5830998702751775,-1.255691238798305
1047,0,2.654102411888464,-1.3159983223954923
1047,1,2.6267759542447653,-1.4742989012060292
1047,2,2.779409347262468,-1.2813743159889348
1047,3,2.7568638110388455,-1.2900647061035564
1047,4,2.689747601820516,-1.3636673281165925
1047,5,2.6488269285383255,-1.167158408928247
1047,6,2.6727134824969676,-1.3796774887962457
1047,7,2.5393439227823147,-1.3776394121526774
1047,8,2.720355042352274,-1.2206535496052566
1047,9,2.55566564086789,-1.3504780202887596
1047,10,2.6574915976301474,-1.1717062620816503
1047,11,2.739277717508815,-1.3255502833532187
1047,12,2.7639150770981886,-1.3139588609660773
1047,13,2.5498138677827127,-1.32834973572416
1047,14,2.7517658799811704,-1.2130485248938052
1047,15,2.677653055689139,-1.1938549834814345
1047,16,2.724478655922424,-1.31415559917736
1047,17,2.7220614714733093,-1.3420170567001108
1047,18,2.5904035707866297,-1.3198326861832752
1047,19,2.5849598948221115,-1.2567590744791277
1048,0,2.655893569427541,-1.3169994454491762
1048,1,2.6285617816671283,-1.475172889370504
1048,2,2.7810598156527346,-1.2824538223681745
1048,3,2.758536363860061,-1.291133007533247
1048,4,2.691478195190933,-1.3646606691744338
1048,5,2.650620420865748,-1.1683357767019587
1048,6,2.674460775364289,-1.380651495349619
1048,7,2.5412228608176166,-1.3786067457743023
1048,8,2.7220684666486687,-1.2217901504192379
1048,9,2.557563746056775,-1.3514090733977522
1048,10,2.6592714113357294,-1.1728869024941442
1048,11,2.7409647138582667,-1.3265816769899463
1048,12,2.7655778895531036,-1.3150049825216343
1048,13,2.5516881655066714,-1.3293640507881712
1048,14,2.7534475834159076,-1.2141969762834877
1048,15,2.679410045686874,-1.195016556284322
1048,16,2.726226213999172,-1.3151199468831396
1048,17,2.7237621450027554,-1.3430339639499302
1048,18,2.592239021724727,-1.320857435166671
1048,19,2.586814395205219,-1.257832219994248
1049,0,2.6576793937114305,-1.3180059017472943
1049,1,2.6303458300091087,-1.4760460068488317
1049,2,2.7827086398039045,-1.2835322533153706
1049,3,2.760207250492566,-1.292200244726425
1049,4,2.6932070641912875,-1.3656530204633262
1049,5,2.652408423760711,-1.169517593532956
1049,6,2.676206327387626,-1.3816245314912878
1049,7,2.5430999266165095,-1.3795731155125037
1049,8,2.723780183838698,-1.222925618823408
1049,9,2.5594561250122285,-1.352346993053118
1049,10,2.661049451733521,-1.1740663665819282
1049,11,2.7426500296326344,-1.3276120431588623
1049,12,2.7672390454349336,-1.316050061880997
1049,13,2.553560595875116,-1.3303773552940392
1049,14,2.7551276112133363,-1.2153442833643961
1049,15,2.681165285008292,-1.196176971688477
1049,16,2.7279678707591977,-1.3160908551317374
1049,17,2.725461124037534,-1.3440498579871123
1049,18,2.594072644143388,-1.3218811632710041
1049,19,2.5886634879788804,-1.25891042811926
1050,0,2.6594599907583123,-1.319017455213581
1050,1,2.632128101056541,-1.4769182545150037
1050,2,2.7843558213664523,-1.2846096099100335
1050,3,2.7618734447422058,-1.2932711444638945
1050,4,2.69493421055218,-1.3666443829766142
1050,5,2.652408423760711,-1.169517593532956
1050,6,2.677950140314278,-1.3825965981952626
1050,7,2.544975122057938,-1.3805385223346187
1050,8,2.725490195635793,-1.2240599559543717
1050,9,2.5594561250122285,-1.352346993053118
1050,10,2.662825720603343,-1.175244655525647
1050,11,2.7443307532667798,-1.32864613286261
1050,12,2.768898546406497,-1.3170941000902905
1050,13,2.5554311607623514,-1.331389650256083
1050,14,2.756805965055166,-1.2164904472849865
1050,15,2.682918775410389,-1.197336230855476
1050,16,2.7297037404043656,-1.3170680472220693
1050,17,2.7271584102783253,-1.3450647398285678
1050,18,2.595904439878071,-1.3229038715210273
1050,19,2.59050728696122,-1.2599934615842334
1051,0,2.661235464373725,-1.3200338789119184
1051,1,2.6339085965934803,-1.4777896332421407
1051,2,2.7860013619892086,-1.2856858932305981
1051,3,2.763537978757047,-1.2943409771318968
1051,4,2.6966596360024857,-1.3676347577066528
1051,5,2.652408423760711,-1.169517593532956
1051,6,2.679692215889803,-1.3835676964345829
1051,7,2.5468484490189747,-1.3815029672070203
1051,8,2.727198503751677,-1.2251931629476016
1051,9,2.5594561250122285,-1.352346993053118
1051,10,2.664600219723242,-1.176421770504769
1051,11,2.7460098021922503,-1.3296791921774456
1051,12,2.770556394128956,-1.3181370981945983
1051,13,2.5572998620408147,-1.3324009366876104
1051,14,2.756805965055166,-1.2164904472849865
1051,15,2.6846705186484106,-1.1984943349457389
1051,16,2.7314339353588437,-1.3180512570383733
1051,17,2.7288540054241137,-1.3460786104901945
1051,18,2.5977344107624045,-1.3239255609404725
1051,19,2.5923459032287854,-1.261081092649748
1052,0,2.663005916127953,-1.3210549546721977
1052,1,2.6356873184022036,-1.4786601439024938
1052,2,2.787645263319361,-1.2867611043544254
1052,3,2.7652008542032895,-1.2954097438013357
1052,4,2.6966596360024857,-1.3676347577066528
1052,5,2.652408423760711,-1.169517593532956
1052,6,2.681432555858021,-1.3845378271813191
1052,7,2.548719909374822,-1.3824664510951188
1052,8,2.7289051098963677,-1.2263252409374392
1052,9,2.5594561250122285,-1.352346993053118
1052,10,2.666372950869493,-1.1775977126975876
1052,11,2.7476871780897762,-1.3307112221374624
1052,12,2.772212590261818,-1.3191790572379627
1052,13,2.559166701581078,-1.3334112156009206
1052,14,2.756805965055166,-1.2164904472849865
1052,15,2.6864205164758532,-1.1996512851185288
1052,16,2.7331585661886275,-1.3190402286228846
1052,17,2.730547911172192,-1.3470914709868782
1052,18,2.5995625586281914,-1.3249462325520518
1052,19,2.5941826875434075,-1.2621676400258777
1053,0,2.6647714453415596,-1.322080472732238
1053,1,2.637464268263214,-1.479529787367445
1053,2,2.789287527002456,-1.2878352443578025
1053,3,2.7668620727454734,-1.2964774455420474
1053,4,2.6966596360024857,-1.3676347577066528
1053,5,2.652408423760711,-1.169517593532956
1053,6,2.6831711619610132,-1.385506991406573
1053,7,2.550589504998813,-1.3834289749633626
1053,8,2.73061001577818,-1.2274561910570956
1053,9,2.5594561250122285,-1.352346993053118
1053,10,2.668143915816602,-1.1787724832812219
1053,11,2.749362882638412,-1.3317422237757235
1053,12,2.773867136462937,-1.3202199782633854
1053,13,2.561031681251849,-1.3344204880073034
1053,14,2.756805965055166,-1.2164904472849865
1053,15,2.688168770644467,-1.2008070825319541
1053,16,2.7348777415339565,-1.3200347157662715
1053,17,2.7322401292181615,-1.348103322332493
1053,18,2.60138888530541,-1.3259658873774587
1053,19,2.596017641743709,-1.2632531048002575
1054,0,2.666532149078216,-1.323110231395077
1054,1,2.639236983288171,-1.4804035825942385
1054,2,2.7909251388422986,-1.2889129111807487
1054,3,2.76852163604648,-1.2975440834228025
1054,4,2.6966596360024857,-1.3676347577066528
1054,5,2.652408423760711,-1.169517593532956
1054,6,2.6849080359391264,-1.3864751900804788
1054,7,2.552457237762415,-1.3843905397752392
1054,8,2.7323132231037266,-1.2285860144386527
1054,9,2.5594561250122285,-1.352346993053118
1054,10,2.669913116337306,-1.1799460834316184
1054,11,2.749362882638412,-1.3317422237757235
1054,12,2.7755200343885154,-1.3212598623128295
1054,13,2.5628948029199745,-1.3354287549170416
1054,14,2.756805965055166,-1.2164904472849865
1054,15,2.6899152829042556,-1.201961728342969
1054,16,2.736591568053439,-1.3210344816151423
1054,17,2.733930661255934,-1.349114165539903
1054,18,2.603210338546456,-1.3269899774975797
1054,19,2.597850767666481,-1.264337488059439
1055,0,2.66829109869147,-1.3241389641478032
1055,1,2.6410079319450963,-1.4812765071543244
1055,2,2.792561118930772,-1.2899895041934846
1055,3,2.7701795457675344,-1.2986096585113067
1055,4,2.6966596360024857,-1.3676347577066528
1055,5,2.652408423760711,-1.169517593532956
1055,6,2.6866431795309733,-1.3874424241722045
1055,7,2.5543231095352303,-1.3853511464932757
1055,8,2.734014733577919,-1.2297147122130652
1055,9,2.5594561250122285,-1.352346993053118
1055,10,2.671680554202578,-1.1811185143235523
1055,11,2.749362882638412,-1.3317422237757235
1055,12,2.7771712856931052,-1.32229871042722
1055,13,2.564756068450441,-1.3364360173394114
1055,14,2.756805965055166,-1.2164904472849865
1055,15,2.6916600550034797,-1.2031152237073752
1055,16,2.7383001503787945,-1.3220392982959466
1055,17,2.735619508977734,-1.3501240016209635
1055,18,2.605029976827978,-1.328013047178595
1055,19,2.597850767666481,-1.264337488059439
1056,0,2.6700482959420317,-1.3251666720201787
1056,1,2.6427771160067115,-1.4821485619215007
1056,2,2.7941954689054933,-1.2910650244736808
1056,3,2.771835803568205,-1.2996741718742015
1056,4,2.6966596360024857,-1.3676347577066528
1056,5,2.652408423760711,-1.169517593532956
1056,6,2.6883765944734344,-1.3884086946499523
1056,7,2.5561871221849986,-1.3863107960790404
1056,8,2.7357145489039714,-1.2308422855101604
1056,9,2.5594561250122285,-1.352346993053118
1056,10,2.6734462311816234,-1.1822897771306278
1056,11,2.749362882638412,-1.3317422237757235
1056,12,2.778820892029611,-1.3233365236464447
1056,13,2.566615479706377,-1.3374422762826836
1056,14,2.756805965055166,-1.2164904472849865
1056,15,2.6934030886886577,-1.2042675697798226
1056,16,2.740003591079205,-1.3230489465546131
1056,17,2.7373066740740994,-1.3511328315865212
1056,18,2.606847801971436,-1.329035097444598
1056,19,2.597850767666481,-1.264337488059439
1057,0,2.6718037425888572,-1.32619335604094
1057,1,2.6445445372439713,-1.483019747768695
1057,2,2.795828190402449,-1.2921394730979343
1057,3,2.7734904111064083,-1.3007376245770659
1057,4,2.6966596360024857,-1.3676347577066528
1057,5,2.652408423760711,-1.169517593532956
1057,6,2.6901082825016593,-1.38937400248096
1057,7,2.5580492775775983,-1.3872694894931434
1057,8,2.7374126707834003,-1.2319687354586404
1057,9,2.5594561250122285,-1.352346993053118
1057,10,2.6752101490418876,-1.18345987302528
1057,11,2.749362882638412,-1.3317422237757235
1057,12,2.780465960724421,-1.3243778893607574
1057,13,2.5684730385490555,-1.3384475327541243
1057,14,2.756805965055166,-1.2164904472849865
1057,15,2.6951443857045683,-1.205418767713811
1057,16,2.741701990634365,-1.3240632154112875
1057,17,2.7389921582338843,-1.352140656446416
1057,18,2.6086638157964748,-1.3300561293186621
1057,19,2.597850767666481,-1.264337488059439
1058,0,2.67355744038915,-1.3272190172377991
1058,1,2.6463101974260663,-1.4838900655679654
1058,2,2.7974592850559947,-1.293212851141769
1058,3,2.7751433700384074,-1.301800017684417
1058,4,2.6966596360024857,-1.3676347577066528
1058,5,2.652408423760711,-1.169517593532956
1058,6,2.6918382453490697,-1.3903383486315015
1058,7,2.5599095775770486,-1.388227227695238
1058,8,2.7391091009160276,-1.2330940631860827
1058,9,2.5594561250122285,-1.352346993053118
1058,10,2.6769723095490536,-1.1846288031787764
1058,11,2.749362882638412,-1.3317422237757235
1058,12,2.782109390241286,-1.325418217438334
1058,13,2.570328746837894,-1.339451787759996
1058,14,2.756805965055166,-1.2164904472849865
1058,15,2.6968839477942512,-1.2065688186616905
1058,16,2.7433954474153777,-1.3250819018295468
1058,17,2.74067596314426,-1.3531474772094816
1058,18,2.610478020120926,-1.3310761438228416
1058,19,2.597850767666481,-1.264337488059439
1059,0,2.675309391098364,-1.3282436566374438
1059,1,2.648074098320424,-1.484759516190501
1059,2,2.799088754498858,-1.2942851596796379
1059,3,2.776794682018816,-1.3028613522597117
1059,4,2.6966596360024857,-1.3676347577066528
1059,5,2.652408423760711,-1.169517593532956
1059,6,2.69356648474736,-1.3913017340668883
1059,7,2.5617680240455116,-1.389184011644021
1059,8,2.740803840999981,-1.2342182698189414
1059,9,2.5594561250122285,-1.352346993053118
1059,10,2.678732714467046,-1.1857965687612169
1059,11,2.749362882638412,-1.3317422237757235
1059,12,2.783751182225281,-1.326457508920544
1059,13,2.572182606430459,-1.3404550423055592
1059,14,2.756805965055166,-1.2164904472849865
1059,15,2.69862177669901,-1.2077177237746632
1059,16,2.745084057672724,-1.3261048103994966
1059,17,2.7423580904907165,-1.3541532948835464
1059,18,2.6122904167608096,-1.3320951419781715
1059,19,2.597850767666481,-1.264337488059439
1060,0,2.677059596470203,-1.329267275265539
1060,1,2.649836241692711,-1.4856281005066223
1060,2,2.8007166003621387,-1.2953563997849222
1060,3,2.778444348700599,-1.3039216293653466
1060,4,2.6966596360024857,-1.3676347577066528
1060,5,2.652408423760711,-1.169517593532956
1060,6,2.6952930024265,-1.3922641597514702
1060,7,2.5636246188432943,-1.390139842297234
1060,8,2.7424968927316975,-1.2353413564825486
1060,9,2.5594561250122285,-1.352346993053118
1060,10,2.680491365558032,-1.1869631709415362
1060,11,2.749362882638412,-1.3317422237757235
1060,12,2.7853913383198416,-1.327495764847719
1060,13,2.5740346191824655,-1.3414572973950727
1060,14,2.756805965055166,-1.2164904472849865
1060,15,2.7003578741584136,-1.2088654842027842
1060,16,2.746767915530593,-1.3271317530341666
1060,17,2.744038541957065,-1.355158110475435
1060,18,2.6141010075303366,-1.3331131248046701
1060,19,2.597850767666481,-1.264337488059439
1061,0,2.6788080582566245,-1.3302898741467282
1061,1,2.6515966293068343,-1.4864958193857833
1061,2,2.802342824275313,-1.2964265725299349
1061,3,2.7800923717350745,-1.3049808500626603
1061,4,2.6966596360024857,-1.3676347577066528
1061,5,2.652408423760711,-1.169517593532956
1061,6,2.6970178001147347,-1.3932256266486363
1061,7,2.5654793638288496,-1.3910947206116644
1061,8,2.7441882578059236,-1.2364633243011152
1061,9,2.5594561250122285,-1.352346993053118
1061,10,2.680491365558032,-1.1869631709415362
1061,11,2.749362882638412,-1.3317422237757235
1061,12,2.787029860166766,-1.3285329862591546
1061,13,2.57588478694778,-1.3424585540317946
1061,14,2.756805965055166,-1.2164904472849865
1061,15,2.702092241910296,-1.210012101094963
1061,16,2.7484471129869243,-1.328162548678649
1061,17,2.74571731922544,-1.3561619249909689
1061,18,2.6159097942419103,-1.3341300933213394
1061,19,2.597850767666481,-1.264337488059439
1062,0,2.6805547782078403,-1.3313114543046336
1062,1,2.6533552629249435,-1.4873626736965715
1062,2,2.803967427866232,-1.2974956789859196
1062,3,2.781738752771915,-1.3060390154119337
1062,4,2.6966596360024857,-1.3676347577066528
1062,5,2.6542771345484684,-1.1705627810387684
1062,6,2.698740879538589,-1.3941861357208156
1062,7,2.5673322608587794,-1.3920486475431462
1062,8,2.7458779379157168,-1.2375841743977318
1062,9,2.5594561250122285,-1.352346993053118
1062,10,2.680491365558032,-1.1869631709415362
1062,11,2.749362882638412,-1.3317422237757235
1062,12,2.788666749406215,-1.3295691741931102
1062,13,2.5777331115784223,-1.3434588132179839
1062,14,2.756805965055166,-1.2164904472849865
1062,15,2.703824881690762,-1.2111575755989639
1062,16,2.7501246376090793,-1.329192317433663
1062,17,2.747394423976298,-1.357164739434967
1062,18,2.6177167787061277,-1.3351460485461657
1062,19,2.597850767666481,-1.264337488059439
1063,0,2.682299758072319,-1.3323320167618582
1063,1,2.655112144307433,-1.4882286643067089
1063,2,2.8055904127611258,-1.2985637202230529
1063,3,2.7833834934591497,-1.3070961264723913
1063,4,2.6966596360024857,-1.3676347577066528
1063,5,2.6561380951814746,-1.171617425985354
1063,6,2.700462242422867,-1.395145687929479
1063,7,2.5691833117878353,-1.3930016240465615
1063,8,2.747565934752449,-1.2387039078943707
1063,9,2.5613975366077075,-1.35317334289099
1063,10,2.680491365558032,-1.1869631709415362
1063,11,2.749362882638412,-1.3317422237757235
1063,12,2.790302007676717,-1.3306043296868109
1063,13,2.5795795949245672,-1.344458075954901
1063,14,2.758574034729998,-1.2174885784729756
1063,15,2.705555795234186,-1.2123019088614082
1063,16,2.7518004910762612,-1.3302210603300082
1063,17,2.749069857888423,-1.358166554811248
1063,18,2.619521962731782,-1.3361609914961212
1063,19,2.597850767666481,-1.264337488059439
1064,0,2.6840429995967874,-1.3333515625399859
1064,1,2.6568672752129427,-1.4890937920830527
1064,2,2.8072117805846037,-1.2996306973104454
1064,3,2.7850265954431657,-1.3081521843022021
1064,4,2.6966596360024857,-1.3676347577066528
1064,5,2.65799146825632,-1.1726811092957363
1064,6,2.7021818904906545,-1.396104284235139
1064,7,2.571032518468921,-1.3939536510758403
1064,8,2.749252250005807,-1.239822525911886
1064,9,2.563332077134275,-1.354010432495538
1064,10,2.680491365558032,-1.1869631709415362
1064,11,2.749362882638412,-1.3317422237757235
1064,12,2.7919356366151677,-1.3316384537764485
1064,13,2.581421233470226,-1.3454618768315063
1064,14,2.7603346859469444,-1.2184957142150363
1064,15,2.707284984273213,-1.2134451020277748
1064,16,2.753474675066001,-1.3312487783974571
1064,17,2.750743622638926,-1.35916737212263
1064,18,2.6213253481258643,-1.3371749231871648
1064,19,2.597850767666481,-1.264337488059439
1065,0,2.6857815574249466,-1.334375115031044
1065,1,2.65862065739836,-1.489958057891597
1065,2,2.8088315329596565,-1.300696611316142
1065,3,2.7866680603687093,-1.3092071899584814
1065,4,2.6984506926052036,-1.3684962494550044
1065,5,2.6598374145586945,-1.1737534293116803
1065,6,2.7038971247206716,-1.3970667545386333
1065,7,2.572879882753094,-1.3949047295839632
1065,8,2.750936885363793,-1.2409400295700155
1065,9,2.5652598619958202,-1.3548578126735626
1065,10,2.680491365558032,-1.1869631709415362
1065,11,2.749362882638412,-1.3317422237757235
1065,12,2.7935676378568304,-1.3326715474971822
1065,13,2.5832610369450357,-1.3464646774870141
1065,14,2.762088064580852,-1.2195114729456324
1065,15,2.709012450538764,-1.2145871562424009
1065,16,2.755144302193016,-1.3322801642490627
1065,17,2.7524157199032473,-1.360167192370932
1065,18,2.6213253481258643,-1.3371749231871648
1065,19,2.597850767666481,-1.264337488059439
1066,0,2.6857815574249466,-1.334375115031044
1066,1,2.660372292618823,-1.4908214625974725
1066,2,2.810449671507658,-1.3017614633071237
1066,3,2.788307889878889,-1.310261144497291
1066,4,2.7002355362036283,-1.3693660696715553
1066,5,2.6616760928291283,-1.1748340010334577
1066,6,2.705610649850959,-1.3980282658140795
1066,7,2.5747254064895686,-1.3958548605229602
1066,8,2.7526166090237996,-1.2420612792099968
1066,9,2.5671810071791548,-1.3557150521782686
1066,10,2.680491365558032,-1.1869631709415362
1066,11,2.749362882638412,-1.3317422237757235
1066,12,2.7951980130353404,-1.3337036118831398
1066,13,2.585099007190641,-1.347466478925229
1066,14,2.763834315226539,-1.2205354882714872
1066,15,2.710738195760034,-1.215728072648484
1066,16,2.7568122656676977,-1.3333105224056516
1066,17,2.7540861513551578,-1.361166016556975
1066,18,2.6213253481258643,-1.3371749231871648
1066,19,2.597850767666481,-1.264337488059439
1067,0,2.6857815574249466,-1.334375115031044
1067,1,2.6621221826277197,-1.4916840070649482
1067,2,2.8120661978483668,-1.3028252543493084
1067,3,2.7899460856151754,-1.31131404897364
1067,4,2.7020142754452934,-1.3702438805862878
1067,5,2.6635076595604774,-1.1759224553929368
1067,6,2.7073224675967564,-1.3989888190239512
1067,7,2.576569091525715,-1.3968040448439134
1067,8,2.754294658963269,-1.2431814116075446
1067,9,2.5690956288947273,-1.3565817369707502
1067,10,2.680491365558032,-1.1869631709415362
1067,11,2.751106164706944,-1.3326500825521996
1067,12,2.796826763782705,-1.3347346479674187
1067,13,2.586935146046852,-1.3484672821489552
1067,14,2.765573580980403,-1.2215674083393075
1067,15,2.7124622216644956,-1.2168678523880827
1067,16,2.7584785671596794,-1.3343398538986133
1067,17,2.755754918666761,-1.3621638456805831
1067,18,2.6213253481258643,-1.3371749231871648
1067,19,2.599765767790645,-1.2652648376865698
1068,0,2.6857815574249466,-1.334375115031044
1068,1,2.6638703291766914,-1.492545692157432
1068,2,2.8136811135999267,-1.303887985507552
1068,3,2.7915826492174043,-1.3123659044414868
1068,4,2.703787018360897,-1.3711293572736627
1068,5,2.6653322688241694,-1.1770184385587408
1068,6,2.7090325796715957,-1.3999484151297632
1068,7,2.578410939707064,-1.3977522834969573
1068,8,2.7559710368619315,-1.2443004278839127
1068,9,2.5710038432556055,-1.3574574695105956
1068,10,2.680491365558032,-1.1869631709415362
1068,11,2.7528431397414344,-1.3335657950084046
1068,12,2.796826763782705,-1.3347346479674187
1068,13,2.5887694553516454,-1.3494670881599975
1068,14,2.7673060032489682,-1.2226068952297138
1068,15,2.7141845299779,-1.2180064966021174
1068,16,2.7601432083369306,-1.3353681597583096
1068,17,2.7574220235084943,-1.3631606807405843
1068,18,2.6213253481258643,-1.3371749231871648
1068,19,2.601673404343752,-1.266202496580097
1069,0,2.6857815574249466,-1.334375115031044
1069,1,2.665616734015635,-1.4934065187374714
1069,2,2.81529442037887,-1.3049496578456494
1069,3,2.793217582323777,-1.31341671195374
1069,4,2.7055538721786534,-1.372022187143425
1069,5,2.667150072122477,-1.1781216112722335
1069,6,2.7107409877873003,-1.4009070550920721
1069,7,2.5802509528773077,-1.3986995774312798
1069,8,2.7576457443978426,-1.2454183291592376
1069,9,2.5729057659914276,-1.3583418680748087
1069,10,2.680491365558032,-1.1869631709415362
1069,11,2.754573922574415,-1.3344890410760892
1069,12,2.796826763782705,-1.3347346479674187
1069,13,2.590601936941167,-1.3504658979591628
1069,14,2.7690317215819853,-1.2236536243764775
1069,15,2.7159051224242803,-1.219144006430372
1069,16,2.7618061908657587,-1.3363954410140755
1069,17,2.7590874675491315,-1.3641565227348111
1069,18,2.6213253481258643,-1.3371749231871648
1069,19,2.6035738161024535,-1.2671500219085647
1070,0,2.6857815574249466,-1.334375115031044
1070,1,2.6673613988927034,-1.4942664876667549
1070,2,2.816906119800119,-1.3060102724263358
1070,3,2.7948508865708637,-1.3144664725622592
1070,4,2.7073149431596866,-1.372922069451426
1070,5,2.668961218264324,-1.1792316482131056
1070,6,2.712447693653989,-1.4018647398704775
1070,7,2.5820891328783007,-1.399645927595123
1070,8,2.7593187832473864,-1.2465351165525391
1070,9,2.5748015121942904,-1.359234566104216
1070,10,2.680491365558032,-1.1869631709415362
1070,11,2.7562986270240355,-1.335419512828623
1070,12,2.796826763782705,-1.3347346479674187
1070,13,2.592432592649732,-1.3514637125462607
1070,14,2.770750873527891,-1.2247072840101751
1070,15,2.7176240007259507,-1.2202803830114952
1070,16,2.763467516410811,-1.3374216986942207
1070,17,2.760751252455784,-1.3651513726601028
1070,18,2.6213253481258643,-1.3371749231871648
1070,19,2.6054671413827983,-1.2681069888984524
1071,0,2.6857815574249466,-1.334375115031044
1071,1,2.669104325554308,-1.495125599806112
1071,2,2.818516213476986,-1.3070698303112873
1071,3,2.796482563593603,-1.3155151873178554
1071,4,2.7090703364526743,-1.373828714829816
1071,5,2.67076585326234,-1.1803482373933532
1071,6,2.7141526989800755,-1.4028214704236228
1071,7,2.583925481550063,-1.4005913349357844
1071,8,2.7609901550852762,-1.247650791181723
1071,9,2.576691196093788,-1.3601352115764997
1071,10,2.680491365558032,-1.1869631709415362
1071,11,2.7580173657386196,-1.336356913998559
1071,12,2.796826763782705,-1.3347346479674187
1071,13,2.594261424309829,-1.3524605329201047
1071,14,2.7724635945096057,-1.2257675746253627
1071,15,2.7193411666035106,-1.221415627483001
1071,16,2.7651271866350755,-1.33844693382603
1071,17,2.7624133798939017,-1.3661452315123048
1071,18,2.6213253481258643,-1.3371749231871648
1071,19,2.607353517726456,-1.2690729900689168
1072,0,2.6857815574249466,-1.334375115031044
1072,1,2.6708455157451194,-1.4959838560155148
1072,2,2.8201247030211767,-1.3081283325611224
1072,3,2.798112615025306,-1.3165628572702932
1072,4,2.7108201559661045,-1.3747418448359638
1072,5,2.672564120249074,-1.181471079578468
1072,6,2.715856005472272,-1.403777247709196
1072,7,2.5857600007307817,-1.4015358003996174
1072,8,2.762659861584557,-1.2487653541635804
1072,9,2.5785749308586294,-1.3610434664049877
1072,10,2.680491365558032,-1.1869631709415362
1072,11,2.7597302500598877,-1.3373009595143963
1072,12,2.796826763782705,-1.3347346479674187
1072,13,2.5960884337521204,-1.3534563600785128
1072,14,2.774170017718821,-1.2268342084703894
1072,15,2.721056621775844,-1.2225497409812702
1072,16,2.766785203199884,-1.3394711474357652
1072,17,2.764073851527276,-1.367138100286271
1072,18,2.6213253481258643,-1.3371749231871648
1072,19,2.6092330816234672,-1.2700476344982963
1073,0,2.6857815574249466,-1.334375115031044
1073,1,2.6725849712080714,-1.4968412571540788
1073,2,2.82173159004279,-1.3091857802354028
1073,3,2.7997410424976548,-1.3176094834682912
1073,4,2.7125645042566253,-1.3756611915194545
1073,5,2.674356159410456,-1.1825998877346875
1073,6,2.7175576148355898,-1.4047320726839316
1073,7,2.587592692256812,-1.4024793249320333
1073,8,2.7643279044166063,-1.2498788066137898
1073,9,2.5804528284224775,-1.3619590058623188
1073,10,2.6823334058124413,-1.1879887596264864
1073,11,2.761437389903253,-1.3382513750558922
1073,12,2.796826763782705,-1.3347346479674187
1073,13,2.5979136228054442,-1.354451195018309
1073,14,2.775870274027064,-1.2279069090589811
1073,15,2.722770367960124,-1.2236827246415516
1073,16,2.768441567764913,-1.340494340548665
1073,17,2.765729920416027,-1.3681345623387375
1073,18,2.6213253481258643,-1.3371749231871648
1073,19,2.6111059682682516,-1.271030547121356
1074,0,2.6857815574249466,-1.334375115031044
1074,1,2.6743226936843603,-1.4976978040800633
1074,2,2.823336876150322,-1.3102421743926347
1074,3,2.801367847640708,-1.3186550669595234
1074,4,2.7143034824320886,-1.3765864970065278
1074,5,2.6761421079347696,-1.1837343865011833
1074,6,2.719257528773342,-1.40568594630361
1074,7,2.5894235579626805,-1.4034219094775007
1074,8,2.765994285251137,-1.2509911496469186
1074,9,2.5823249993318464,-1.362881518028106
1074,10,2.6841677899823906,-1.189023754031064
1074,11,2.761437389903253,-1.3382513750558922
1074,12,2.796826763782705,-1.3347346479674187
1074,13,2.5979136228054442,-1.354451195018309
1074,14,2.7775644919119857,-1.2289854107027367
1074,15,2.7244824068718114,-1.2248145795979628
1074,16,2.770096281988185,-1.3415165141889462
1074,17,2.767384339167088,-1.3691300314979737
1074,18,2.6213253481258643,-1.3371749231871648
1074,19,2.6129723113458865,-1.272021368056236
1075,0,2.6857815574249466,-1.334375115031044
1075,1,2.676058684913448,-1.4985534976508725
1075,2,2.824940562950665,-1.3112975160902698
1075,3,2.802993032082898,-1.3196996087906196
1075,4,2.716037190068001,-1.3775175131013238
1075,5,2.677922099975543,-1.1848743116861007
1075,6,2.7209557489871434,-1.4066388695230596
1075,7,2.591252599681085,-1.4043635549795477
1075,8,2.7676590057561983,-1.252102384376423
1075,9,2.5841915526140613,-1.3638107032597229
1075,10,2.6859946749240393,-1.1900677433945175
1075,11,2.761437389903253,-1.3382513750558922
1075,12,2.796826763782705,-1.3347346479674187
1075,13,2.5979136228054442,-1.354451195018309
1075,14,2.779252797397426,-1.2300694580637002
1075,15,2.7261927402246595,-1.2259453069834918
1075,16,2.77174934752607,-1.3425376693798061
1075,17,2.769037109436535,-1.3701245087604452
1075,18,2.6213253481258643,-1.3371749231871648
1075,19,2.6148322428458934,-1.2730197519600515
1076,0,2.6857815574249466,-1.334375115031044
1076,1,2.6777929466330637,-1.4994083387230568
1076,2,2.826542652049112,-1.312351806384706
1076,3,2.804616597451037,-1.3207431100071676
1076,4,2.7177657251361906,-1.3784540009033135
1076,5,2.6796962666269044,-1.186019409785396
1076,6,2.722652277176915,-1.4075908432961575
1076,7,2.5930798192428983,-1.4053042623807626
1076,8,2.7693220675981762,-1.25321251191465
1076,9,2.586052595663453,-1.3647462736853473
1076,10,2.6878142159260734,-1.1911203338028387
1076,11,2.761437389903253,-1.3382513750558922
1076,12,2.796826763782705,-1.3347346479674187
1076,13,2.5979136228054442,-1.354451195018309
1076,14,2.7809353140059434,-1.2311588057261957
1076,15,2.7279013697307133,-1.2270749079299978
1076,16,2.773400766033289,-1.343557807143422
1076,17,2.770688232878792,-1.3711179951216246
1076,18,2.6213253481258643,-1.3371749231871648
1076,19,2.6166858929010153,-1.2740253674121043
1077,0,2.6857815574249466,-1.334375115031044
1077,1,2.679525480579205,-1.5002623281523126
1077,2,2.828143145049355,-1.313405046331289
1077,3,2.8062385453703147,-1.3217855716537128
1077,4,2.719489183944603,-1.379395730440305
1077,5,2.68146473591008,-1.187169437523457
1077,6,2.7243471150408824,-1.4085418685758304
1077,7,2.5949052184771686,-1.4062440326227943
1077,8,2.770983472441798,-1.2543215333728386
1077,9,2.587908234144109,-1.3656879527184105
1077,10,2.6896265664733314,-1.1921811474640684
1077,11,2.761437389903253,-1.3382513750558922
1077,12,2.796826763782705,-1.3347346479674187
1077,13,2.5979136228054442,-1.354451195018309
1077,14,2.7826121627226046,-1.2322532177871273
1077,15,2.7296082971003126,-1.2282033835682127
1077,16,2.7750505391629128,-1.3445769285009528
1077,17,2.7723377111466356,-1.3721104915759927
1077,18,2.6213253481258643,-1.3371749231871648
1077,19,2.618533389648669,-1.275037896323663
1078,0,2.6857815574249466,-1.334375115031044
1078,1,2.6812562884861397,-1.5011154667934843
1078,2,2.8297420435534892,-1.314457236984313
1078,3,2.807858877464303,-1.3228269947737605
1078,4,2.7212076610872065,-1.3803424803164261
1078,5,2.6832276327698303,-1.188324161414525
1078,6,2.7260402642755803,-1.4094919463140556
1078,7,2.5967287992111228,-1.4071828666463537
1078,8,2.772643221950131,-1.25542944986112
1078,9,2.589758571907647,-1.3666354745926157
1078,10,2.691431878041219,-1.193249822014771
1078,11,2.761437389903253,-1.3382513750558922
1078,12,2.796826763782705,-1.3347346479674187
1078,13,2.5979136228054442,-1.354451195018309
1078,14,2.784283461968915,-1.2333524674639738
1078,15,2.731313524042094,-1.2293307350277414
1078,16,2.7766986685663664,-1.3455950344725398
1078,17,2.7739855458911946,-1.3731019991170395
1078,18,2.623187871550688,-1.338070879501504
1078,19,2.6203748591129497,-1.2760570333732855
1079,0,2.6875835431557284,-1.33527787916714
1079,1,2.6829853720864087,-1.5019677555005646
1079,2,2.831339349162014,-1.315508379397022
1079,3,2.807858877464303,-1.3228269947737605
1079,4,2.722921249403096,-1.3812940373745028
1079,5,2.684985079079721,-1.189483357343975
1079,6,2.7277317265758527,-1.4104410774618619
1079,7,2.5985505632701664,-1.4081207653912147
1079,8,2.7743013177845866,-1.2565362624885201
1079,9,2.5916037109245855,-1.3675885839167077
1079,10,2.6932302999180804,-1.1943260098565482
1079,11,2.761437389903253,-1.3382513750558922
1079,12,2.796826763782705,-1.3347346479674187
1079,13,2.5979136228054442,-1.354451195018309
1079,14,2.785949327585888,-1.234456336719732
1079,15,2.733013753394137,-1.23046193747638
1079,16,2.778345155893429,-1.3466121260773083
1079,17,2.7756317387619536,-1.3740925187372648
1079,18,2.62504401173892,-1.3389753299006495
1079,19,2.622210425105245,-1.2770824854666742
1080,0,2.689379194519268,-1.3361887829035957
1080,1,2.684712733110826,-1.5028191951266952
1080,2,2.8329350634738333,-1.3165584746216104
1080,3,2.807858877464303,-1.3228269947737605
1080,4,2.7246300399439263,-1.3822501963722658
1080,5,2.6867371936552336,-1.1906468101685475
1080,6,2.729421503634855,-1.4113892629693303
1080,7,2.6003705124778875,-1.4090577297962146
1080,8,2.7743013177845866,-1.2565362624885201
1080,9,2.593443751228034,-1.3685470352481957
1080,10,2.6950219790529273,-1.1954093775214698
1080,11,2.761437389903253,-1.3382513750558922
1080,12,2.796826763782705,-1.3347346479674187
1080,13,2.5979136228054442,-1.354451195018309
1080,14,2.7876098728253145,-1.2355646159040854
1080,15,2.7347122885897126,-1.2315920127630027
1080,16,2.779990002792236,-1.3476282043333678
1080,17,2.777276291406753,-1.37508205142818
1080,18,2.6268938866110134,-1.339887917520598
1080,19,2.624040209141683,-1.2781139712200749
1081,0,2.691168627812692,-1.3371074894208266
1081,1,2.6864383732884822,-1.503669786524168
1081,2,2.834529188086259,-1.3176075237092246
1081,3,2.807858877464303,-1.3228269947737605
1081,4,2.726334121948903,-1.3832107596718328
1081,5,2.688487562677631,-1.1918091038972878
1081,6,2.731109597144056,-1.4123365037855955
1081,7,2.6021886486560573,-1.4099937607992559
1081,8,2.7743013177845866,-1.2565362624885201
1081,9,2.5952787908685004,-1.369510592685255
1081,10,2.696807059926141,-1.1964996050652998
1081,11,2.761437389903253,-1.3382513750558922
1081,12,2.7985264110387624,-1.3356400002291804
1081,13,2.5979136228054442,-1.354451195018309
1081,14,2.789265208348381,-1.2366771034100974
1081,15,2.736409131329056,-1.2327209620188155
1081,16,2.7816332109092805,-1.3486432702578137
1081,17,2.778919205471792,-1.3760705981803083
1081,18,2.62873761311978,-1.340808299527294
1081,19,2.6258643303757743,-1.2791512204662496
1082,0,2.692951958323467,-1.3380336749027708
1082,1,2.6881622943467445,-1.5045195305444259
1082,2,2.8361217245950114,-1.3186555277099639
1082,3,2.807858877464303,-1.3228269947737605
1082,4,2.728033582826602,-1.3841755369419364
1082,5,2.6902361878990346,-1.1929702396936532
1082,6,2.7327960087932386,-1.4132828008588465
1082,7,2.6040022339157747,-1.4109341618695797
1082,8,2.7743013177845866,-1.2565362624885201
1082,9,2.597108925878736,-1.3704790294760534
1082,10,2.6985856844409692,-1.197596385487424
1082,11,2.761437389903253,-1.3382513750558922
1082,12,2.80021978387689,-1.3365530358220485
1082,13,2.5979136228054442,-1.354451195018309
1082,14,2.790915442230869,-1.2377936053457625
1082,15,2.738104283310709,-1.2338487863738978
1082,16,2.7832747818894155,-1.349657324866728
1082,17,2.7805604826016292,-1.377058159983186
1082,18,2.6305753070626507,-1.3417361465404347
1082,19,2.627682905544769,-1.280193973782087
1083,0,2.6947293001604637,-1.3389670280116626
1083,1,2.689884498011259,-1.5053684280380635
1083,2,2.837712674594221,-1.3197024876728811
1083,3,2.807858877464303,-1.3228269947737605
1083,4,2.7297285081429594,-1.385144344872375
1083,5,2.6919830710698203,-1.1941302187199416
1083,6,2.7344807402705027,-1.4142281551363276
1083,7,2.605814012058253,-1.4118736258927056
1083,8,2.7743013177845866,-1.2565362624885201
1083,9,2.598934250247625,-1.3714521276447709
1083,10,2.7003579918338163,-1.1986994241763946
1083,11,2.761437389903253,-1.3382513750558922
1083,12,2.8019069950464512,-1.3374734459574793
1083,13,2.5979136228054442,-1.354451195018309
1083,14,2.792560679974205,-1.2389139352197602
1083,15,2.7397977462315195,-1.2349754869572032
1083,16,2.7849147173758553,-1.3506703691751805
1083,17,2.7822001244391843,-1.378044737825363
1083,18,2.6324070829169455,-1.342671142080969
1083,19,2.6294960489283574,-1.2812419820369312
1084,0,2.6965007661055713,-1.339907249384065
1084,1,2.691604986005954,-1.5062164798548279
1084,2,2.8393020396764306,-1.3207484046459845
1084,3,2.807858877464303,-1.3228269947737605
1084,4,2.73141898161482,-1.3861170069001914
1084,5,2.6937282139386194,-1.1952890421372933
1084,6,2.736163793262266,-1.4151725675643394
1084,7,2.6076239848970846,-1.4128121538090381
1084,8,2.7743013177845866,-1.2565362624885201
1084,9,2.6007548559022027,-1.3724296776336122
1084,10,2.7021241186015024,-1.1998084383800376
1084,11,2.761437389903253,-1.3382513750558922
1084,12,2.803588156337267,-1.3384009333886093
1084,13,2.5979136228054442,-1.354451195018309
1084,14,2.7942010245217292,-1.2400379136407946
1084,15,2.741489521786646,-1.2361010648965596
1084,16,2.7865530190101766,-1.3516824041972293
1084,17,2.7838381326257404,-1.3790303326944051
1084,18,2.6342330536961005,-1.343612982041458
1084,19,2.631303872318469,-1.2822950059607452
1085,0,2.69826646748408,-1.340854051147423
1085,1,2.6933237600530395,-1.5070636868436198
1085,2,2.840889821432596,-1.3217932796762377
1085,3,2.807858877464303,-1.3228269947737605
1085,4,2.7331077709203675,-1.387088699894983
1085,5,2.6954716182523217,-1.1964467111056913
1085,6,2.737845169453266,-1.4161160390882397
1085,7,2.6094321542440535,-1.4137497465580446
1085,8,2.7743013177845866,-1.2565362624885201
1085,9,2.6025736475272723,-1.3734062536034395
1085,10,2.703884198443814,-1.200923156699092
1085,11,2.761437389903253,-1.3382513750558922
1085,12,2.8052633784306873,-1.3393352119582782
1085,13,2.5979136228054442,-1.354451195018309
1085,14,2.7958397348266146,-1.241160772264489
1085,15,2.7431796116695573,-1.237225521318672
1085,16,2.7881896884323214,-1.3526934309459224
1085,17,2.7854745088009456,-1.3800149455768937
1085,18,2.6360533308249825,-1.3445613741784717
1085,19,2.633106484999032,-1.2833528157312528
1086,0,2.7000265140521735,-1.3418071564564111
1086,1,2.69504082187301,-1.5079100498524944
1086,2,2.842476021452088,-1.3228371138095618
1086,3,2.807858877464303,-1.3228269947737605
1086,4,2.7347948777500815,-1.3880594248294156
1086,5,2.6972132857560767,-1.1976032267839638
1086,6,2.7395248705265627,-1.4170585706524443
1086,7,2.611238521909139,-1.4146864050782564
1086,8,2.7743013177845866,-1.2565362624885201
1086,9,2.6043906269434465,-1.3743818565318058
1086,10,2.7056383622198203,-1.2020433186033803
1086,11,2.761437389903253,-1.3382513750558922
1086,12,2.806932770768169,-1.3402760061647399
1086,13,2.5979136228054442,-1.354451195018309
1086,14,2.7974768125292115,-1.242282512214826
1086,15,2.7448680175720352,-1.2383488573491221
1086,16,2.7898247272805974,-1.3537034504332988
1086,17,2.787109254602814,-1.3809985774584272
1086,18,2.6378680240325583,-1.3455160376261999
1086,19,2.6349039937346515,-1.2844151905792298
1087,0,2.701781013900011,-1.3427662990483478
1087,1,2.696753852175936,-1.5087602622757057
1087,2,2.8440578046244775,-1.3238842059941023
1087,3,2.807858877464303,-1.3228269947737605
1087,4,2.7364803037927574,-1.389029182675186
1087,5,2.698953218193295,-1.198758590329784
1087,6,2.7412028981635377,-1.4180001632004284
1087,7,2.6130430897005175,-1.4156221303072696
1087,8,2.7743013177845866,-1.2565362624885201
1087,9,2.6062057959695233,-1.3753564873952908
1087,10,2.7073867379165573,-1.2031686739695353
1087,11,2.761437389903253,-1.3382513750558922
1087,12,2.808596441435886,-1.3412230507444796
1087,13,2.599797268467582,-1.3553254285695797
1087,14,2.7991122592682367,-1.2434031346146683
1087,15,2.7465547411841755,-1.2394710741123707
1087,16,2.79145813719168,-1.3547124636703889
1087,17,2.7887423716677273,-1.381981229323622
1087,18,2.639677241260339,-1.3464767024304738
1087,19,2.6366965027672546,-1.2854819184111477
1088,0,2.7035300733690018,-1.3437312228169678
1088,1,2.6984651755962017,-1.509609627537696
1088,2,2.8456380116905744,-1.3249302548443793
1088,3,2.807858877464303,-1.3228269947737605
1088,4,2.7381640507355085,-1.3899979744030224
1088,5,2.700691417305651,-1.1999128028996717
1088,6,2.7428792540438987,-1.418940817674727
1088,7,2.6148458594245625,-1.4165569231817459
1088,8,2.7743013177845866,-1.2565362624885201
1088,9,2.6080191564224884,-1.376330147169501
1088,10,2.7091294506287986,-1.2042989826393489
1088,11,2.7631803827420653,-1.3391300242994484
1088,12,2.810254497064014,-1.342176090271557
1088,13,2.6016745798108363,-1.3562083688207698
1088,14,2.8007460766807735,-1.2445226405857603
1088,15,2.7482397841943906,-1.2405921727317575
1088,16,2.7930899198006136,-1.355720471667216
1088,17,2.790373861630438,-1.3829629021561136
1088,18,2.6414810885851416,-1.3474431091024042
1088,19,2.6384872258163945,-1.2865475833986206
1089,0,2.705273796981983,-1.3447016814038504
1089,1,2.7001747938468434,-1.510458146488681
1089,2,2.847216644232167,-1.325975261407489
1089,3,2.807858877464303,-1.3228269947737605
1089,4,2.739846120263767,-1.3909658009826866
1089,5,2.7024278848330834,-1.2010658656489952
1089,6,2.7445539398456793,-1.419880535016936
1089,7,2.6166468328858485,-1.417490784637414
1089,8,2.7743013177845866,-1.2565362624885201
1089,9,2.6098307101175178,-1.3773028368290707
1089,10,2.7108666225487523,-1.2054340139978288
1089,11,2.7649168480870068,-1.3400172846441751
1089,12,2.8119070427394286,-1.3431348787728965
1089,13,2.6035456716595777,-1.3570996506769752
1089,14,2.802378266402275,-1.2456410312487283
1089,15,2.74992314828941,-1.2417121543295035
1089,16,2.7947200767408145,-1.356727475432797
1089,17,2.792003726124068,-1.3839435969385576
1089,18,2.643279670154828,-1.3484150081908624
1089,19,2.640276164674587,-1.2876121866083807
1090,0,2.707012287385117,-1.34567743780682
1090,1,2.7018827086391908,-1.511305819978029
1090,2,2.848793703829469,-1.3270192267294836
1090,3,2.807858877464303,-1.3228269947737605
1090,4,2.7415265140612863,-1.3919326633829738
1090,5,2.70415918302365,-1.2022229427643123
1090,6,2.746226957245242,-1.4208193161677134
1090,7,2.6184460118871518,-1.4184237156090702
1090,8,2.7743013177845866,-1.2565362624885201
1090,9,2.6116404588679782,-1.3782745573476634
1090,10,2.712598372964616,-1.2065735465700909
1090,11,2.7666468998337908,-1.3409128102584242
1090,12,2.8135541819306678,-1.3440991793589585
1090,13,2.605410658067647,-1.3579989234131595
1090,14,2.8040088300665644,-1.2467583077230824
1090,15,2.7516048351542826,-1.2428310200267116
1090,16,2.7963486096440717,-1.3577334759751436
1090,17,2.7936319667801146,-1.3849233146526303
1090,18,2.6450730881357996,-1.349392159873049
1090,19,2.6420633211325613,-1.2886757291060966
1091,0,2.708745645300419,-1.346658264004648
1091,1,2.7035889216828686,-1.5121526488542618
1091,2,2.8503691920611183,-1.3280621518553737
1091,3,2.807858877464303,-1.3228269947737605
1091,4,2.743205233810142,-1.392898562571714
1091,5,2.7058887560873295,-1.2033788669269758
1091,6,2.7478983079172785,-1.4217571620667802
1091,7,2.620243398229452,-1.4193557170305793
1091,8,2.7743013177845866,-1.2565362624885201
1091,9,2.61344840448543,-1.379245309697972
1091,10,2.7143248182670203,-1.2077173676362434
1091,11,2.7683706513985404,-1.3418162683771249
1091,12,2.815196016424077,-1.3450687638692258
1091,13,2.607269652115508,-1.3589058500845335
1091,14,2.805637769305838,-1.2478744711272176
1091,15,2.7532848464723787,-1.2439487709433672
1091,16,2.797975520140548,-1.3587384743012636
1091,17,2.7952585852284475,-1.38590205627903
1091,18,2.646861442671121,-1.3503743335624137
1091,19,2.643848696979263,-1.2897382119563754
1092,0,2.7104739694879205,-1.3476439405974092
1092,1,2.7052934346857973,-1.512998633965056
1092,2,2.85194311050418,-1.3291040378291283
1092,3,2.8095500807707925,-1.32374486255142
1092,4,2.7448822811907347,-1.3938634995157737
1092,5,2.707616605755425,-1.2045336392940669
1092,6,2.7495679935348125,-1.422694073652921
1092,7,2.622038993711935,-1.4202867898348754
1092,8,2.7743013177845866,-1.2565362624885201
1092,9,2.6152545487796286,-1.3802150948517207
1092,10,2.7160460719624777,-1.208865272863451
1092,11,2.7700882155125255,-1.3427273387876637
1092,12,2.8168326462701576,-1.3460434125319585
1092,13,2.6091227657316205,-1.3598201069610576
1092,14,2.8072650857506654,-1.2489895225784147
1092,15,2.7549631839253914,-1.24506540819834
1092,16,2.7996008098587826,-1.359742471417161
1092,17,2.7968835830973138,-1.3868798227974783
1092,18,2.648644831848239,-1.3513613075332136
1092,19,2.6456322940018553,-1.2907996362227634
1093,0,2.7121973567165427,-1.3486342564618532
1093,1,2.706996249354196,-1.5138437761572439
1093,2,2.8535154607341475,-1.3301448856936764
1093,3,2.8112349414197615,-1.3246703833231015
1093,4,2.74655765788179,-1.3948274751810554
1093,5,2.7093427337575164,-1.205687261021514
1093,6,2.751236015769201,-1.4236300518639853
1093,7,2.623832800131993,-1.4212169349539636
1093,8,2.7760239031903913,-1.25753581237525
1093,9,2.6170588935585264,-1.3811839137796653
1093,10,2.71776561084298,-1.2100120344794316
1093,11,2.7717997040393456,-1.3436457133356206
1093,12,2.8168326462701576,-1.3460434125319585
1093,13,2.6109701095358933,-1.360741382985237
1093,14,2.8088907810299917,-1.250103463192841
1093,15,2.756639849193338,-1.2461809329093854
1093,16,2.8012244804256916,-1.3607454683278382
1093,17,2.7985069620133376,-1.3878566151867204
1093,18,2.6504233516753546,-1.3523528685610178
1093,19,2.6474141139857204,-1.2918600029677476
1094,0,2.7139159017428405,-1.349629008421185
1094,1,2.7086973673925843,-1.5146880762768131
1094,2,2.8550862443249456,-1.3311846964909078
1094,3,2.812913574565757,-1.3256032486789633
1094,4,2.7482313655603616,-1.3957904905324998
1094,5,2.7110671418214594,-1.2068397332640932
1094,6,2.752902376290136,-1.424565097636888
1094,7,2.6256248192852283,-1.42214615331892
1094,8,2.7777399292639813,-1.2585426954279157
1094,9,2.6188614406282738,-1.3821517674515946
1094,10,2.7194834366297873,-1.2111576536320947
1094,11,2.773505227812692,-1.3445710954497605
1094,12,2.8168326462701576,-1.3460434125319585
1094,13,2.612811792703249,-1.3616693792523795
1094,14,2.8105148567711398,-1.2512162940855522
1094,15,2.758314843954562,-1.2472953461931442
1094,16,2.8012244804256916,-1.3607454683278382
1094,17,2.800128723601523,-1.3888324344245262
1094,18,2.6521970960655783,-1.353348811578488
1094,19,2.6491941587144616,-1.2929193132527559
1095,0,2.715629697296845,-1.3506280009286544
1095,1,2.7103967905037827,-1.5155315351689091
1095,2,2.8566554628489302,-1.3322234712616738
1095,3,2.8145860943287984,-1.3265431617568526
1095,4,2.749903405901833,-1.3967525465340862
1095,5,2.7110671418214594,-1.2068397332640932
1095,6,2.7545670767656465,-1.4254992119076109
1095,7,2.6274150529654543,-1.423074445859893
1095,8,2.779449525824205,-1.259556602310991
1095,9,2.6206621917932225,-1.383118656836331
1095,10,2.721199551042445,-1.212302131468206
1095,11,2.775204896492966,-1.3455031996856759
1095,12,2.8168326462701576,-1.3460434125319585
1095,13,2.6146479228454917,-1.3626038085124943
1095,14,2.812137314599811,-1.2523280163704933
1095,15,2.759988169885735,-1.2484086491651454
1095,16,2.8012244804256916,-1.3607454683278382
1095,17,2.801748869485255,-1.3898072814876918
1095,18,2.6521970960655783,-1.353348811578488
1095,19,2.6509724299699053,-1.2939775681381591
1096,0,2.7173388340742908,-1.3516310457643832
1096,1,2.7120945203889155,-1.5163741536778352
1096,2,2.8582231178768907,-1.3332612110457893
1096,3,2.816252613647738,-1.327489836788911
1096,4,2.7515711239806215,-1.3977182465910092
1096,5,2.7110671418214594,-1.2068397332640932
1096,6,2.7562301188620983,-1.4264323956112033
1096,7,2.6292035029646965,-1.4240018135061043
1096,8,2.781152820906841,-1.260577235671854
1096,9,2.622461148855926,-1.3840845829017316
1096,10,2.7229139557987847,-1.2134454691333891
1096,11,2.7768988184411674,-1.346441751287469
1096,12,2.8168326462701576,-1.3460434125319585
1096,13,2.6164786059098177,-1.3635443946930212
1096,14,2.813758156140087,-1.2534386311604993
1096,15,2.761659828661858,-1.2495208429398064
1096,16,2.8012244804256916,-1.3607454683278382
1096,17,2.803367401286301,-1.3907811573520403
1096,18,2.6521970960655783,-1.353348811578488
1096,19,2.652748929532103,-1.2950347686832713
1097,0,2.7190434007345794,-1.3526379617448747
1097,1,2.713790558747412,-1.5172159326470533
1097,2,2.8597892109780507,-1.3342979168820326
1097,3,2.817913244151071,-1.3284429986659927
1097,4,2.75323718031898,-1.3986829844092612
1097,5,2.7110671418214594,-1.2068397332640932
1097,6,2.7578915042441987,-1.4273646496817831
1097,7,2.630990171073195,-1.4249282571858501
1097,8,2.782849940647533,-1.261604309651017
1097,9,2.6242583136171427,-1.3850495466146897
1097,10,2.724626652614928,-1.2145876677721261
1097,11,2.7785871006085716,-1.3473864857668638
1097,12,2.8168326462701576,-1.3460434125319585
1097,13,2.6183039460924418,-1.3644908724415907
1097,14,2.815374261926773,-1.2545526808279717
1097,15,2.7633298219562628,-1.2506319286304344
1097,16,2.8012244804256916,-1.3607454683278382
1097,17,2.8049843206248126,-1.3917540629924223
1097,18,2.6521970960655783,-1.353348811578488
1097,19,2.654523659179333,-1.2960909159463512
1098,0,2.7207462690220807,-1.35364387446821
1098,1,2.7154849072770078,-1.518056872919185
1098,2,2.8613537437200716,-1.3353335898081473
1098,3,2.8195680960437164,-1.3294023825193046
1098,4,2.7549015765846327,-1.3996467609545455
1098,5,2.7110671418214594,-1.2068397332640932
1098,6,2.759548692654956,-1.4283004906343122
1098,7,2.632775059079406,-1.4258537778265012
1098,8,2.7845410091815603,-1.262637549412762
1098,9,2.6260536878758356,-1.3860135489411347
1098,10,2.726337643205286,-1.215728728527759
1098,11,2.7802698484408523,-1.3483371484991433
1098,12,2.8168326462701576,-1.3460434125319585
1098,13,2.6201240457659365,-1.3654429866880318
1098,14,2.8169887573876413,-1.2556656204301524
1098,15,2.764998151440614,-1.251741907349227
1098,16,2.8012244804256916,-1.3607454683278382
1098,17,2.8065996291193285,-1.3927259993827172
1098,18,2.6521970960655783,-1.353348811578488
1098,19,2.656296620688101,-1.2971460109846034
1099,0,2.7224474406413677,-1.3546487849413085
1099,1,2.717177567673748,-1.5188969753360122
1099,2,2.8629167176690515,-1.336368230860843
1099,3,2.821217278008415,-1.3303677333186794
1099,4,2.7565643144436414,-1.4006095771916036
1099,5,2.7110671418214594,-1.2068397332640932
1099,6,2.7612042298199193,-1.4292353991017797
1099,7,2.6345581687700044,-1.4267783763545048
1099,8,2.786226148558914,-1.2636766906954167
1099,9,2.6278472734291762,-1.3869765908460339
1099,10,2.728046929282561,-1.2168686525424905
1099,11,2.781947165795389,-1.349293494335307
1099,12,2.8168326462701576,-1.3460434125319585
1099,13,2.6219390054190024,-1.3664004922248645
1099,14,2.8186016441388038,-1.2567774510810952
1099,15,2.766664818784912,-1.2528507802072744
1099,16,2.8012244804256916,-1.3607454683278382
1099,17,2.8082133283867736,-1.3936969674958342
1099,18,2.6521970960655783,-1.353348811578488
1099,19,2.658067815833143,-1.298200054854179
1100,0,2.7241469172953146,-1.3556526941700866
1100,1,2.7188685416319873,-1.5197362407384782
1100,2,2.86447813438953,-1.3374018410757966
1100,3,2.8228608971204836,-1.3313388054868958
1100,4,2.7582253955604084,-1.4015714340842154
1100,5,2.7110671418214594,-1.2068397332640932
1100,6,2.762858117396282,-1.4301693760200298
1100,7,2.6363395019298848,-1.4277020536953848
1100,8,2.78790547867328,-1.2647214793805142
1100,9,2.6296390720725458,-1.3879386732933932
1100,10,2.729754512557751,-1.218007440957386
1100,11,2.7836191548706077,-1.350255287229863
1100,12,2.8168326462701576,-1.3460434125319585
1100,13,2.6237489236074865,-1.3673631533055322
1100,14,2.8202129237947613,-1.2578881738937435
1100,15,2.7683298256574917,-1.2539585483145588
1100,16,2.8012244804256916,-1.3607454683278382
1100,17,2.809825420042462,-1.3946669683037134
1100,18,2.6521970960655783,-1.353348811578488
1100,19,2.6598372463874274,-1.299253048610177
1101,0,2.725844700685099,-1.3566556031594585
1101,1,2.7205578308443923,-1.5205746699666887
1101,2,2.8660379954444855,-1.338434421487653
1101,3,2.8244990587747734,-1.3323153625294715
1101,4,2.759884821597678,-1.4025323325952004
1101,5,2.7110671418214594,-1.2068397332640932
1101,6,2.7645103570395877,-1.4311024223239746
1101,7,2.6381190603421634,-1.4286248107737431
1101,8,2.789579117203648,-1.265771671080099
1101,9,2.631429085599536,-1.388899797246258
1101,10,2.7314603947401483,-1.2191450949123737
1101,11,2.7852859161462877,-1.351222299883668
1101,12,2.8168326462701576,-1.3460434125319585
1101,13,2.6255538969155654,-1.3683307432596468
1101,14,2.821822597968407,-1.258997789979932
1101,15,2.7699931737250267,-1.2550652127799575
1101,16,2.8012244804256916,-1.3607454683278382
1101,17,2.8114359057001,-1.3956360027773267
1101,18,2.6521970960655783,-1.353348811578488
1101,19,2.661604914122156,-1.300304993306645
1102,0,2.727540792510205,-1.3576575129133372
1102,1,2.7222454370019427,-1.521412263859912
1102,2,2.867596302395341,-1.3394659731300258
1102,3,2.8261318666237556,-1.333297176679358
1102,4,2.761542594216537,-1.403492273686419
1102,5,2.7110671418214594,-1.2068397332640932
1102,6,2.7661609504037297,-1.4320345389475941
1102,7,2.63989684578818,-1.4295466485132606
1102,8,2.791247179567362,-1.2668270307414577
1102,9,2.6332173158019527,-1.3898599636667144
1102,10,2.7331645775373428,-1.2202816155462461
1102,11,2.786947548333861,-1.3521943134012495
1102,12,2.8168326462701576,-1.3460434125319585
1102,13,2.6273540199261074,-1.3693030441245484
1102,14,2.8234306682710257,-1.2601063004503874
1102,15,2.7716548646525303,-1.2561707747112427
1102,16,2.8012244804256916,-1.3607454683278382
1102,17,2.8130447869717847,-1.3966040718866783
1102,18,2.6521970960655783,-1.353348811578488
1102,19,2.6633708208067652,-1.301355889996581
1103,0,2.7292351944684206,-1.3586584244346354
1103,1,2.7239313617939342,-1.5222490232565804
1103,2,2.8691530568019634,-1.3404964970354996
1103,3,2.827759422525755,-1.3342840285559816
1103,4,2.7631987150764172,-1.4044512583187734
1103,5,2.7110671418214594,-1.2068397332640932
1103,6,2.767809899140954,-1.4329657268239382
1103,7,2.6416728600474997,-1.4304675678366976
1103,8,2.7929097788835247,-1.2678873322685695
1103,9,2.6350037644698157,-1.39081917351589
1103,10,2.7348637298054435,-1.2214219856965693
1103,11,2.7886041483357884,-1.3531711169620515
1103,12,2.8168326462701576,-1.3460434125319585
1103,13,2.629149385199298,-1.3702798462924966
1103,14,2.8250371363122975,-1.2612137064147297
1103,15,2.773314900103357,-1.257275235215083
1103,16,2.8012244804256916,-1.3607454683278382
1103,17,2.814652065468008,-1.3975711766008065
1103,18,2.6521970960655783,-1.353348811578488
1103,19,2.66513496820893,-1.302405739731933
1104,0,2.7309279082558446,-1.359658338725266
1104,1,2.7256156069079793,-1.523084948994291
1104,2,2.8707082602226652,-1.3415259942356295
1104,3,2.829381826502418,-1.335275706838086
1104,4,2.7648531858350975,-1.405409287452208
1104,5,2.7110671418214594,-1.2068397332640932
1104,6,2.769457204901859,-1.4338959868851266
1104,7,2.643447104897914,-1.4313875696658953
1104,8,2.7945670259457582,-1.268952358159595
1104,9,2.636788433391362,-1.3917774277539545
1104,10,2.7365611889907666,-1.2225612195502238
1104,11,2.7902558112131897,-1.3541525075050627
1104,12,2.8168326462701576,-1.3460434125319585
1104,13,2.6309400832587033,-1.3712609481728353
1104,14,2.826642003700299,-1.2623200089814737
1104,15,2.7749732817392028,-1.2583785953970446
1104,16,2.8012244804256916,-1.3607454683278382
1104,17,2.816257742797657,-1.3985373178877842
1104,18,2.6521970960655783,-1.353348811578488
1104,19,2.666897358094564,-1.3034545435636022
1105,0,2.732618935566885,-1.3606572567861448
1105,1,2.727298174030009,-1.5239200419098062
1105,2,2.8722619142142065,-1.3425544657609434
1105,3,2.8309991767045783,-1.3362720079498418
1105,4,2.7665060081487045,-1.406366362045711
1105,5,2.7110671418214594,-1.2068397332640932
1105,6,2.7711028693354005,-1.4348253200623509
1105,7,2.6452195821154443,-1.4323066549217767
1105,8,2.7962190292034133,-1.2700218991597398
1105,9,2.638571324353047,-1.3927347273401216
1105,10,2.7382569567924704,-1.2236993182475837
1105,11,2.791902630160956,-1.3551382894262995
1105,12,2.8168326462701576,-1.3460434125319585
1105,13,2.632728997103529,-1.3722410725035141
1105,14,2.828245272041503,-1.263425209258029
1105,15,2.7766300112201105,-1.2594808563615918
1105,16,2.8012244804256916,-1.3607454683278382
1105,17,2.817859230600182,-1.399506788093458
1105,18,2.6521970960655783,-1.353348811578488
1105,19,2.66865799222782,-1.3045023025414422
1106,0,2.7343082780942614,-1.3616551796171894
1106,1,2.728979064844274,-1.5247543028390549
1106,2,2.8738140203317966,-1.3435819126409423
1106,3,2.8326115693857457,-1.337272735759708
1106,4,2.768157183671715,-1.4073224830573148
1106,5,2.7110671418214594,-1.2068397332640932
1106,6,2.7727468940888893,-1.435753727285874
1106,7,2.6469902934743414,-1.4332248245243466
1106,8,2.797865894750378,-1.2710957539288519
1106,9,2.6403524391395456,-1.393691073232649
1106,10,2.73995103490802,-1.2248362829278872
1106,11,2.793544696489639,-1.356128274288633
1106,12,2.8168326462701576,-1.3460434125319585
1106,13,2.634516128524479,-1.3732202202656385
1106,14,2.8298469429407835,-1.2645293083507023
1106,15,2.7782850902044673,-1.2605820192120891
1106,16,2.8012244804256916,-1.3607454683278382
1106,17,2.819459122660387,-1.4004752923069883
1106,18,2.6521970960655783,-1.353348811578488
1106,19,2.6704168723710957,-1.3055490177142606
1107,0,2.735995937529008,-1.3626521082173215
1107,1,2.730658281033349,-1.525587732617133
1107,2,2.8753645801290952,-1.3446083359041014
1107,3,2.8342190988825116,-1.3382777012915412
1107,4,2.769806714056958,-1.4082776514440976
1107,5,2.712878068511136,-1.2078465855866163
1107,6,2.774389280807996,-1.436681209485033
1107,7,2.64875924074709,-1.434142079392694
1107,8,2.7995077263207233,-1.2721737287231298
1107,9,2.642131779533756,-1.39464646638884
1107,10,2.7416434250331894,-1.2259721147292368
1107,11,2.7951820996134695,-1.357122280543461
1107,12,2.818511575807863,-1.3469392288376676
1107,13,2.636301479310475,-1.3741983924393362
1107,14,2.8314470180014144,-1.2656323073646978
1107,15,2.7799385203490092,-1.2616820850508015
1107,16,2.8029202935541773,-1.3616168312318233
1107,17,2.8210574205797654,-1.4014428314978489
1107,18,2.6521970960655783,-1.353348811578488
1107,19,2.672174000285031,-1.3065946901298202
1108,0,2.7376819155604735,-1.3636480435844678
1108,1,2.73233582427813,-1.5264203320783045
1108,2,2.8769135951582143,-1.3456337365778717
1108,3,2.8358218576012115,-1.3392867224474616
1108,4,2.771454600955614,-1.409231868162184
1108,5,2.714681497695594,-1.208862650035521
1108,6,2.776030031136752,-1.4376077675882382
1108,7,2.650526425704407,-1.4350584204449919
1108,8,2.8011446252904757,-1.2732556370903465
1108,9,2.6439093473168005,-1.395600907765044
1108,10,2.7433341288620623,-1.2271068147886015
1108,11,2.7968149270439073,-1.3581201332637494
1108,12,2.8201843278060976,-1.347842582118983
1108,13,2.6380850512486536,-1.3751755900037586
1108,14,2.8330454988250726,-1.2667342074041188
1108,15,2.781590303308821,-1.262781054978896
1108,16,2.804609907475318,-1.3624960885697288
1108,17,2.8226541259582154,-1.4024094066345472
1108,18,2.6540299780650383,-1.3542265217290583
1108,19,2.6739293777285136,-1.3076393208348405
1109,0,2.7393662138763233,-1.3646429867155605
1109,1,2.7340116962578396,-1.5272521020560026
1109,2,2.8784610669697193,-1.3466581156886799
1109,3,2.8374199360102446,-1.3402996237420073
1109,4,2.77310084601722,-1.4101851341667457
1109,5,2.716477579471935,-1.2098875304056402
1109,6,2.777669146717549,-1.438533402522975
1109,7,2.652291850115247,-1.4359738485984983
1109,8,2.802776690684873,-1.2743412995780097
1109,9,2.645685144268025,-1.3965543983166577
1109,10,2.7450231480870353,-1.228240384241817
1109,11,2.7984432643881743,-1.3591216638879737
1109,12,2.8218510117528153,-1.3487531724227608
1109,13,2.639866846124373,-1.3761518139370814
1109,14,2.8346423870118387,-1.2678350095719682
1109,15,2.7832404407373397,-1.2638789300964426
1109,16,2.806293429259493,-1.3633829281747876
1109,17,2.8242492403940407,-1.403375018684626
1109,18,2.655856564348738,-1.3551126678378544
1109,19,2.675683006458677,-1.3086829108749976
1110,0,2.7410488341625414,-1.3656369386065388
1110,1,2.7356858986500274,-1.5280830433828294
1110,2,2.880006997112631,-1.3476814742619307
1110,3,2.839013422637492,-1.3413162360471145
1110,4,2.774745450889669,-1.4111374504120031
1110,5,2.7182664625459876,-1.2109208464914136
1110,6,2.779306629191144,-1.4394581152158052
1110,7,2.6540555157468013,-1.436888364769558
1110,8,2.804404019190512,-1.2754305434539022
1110,9,2.6474591721650045,-1.3975069389981263
1110,10,2.746710484398818,-1.2293728242235875
1110,11,2.8000671953522644,-1.3601267099745176
1110,12,2.8235117362306683,-1.3496707108892119
1110,13,2.641646865721211,-1.377127065216506
1110,14,2.8362376841601993,-1.26893471497015
1110,15,2.784888934286354,-1.2649757115024154
1110,16,2.807970965334919,-1.364277049417867
1110,17,2.825842765483952,-1.404339668614664
1110,18,2.6576769681757977,-1.3560069011144134
1110,19,2.677434888230906,-1.309725461294926
1111,0,2.742729778103433,-1.3666299002523492
1111,1,2.737358433130572,-1.5289131568905583
1111,2,2.881551387134427,-1.348703813322007
1111,3,2.8406024040723334,-1.3423363963474855
1111,4,2.7763884172192115,-1.4120888178512254
1111,5,2.720048294004425,-1.2119622334096563
1111,6,2.7809424801966585,-1.440381906592367
1111,7,2.655817424364501,-1.4378019698736026
1111,8,2.8060297264486507,-1.2765187021562077
1111,9,2.6492314327835427,-1.3984585307629438
1111,10,2.7483961394864362,-1.2305041358674866
1111,11,2.801689508398513,-1.3611307547364788
1111,12,2.825166608774049,-1.3505949193221025
1111,13,2.643425111820969,-1.3781013448182595
1111,14,2.8378313918670486,-1.2700333246994704
1111,15,2.786535785606008,-1.2660714002946936
1111,16,2.809642621323293,-1.3651781627622233
1111,17,2.8274347028230693,-1.4053033573902767
1111,18,2.6594913020193487,-1.3569088862790433
1111,19,2.6791819831611816,-1.3107720673481913
1112,0,2.744409047381624,-1.3676218726469476
1112,1,2.739029301373681,-1.5297424434101337
1112,2,2.8830942385810436,-1.3497251338922713
1112,3,2.8421869649717797,-1.343359947505915
1112,4,2.778029746650459,-1.4130392374367327
1112,5,2.721823219115714,-1.2130113409509107
1112,6,2.7825767013715805,-1.4413047775773766
1112,7,2.6575775777320185,-1.4387146648251514
1112,8,2.807653814086623,-1.2776057767741742
1112,9,2.650999187629441,-1.399414260531129
1112,10,2.750080115037232,-1.2316343203059583
1112,11,2.803310205150858,-1.362133799178907
1112,12,2.8268157357426924,-1.3515255297755837
1112,13,2.6452015862036737,-1.3790746537175969
1112,14,2.8394235117276896,-1.2711308398596388
1112,15,2.788180996344801,-1.2671659975700629
1112,16,2.811308501893582,-1.3660859893352544
1112,17,2.8290250540049238,-1.4062660859761174
1112,18,2.661299677378401,-1.3578183010167013
1112,19,2.680927337231827,-1.3118176305306914
1113,0,2.746086643678065,-1.3686128567832991
1113,1,2.7406985050518964,-1.5305709037716722
1113,2,2.884635552996876,-1.3507454369950664
1113,3,2.8437699473371563,-1.344382479006232
1113,4,2.7796694408263836,-1.4139887101198956
1113,5,2.7235913811572847,-1.2140678329583796
1113,6,2.7842092943517676,-1.4422267290946285
1113,7,2.659335977611269,-1.4396264505378131
1113,8,2.8092762837301426,-1.2786917683959644
1113,9,2.652765181036294,-1.4003690379841591
1113,10,2.7517624127368663,-1.2327633786703183
1113,11,2.8049292872316167,-1.3631358443058512
1113,12,2.8284592222104687,-1.3524622841571072
1113,13,2.646976290647577,-1.3800469928888013
1113,14,2.841014045335836,-1.272227261549269
1113,15,2.789821472214924,-1.268264143478913
1113,16,2.8129687106324814,-1.3670002605167346
1113,17,2.830613820621459,-1.4072278553358784
1113,18,2.663102204611904,-1.3587348354528734
1113,19,2.6826709521899437,-1.3128621518890364
1114,0,2.7477625686720315,-1.36960285365338
1114,1,2.742366045836092,-1.5313985388044633
1114,2,2.886175331924782,-1.3517647236517167
1114,3,2.8453485962279235,-1.3454082466719075
1114,4,2.781307501388321,-1.4149372368511375
1114,5,2.7253529212665333,-1.2151313867334343
1114,6,2.7858402607714465,-1.4431477620669972
1114,7,2.661092625762412,-1.4405373279242861
1114,8,2.8108971370033027,-1.2797766781086573
1114,9,2.654529414771863,-1.4013228640777673
1114,10,2.753443034269321,-1.233891312090755
1114,11,2.8065467562614934,-1.364136891120359
1114,12,2.830097171868083,-1.3534049338458929
1114,13,2.6487492269291604,-1.3810183633051851
1114,14,2.842602994283613,-1.27332259086588
1114,15,2.7914603134818234,-1.2693611951730448
1114,16,2.8146233499301525,-1.3679207175429953
1114,17,2.832201004263031,-1.4081886664322918
1114,18,2.6648989927930717,-1.3596581916507167
1114,19,2.684412829780892,-1.313905632468793
1115,0,2.7494368240411258,-1.3705918642481778
1115,1,2.7440319253954777,-1.5322253493369706
1115,2,2.8877135769060813,-1.3527829948825292
1115,3,2.8469256721325413,-1.346432992249429
1115,4,2.7829439299759713,-1.4158848185799344
1115,5,2.727107978313465,-1.2162016924666996
1115,6,2.7874696022632164,-1.4440678774164377
1115,7,2.6628475239438547,-1.4414472978963597
1115,8,2.8125163755285794,-1.2808605069982482
1115,9,2.656291890602148,-1.4022757397667345
1115,10,2.7551219813169,-1.2350181216963312
1115,11,2.8081626138595754,-1.3651369406244795
1115,12,2.8317296869385147,-1.3543532393264115
1115,13,2.650520396823134,-1.3819887659390913
1115,14,2.8441903601615603,-1.274416828905898
1115,15,2.793097521785981,-1.270457153750608
1115,16,2.816272520879974,-1.3688471111265281
1115,17,2.8337866065184123,-1.4091485202271306
1115,18,2.6666901495821915,-1.360588083128719
1115,19,2.686152971748293,-1.3149480733144863
1116,0,2.7511094114612793,-1.3715798895576934
1116,1,2.7456961453976008,-1.5330513361968323
1116,2,2.889250289480559,-1.3538002517067942
1116,3,2.848501176629664,-1.3474567167645677
1116,4,2.784578728227401,-1.4168314562548165
1116,5,2.72885668879296,-1.2172784526937306
1116,6,2.7890973204580494,-1.4449870760639862
1116,7,2.6645980996325545,-1.4423613088151594
1116,8,2.814134000926832,-1.281943256149651
1116,9,2.6580526102913886,-1.4032276660048901
1116,10,2.756799255560231,-1.236143808614984
1116,11,2.809776861643338,-1.3661359938192632
1116,12,2.833356868104104,-1.355306969836354
1116,13,2.6522898021024415,-1.3829582017618935
1116,14,2.845776144558633,-1.2755099767646558
1116,15,2.7947330987662444,-1.271552020308658
1116,16,2.8179163231911226,-1.3697792010904863
1116,17,2.835370628974793,-1.4101074176812092
1116,18,2.66847578111629,-1.3615242343981404
1116,19,2.68789137983403,-1.3159894754696004
1117,0,2.7527803326067537,-1.372566930570941
1117,1,2.747358707508347,-1.5338765002108619
1117,2,2.890785471186466,-1.354816495142787
1117,3,2.8500751112963734,-1.348479421242073
1117,4,2.7862118977790447,-1.4177771508233692
1117,5,2.7305991867348176,-1.2183613817743117
1117,6,2.7907234169852932,-1.4459053589297617
1117,7,2.6663469310027694,-1.443274408990053
1117,8,2.815750014817305,-1.2830249266466989
1117,9,2.6598115756020673,-1.4041786437451131
1117,10,2.7584748586782672,-1.2372683739735275
1117,11,2.8113895012286445,-1.3671340517047634
1117,12,2.8349788144442853,-1.356265903028567
1117,13,2.654057444538259,-1.3839266717439984
1117,14,2.8473603490622024,-1.2766020355363958
1117,15,2.796367046059827,-1.2726457959431576
1117,16,2.819554855112897,-1.3707167560175626
1117,17,2.8369530732177806,-1.411065359754385
1117,18,2.670255991914142,-1.362466380519509
1117,19,2.6896280557782517,-1.31702983997658
1118,0,2.754449589150143,-1.3735529882759496
1118,1,2.7490174214229843,-1.5347052439752025
1118,2,2.8923164476003933,-1.3558357571011386
1118,3,2.8516474777081795,-1.349501106705673
1118,4,2.787843440265707,-1.4187219032322336
1118,5,2.732335603629887,-1.2194502053944258
1118,6,2.792347893472672,-1.4468227269329659
1118,7,2.6680940198050815,-1.4441865993350547
1118,8,2.8173644188176303,-1.2841055195721447
1118,9,2.6615687882949097,-1.4051286739393334
1118,10,2.760148792348289,-1.2383918188976524
1118,11,2.813000534229749,-1.3681311152800368
1118,12,2.836595623383038,-1.3572298246464414
1118,13,2.6558233258999984,-1.384894176854845
1118,14,2.848942975258059,-1.2776930063142697
1118,15,2.7979993653023123,-1.2737384817489772
1118,16,2.8211882133697754,-1.3716595529127313
1118,17,2.8385339408314034,-1.4120223474055589
1118,18,2.6720308847952494,-1.3634142666774518
1118,19,2.6913630013193726,-1.3180691678768313
1119,0,2.7561171827623743,-1.374538063659764
1119,1,2.750674482578242,-1.5355331619708452
1119,2,2.893845898536907,-1.3568540034585428
1119,3,2.8532182774390225,-1.3505217741780757
1119,4,2.7894733573205635,-1.4196657144271077
1119,5,2.734066068370731,-1.2205446600899654
1119,6,2.793970751546289,-1.4477391809918851
1119,7,2.6698393677883288,-1.4450978807632677
1119,8,2.8189772145438274,-1.2851850360076633
1119,9,2.6633242501288876,-1.406077757538532
1119,10,2.761821058245905,-1.2395141445119284
1119,11,2.814609962259297,-1.3691271855431453
1119,12,2.838207390645195,-1.3581985282122522
1119,13,2.6575874479553083,-1.385860718062907
1119,14,2.850524024730413,-1.2787828901903406
1119,15,2.799630058127653,-1.2748300788198963
1119,16,2.822816493106279,-1.3726073768793516
1119,17,2.8401132333981116,-1.4129783815926764
1119,18,2.6738005608115056,-1.3643676477731599
1119,19,2.6930962181940745,-1.3191074602107222
1120,0,2.7577831151127103,-1.3755221577084455
1120,1,2.75232989263284,-1.5363602550265365
1120,2,2.8953738255269883,-1.357871235234265
1120,3,2.8547875120612747,-1.3515414246809705
1120,4,2.7911016505751625,-1.4206085853527475
1120,5,2.735790707205405,-1.221644492791282
1120,6,2.795591992830626,-1.448654722023891
1120,7,2.671582976699606,-1.4460082541868857
1120,8,2.8205884036103064,-1.2862634770338515
1120,9,2.6650779628612202,-1.4070258954927426
1120,10,2.7634916580450555,-1.2406353519398046
1120,11,2.816217786928328,-1.370122263491156
1120,12,2.839814210220828,-1.3591718147279632
1120,13,2.6593498124700767,-1.386826296335693
1120,14,2.8521034990618968,-1.2798716882555832
1120,15,2.8012591261681745,-1.2759205882486047
1120,16,2.824439787840783,-1.3735600208081362
1120,17,2.8416909524987783,-1.4139334632727287
1120,18,2.675565119190386,-1.3653262880337975
1120,19,2.6948277081373093,-1.3201447180175845
1121,0,2.759447387868751,-1.3765052714070733
1121,1,2.7539836532438455,-1.5371865239701976
1121,2,2.8969002301000937,-1.3588874534465556
1121,3,2.8563551831457414,-1.3525600592350284
1121,4,2.7927283216594274,-1.4215505169529676
1121,5,2.7375096437030457,-1.2227494603876945
1121,6,2.7972116189485474,-1.449569350945441
1121,7,2.6733248482842673,-1.4469177205171935
1121,8,2.8221949962417314,-1.2873452994920898
1121,9,2.6668299282473757,-1.4079730887510522
1121,10,2.765160593418013,-1.2417554423036103
1121,11,2.8178240098462752,-1.371116350120143
1121,12,2.8414161743369712,-1.3601494923880126
1121,13,2.6611104212084324,-1.387790912639748
1121,14,2.8536813998335653,-1.2809594015998853
1121,15,2.8028865710545756,-1.2770100111267033
1121,16,2.8260581894274837,-1.3745172850785046
1121,17,2.843267099712702,-1.4148875934017535
1121,18,2.677324657288586,-1.3662899606381869
1121,19,2.6965574728823003,-1.3211809423357141
1122,0,2.7611072832523673,-1.3774919948881448
1122,1,2.7539836532438455,-1.5371865239701976
1122,2,2.898425113784156,-1.3599026591126497
1122,3,2.857921292261663,-1.3535776788599037
1122,4,2.7943533722016576,-1.4224915101706428
1122,5,2.739222998730086,-1.2238593293111055
1122,6,2.7988296315213,-1.4504830686720795
1122,7,2.675064984285928,-1.4478262806645676
1122,8,2.8237999880346325,-1.2884260440024817
1122,9,2.668580148041073,-1.408919338261602
1122,10,2.766827866035382,-1.2428744167245576
1122,11,2.81942863262097,-1.3721094464251882
1122,12,2.843013373436019,-1.3611313763036208
1122,13,2.6628692759327466,-1.3887545679406539
1122,14,2.855257728624899,-1.2820460313120492
1122,15,2.80451239441593,-1.2780983485447055
1122,16,2.8276717880257856,-1.375478977271846
1122,17,2.844841676617608,-1.4158407729348361
1122,18,2.679079270555116,-1.3672584473581126
1122,19,2.6982855141605437,-1.3222161342023728
1123,0,2.7627655246866802,-1.3784777351803779
1123,1,2.7539836532438455,-1.5371865239701976
1123,2,2.899948478105585,-1.3609168532487692
1123,3,2.859485840976716,-1.3545942845742345
1123,4,2.79597680382853,-1.423431565947708
1123,5,2.740930890436,-1.2249738751379002
1123,6,2.8004460321685167,-1.4513958761184387
1123,7,2.6768033864464664,-1.4487339355384778
1123,8,2.825403380595608,-1.2895057116468538
1123,9,2.670328623994284,-1.409864644971589
1123,10,2.7684934775661056,-1.2439922763227407
1123,11,2.8210316568586413,-1.3731015534003814
1123,12,2.844605896160172,-1.362117288238165
1123,13,2.6646263784036344,-1.3897172632030304
1123,14,2.8568324870138047,-1.283131578479792
1123,15,2.806136597879689,-1.2791856015920382
1123,16,2.829280672076441,-1.3764449118962376
1123,17,2.8464146847896488,-1.41679300282611
1123,18,2.6808290525029546,-1.368231538214616
1123,19,2.70001183370181,-1.3232502946537885
1124,0,2.764422113831591,-1.3794624932704995
1124,1,2.7539836532438455,-1.5371865239701976
1124,2,2.90147032458927,-1.3619300368701235
1124,3,2.861048830857016,-1.3556098773956442
1124,4,2.797598618165101,-1.4243706852251599
1124,5,2.7426334342475873,-1.2260928822083326
1124,6,2.8020608225082158,-1.4523077741982398
1124,7,2.6768033864464664,-1.4487339355384778
1124,8,2.827005175529656,-1.290584303505954
1124,9,2.6720753578572345,-1.410809009827266
1124,10,2.770157429677462,-1.2451090222171382
1124,11,2.822633084163918,-1.3740926720388231
1124,12,2.8461938293413667,-1.3631070563531844
1124,13,2.6646263784036344,-1.3897172632030304
1124,14,2.858405676576617,-1.2842160441897479
1124,15,2.807759183071681,-1.2802717713570428
1124,16,2.8308849282838158,-1.3774149101221673
1124,17,2.8479861258034074,-1.4177442840287584
1124,18,2.68257409468842,-1.36920903114866
1124,19,2.7017364332341476,-1.324283424725157
1125,0,2.7660770523453473,-1.3804462701442535
1125,1,2.7539836532438455,-1.5371865239701976
1125,2,2.9029906547585806,-1.3629422109909104
1125,3,2.8626102634671162,-1.356624458340742
1125,4,2.7992188168348093,-1.425308868943058
1125,5,2.744330742870885,-1.2272161432626332
1125,6,2.803674004156804,-1.4532187638242937
1125,7,2.6768033864464664,-1.4487339355384778
1125,8,2.828605374440174,-1.2916618206594543
1125,9,2.673820351378407,-1.4117524337739433
1125,10,2.7718197240350686,-1.2462246555256138
1125,11,2.8242329161398296,-1.375082803332624
1125,12,2.8477772579961584,-1.3641005149645937
1125,13,2.6646263784036344,-1.3897172632030304
1125,14,2.8599772988881,-1.2852994295274678
1125,15,2.8093801516161157,-1.2813568589269764
1125,16,2.8324846416037097,-1.3783887995288335
1125,17,2.8495560012318975,-1.4186946174950146
1125,18,2.6843144866975033,-1.3701907317055744
1125,19,2.7034593144838817,-1.3253155254506424
1126,0,2.767730341884544,-1.3814290667864015
1126,1,2.7539836532438455,-1.5371865239701976
1126,2,2.9045094701353693,-1.3639533766243173
1126,3,2.864170140370013,-1.3576380284251248
1126,4,2.8008374014594746,-1.4262461180405248
1126,5,2.7460229262998785,-1.2283434590930975
1126,6,2.8052855787290776,-1.454128845908502
1126,7,2.6768033864464664,-1.4487339355384778
1126,8,2.8302039789289632,-1.2927382641859502
1126,9,2.6755636063045416,-1.4126949177559889
1126,10,2.773480362302884,-1.2473391773649176
1126,11,2.8258284878030318,-1.3760762439588219
1126,12,2.8493562653250755,-1.3650975043086908
1126,13,2.6646263784036344,-1.3897172632030304
1126,14,2.861547355521449,-1.2863817355774216
1126,15,2.8109995051355843,-1.2824408653880124
1126,16,2.8340798952362034,-1.3793664138605977
1126,17,2.851124312646566,-1.4196440041761633
1126,18,2.6860503161384592,-1.371176452732705
1126,19,2.705180479175618,-1.3263465978633784
1127,0,2.7693819841041254,-1.382410884180724
1127,1,2.7539836532438455,-1.5371865239701976
1127,2,2.9060267722399713,-1.3649635347825217
1127,3,2.8657284631271445,-1.358650588663377
1127,4,2.8024543736593017,-1.427182433455748
1127,5,2.747710091831251,-1.2294746382114459
1127,6,2.8068955478382245,-1.4550380213618577
1127,7,2.6768033864464664,-1.4487339355384778
1127,8,2.8318009905962285,-1.2938136351629625
1127,9,2.6773051243806383,-1.4136364627168303
1127,10,2.7751393461432086,-1.248452588850687
1127,11,2.82742246962515,-1.377068694712388
1127,12,2.850930932716001,-1.3660978703175672
1127,13,2.6646263784036344,-1.3897172632030304
1127,14,2.8631158480482926,-1.2874629634229988
1127,15,2.812617245251061,-1.2835237918252425
1127,16,2.8356707706230457,-1.3803475927931885
1127,17,2.8526910616172945,-1.4205924450225416
1127,18,2.6877844160481885,-1.3721611916153593
1127,19,2.706899929032245,-1.3273766429954696
1128,0,2.771031980657387,-1.3833917233100212
1128,1,2.7539836532438455,-1.5371865239701976
1128,2,2.9075425625912077,-1.3659726864766932
1128,3,2.8672852332983934,-1.3596621400690725
1128,4,2.8040672311273878,-1.428122127001154
1128,5,2.7493955764148716,-1.230604690319456
1128,6,2.8085039130958256,-1.4559462910944463
1128,7,2.6768033864464664,-1.4487339355384778
1128,8,2.8333964110405794,-1.2948879346669389
1128,9,2.6790449073499585,-1.414577069598955
1128,10,2.7767966772166868,-1.249564891097448
1128,11,2.8290148632017624,-1.3780601565867665
1128,12,2.852501339751168,-1.3671014644035369
1128,13,2.6646263784036344,-1.3897172632030304
1128,14,2.864682778038693,-1.2885431141465096
1128,15,2.814233373581906,-1.284605639322677
1128,16,2.8372573474491327,-1.3813321817092636
1128,17,2.8542562497124,-1.4215399409835396
1128,18,2.689516788162526,-1.3731449493392616
1128,19,2.708617665774933,-1.3284056618779925
1129,0,2.7726803331959777,-1.3843715851561138
1129,1,2.7539836532438455,-1.5371865239701976
1129,2,2.909056842706386,-1.3669808327169937
1129,3,2.868840452442088,-1.3606726836547751
1129,4,2.805678481529919,-1.429060884227537
1129,5,2.7510793817379118,-1.2317336165483113
1129,6,2.8101106761118557,-1.4568536560154468
1129,7,2.6768033864464664,-1.4487339355384778
1129,8,2.834990241859034,-1.295961163773254
1129,9,2.6807829569540265,-1.4155167393439114
1129,10,2.7784523571823088,-1.2506760852186163
1129,11,2.830605670126856,-1.3790506305744115
1129,12,2.854070182109577,-1.3681040585574473
1129,13,2.6646263784036344,-1.3897172632030304
1129,14,2.8662481470611496,-1.2896221888291857
1129,15,2.815847891745865,-1.2856864089632465
1129,16,2.8388397036476705,-1.3823200314829505
1129,17,2.8558198784986373,-1.4224864930076018
1129,18,2.6912474342155788,-1.3741277268891545
1129,19,2.7103336911231377,-1.3294336555409956
1130,0,2.774327043369899,-1.3853504706998447
1130,1,2.7539836532438455,-1.5371865239701976
1130,2,2.9105696141013024,-1.3679879745125783
1130,3,2.870394122115004,-1.3616822204320402
1130,4,2.807288126479759,-1.429998706074594
1130,5,2.7527615094858624,-1.2328614180280677
1130,6,2.8117134415449194,-1.4577643485093288
1130,7,2.6768033864464664,-1.4487339355384778
1130,8,2.8365824846470185,-1.2970333235562115
1130,9,2.682519274932632,-1.4164554728923098
1130,10,2.780106387697412,-1.2517861723264982
1130,11,2.83219489199283,-1.3800401176667885
1130,12,2.8556374613616406,-1.3691056537828963
1130,13,2.6646263784036344,-1.3897172632030304
1130,14,2.8678090216593497,-1.2907044339130045
1130,15,2.8174608013590716,-1.2867661018288024
1130,16,2.840420483212695,-1.383306896979481
1130,17,2.8573819495412005,-1.4234321020422276
1130,18,2.6929763559397246,-1.3751095252487993
1130,19,2.712048006794603,-1.3304606250135016
1131,0,2.7759721128275103,-1.3863283809210791
1131,1,2.7539836532438455,-1.5371865239701976
1131,2,2.9120808782902423,-1.368994112871597
1131,3,2.8719462438723666,-1.3626907514114148
1131,4,2.8088961675881636,-1.4309355934810855
1131,5,2.7544419613425353,-1.233988095887656
1131,6,2.813314609975359,-1.4586741335851494
1131,7,2.6768033864464664,-1.4487339355384778
1131,8,2.838173140998369,-1.2981044150890442
1131,9,2.6842538630238306,-1.4173932711838233
1131,10,2.781758770417682,-1.252895153532292
1131,11,2.8337825303904975,-1.381028618854375
1131,12,2.857203179076208,-1.3701062510824813
1131,13,2.6646263784036344,-1.3897172632030304
1131,14,2.8693683409809103,-1.2917856006331296
1131,15,2.8190721040360507,-1.2878447190001183
1131,16,2.8419996877265685,-1.3842927791867088
1131,17,2.8589424644037242,-1.4243767690339728
1131,18,2.694703555065616,-1.376090345400977
1131,19,2.71376061450536,-1.3314865713235082
1132,0,2.777615543215527,-1.3873053167987062
1132,1,2.7539836532438455,-1.5371865239701976
1132,2,2.9135906367859827,-1.3699992488011954
1132,3,2.873496819267851,-1.3636982776024396
1132,4,2.810502606464784,-1.4318715473848367
1132,5,2.756120738990064,-1.2351136512548815
1132,6,2.8149141830059463,-1.4595830121536042
1132,7,2.6768033864464664,-1.4487339355384778
1132,8,2.839762212505334,-1.2991744394439158
1132,9,2.6859867229639467,-1.418330135157189
1132,10,2.783409506997156,-1.2540030299460891
1132,11,2.8353685869090857,-1.3820161351266618
1132,12,2.858767336820563,-1.3711058514578016
1132,13,2.6646263784036344,-1.3897172632030304
1132,14,2.8709261065867118,-1.2928656900718098
1132,15,2.8206818013897172,-1.2889222615568912
1132,16,2.843577318770076,-1.3852776790915027
1132,17,2.860501424648285,-1.4253204949284497
1132,18,2.696429033322181,-1.3770701883274896
1132,19,2.7154715159697314,-1.3325114954979886
1133,0,2.779257336179025,-1.3882812793106398
1133,1,2.7539836532438455,-1.5371865239701976
1133,2,2.915098891099793,-1.3710033833075153
1133,3,2.875045849853585,-1.3647048000136492
1133,4,2.8121074447176664,-1.4328065687227383
1133,5,2.757797844108907,-1.2362380852564265
1133,6,2.816512162237855,-1.4604909851244816
1133,7,2.6768033864464664,-1.4487339355384778
1133,8,2.841349700758576,-1.3002433976919217
1133,9,2.6877178564875748,-1.4192660657502087
1133,10,2.785058599088223,-1.2551098026768748
1133,11,2.8369530631362387,-1.3830026674721536
1133,12,2.8603299361604293,-1.372104455909458
1133,13,2.6646263784036344,-1.3897172632030304
1133,14,2.8724823200360787,-1.293944703310216
1133,15,2.82228989503138,-1.2899987305777418
1133,16,2.8451533779224274,-1.3862615976797485
1133,17,2.8620588318354043,-1.426263280670329
1133,18,2.6981527924366255,-1.3780490550091609
1133,19,2.7171807129003303,-1.3335353985628928
1134,0,2.78089749336144,-1.3892562694338193
1134,1,2.7539836532438455,-1.5371865239701976
1134,2,2.9166056427414375,-1.3720065173956966
1134,3,2.8765933371801493,-1.3657103196525737
1134,4,2.8137106839532557,-1.4337406584307477
1134,5,2.7594732783778473,-1.2373613990178505
1134,6,2.818108549270664,-1.4613980534066635
1134,7,2.6768033864464664,-1.4487339355384778
1134,8,2.8429356073471728,-1.3013112909030902
1134,9,2.6894472653275816,-1.4202010638997498
1134,10,2.7867060483416255,-1.2562154728325297
1134,11,2.838535960658019,-1.3839882168783701
1134,12,2.8618909786599707,-1.3731020654370545
1134,13,2.6646263784036344,-1.3897172632030304
1134,14,2.8740369828867824,-1.2950226414284414
1134,15,2.823896386570743,-1.291074127140217
1134,16,2.8467278667612597,-1.3872445359363499
1134,17,2.8636146875240476,-1.4272051272033401
1134,18,2.6998748341344334,-1.3790269464258371
1134,19,2.718888207008065,-1.3345582815431487
1135,0,2.782536016404572,-1.3902302881442108
1135,1,2.7539836532438455,-1.5371865239701976
1135,2,2.9181108932191764,-1.3730086520698772
1135,3,2.878139282796581,-1.366714837525739
1135,4,2.8153123257763966,-1.4346738174438896
1135,5,2.761147043473997,-1.2384835936635914
1135,6,2.8197033457023584,-1.4623042179081263
1135,7,2.6768033864464664,-1.4487339355384778
1135,8,2.8445199338586176,-1.3023781201463833
1135,9,2.691174951215107,-1.4211351305417463
1135,10,2.7883518564064618,-1.2573200415198307
1135,11,2.840117281058909,-1.3849727843318476
1135,12,2.863450465881792,-1.3740986810391993
1135,13,2.6646263784036344,-1.3897172632030304
1135,14,2.8755900966950416,-1.296099505505503
1135,15,2.825501277615905,-1.29214845232079
1135,16,2.8483007868626378,-1.3882264948452288
1135,17,2.865168993271628,-1.4281460354702724
1135,18,2.6998748341344334,-1.3790269464258371
1135,19,2.720594000002139,-1.3355801454626632
1136,0,2.784172906948583,-1.391203336416808
1136,1,2.755690945889519,-1.5378907889323357
1136,2,2.9196146440397666,-1.3740097883331952
1136,3,2.8796836882503722,-1.3677183546386684
1136,4,2.8169123717903335,-1.435606046696257
1136,5,2.762819141072797,-1.2396046703169674
1136,6,2.8197033457023584,-1.4623042179081263
1136,7,2.6768033864464664,-1.4487339355384778
1136,8,2.846102681878823,-1.3034438864896984
1136,9,2.692900915879566,-1.4220682666112001
1136,10,2.7899960249301876,-1.258423509844452
1136,11,2.841697025921811,-1.3859563708181386
1136,12,2.8650083993869417,-1.3750943037135055
1136,13,2.6646263784036344,-1.3897172632030304
1136,14,2.877141663015525,-1.2971752966193428
1136,15,2.825501277615905,-1.29214845232079
1136,16,2.8498721398010565,-1.389207475389327
1136,17,2.866719305619183,-1.4290900335765042
1136,18,2.6998748341344334,-1.3790269464258371
1136,19,2.7222980935900525,-1.3366009913443233
1137,0,2.785808166632003,-1.392175415225633
1137,1,2.757393189905176,-1.5386024548954365
1137,2,2.921116896708464,-1.375009927187789
1137,3,2.881226555087475,-1.3687208719958839
1137,4,2.818510823596714,-1.4365373471210123
1137,5,2.7644895728480177,-1.2407246301001773
1137,6,2.8197033457023584,-1.4623042179081263
1137,7,2.6768033864464664,-1.4487339355384778
1137,8,2.8476838529921213,-1.3045085909998686
1137,9,2.6946251610486507,-1.423000473042181
1137,10,2.791635428044326,-1.2595305246833277
1137,11,2.8432751968280514,-1.3869389773218144
1137,12,2.8665647807349126,-1.3760889344565923
1137,13,2.666447600808523,-1.3905475318385145
1137,14,2.8786916834013523,-1.2982500158468289
1137,15,2.825501277615905,-1.29214845232079
1137,16,2.851441927149441,-1.3901874785506072
1137,17,2.868268073225325,-1.4300330910768182
1137,18,2.6998748341344334,-1.3790269464258371
1137,19,2.724000489477605,-1.3376208202099964
1138,0,2.787441797091728,-1.3931465255437376
1138,1,2.7590904571450405,-1.5393212464753623
1138,2,2.9226176527290253,-1.3760090696347982
1138,3,2.8827678848523,-1.369722390600906
1138,4,2.82010768279559,-1.4374677196503884
1138,5,2.766158340471763,-1.2418434741343019
1138,6,2.8197033457023584,-1.4623042179081263
1138,7,2.6768033864464664,-1.4487339355384778
1138,8,2.8492634487812665,-1.305572234742664
1138,9,2.696347688448333,-1.4239317507678286
1138,10,2.7932731976237895,-1.2606364364700562
1138,11,2.8448517953573815,-1.387920604826465
1138,12,2.868119611483644,-1.3770825742640862
1138,13,2.668262644290306,-1.3913865244029653
1138,14,2.880240159404095,-1.2993236642637562
1138,15,2.825501277615905,-1.29214845232079
1138,16,2.8530101504791507,-1.3911665053100535
1138,17,2.8698152976403715,-1.4309752089152157
1138,18,2.6998748341344334,-1.3790269464258371
1138,19,2.725701189368896,-1.3386396330805324
1139,0,2.789073799963024,-1.3941166683432045
1139,1,2.7607828195350854,-1.5400468979068824
1139,2,2.9241169136037084,-1.3770072166743657
1139,3,2.8843076790877205,-1.370722911456256
1139,4,2.8217029509854195,-1.4383971652156888
1139,5,2.7678254456144717,-1.2429612035393052
1139,6,2.8197033457023584,-1.4623042179081263
1139,7,2.6768033864464664,-1.4487339355384778
1139,8,2.8508414708274357,-1.306634818782793
1139,9,2.6980684998028637,-1.424862100720353
1139,10,2.794909335307987,-1.2617412463116564
1139,11,2.8464268230879775,-1.3889012543147006
1139,12,2.8696728931895223,-1.3780752241306216
1139,13,2.668262644290306,-1.3913865244029653
1139,14,2.8817870925737794,-1.300396242944848
1139,15,2.825501277615905,-1.29214845232079
1139,16,2.8545768113599785,-1.3921445566476724
1139,17,2.8713609804130957,-1.4319163880347576
1139,18,2.6998748341344334,-1.3790269464258371
1139,19,2.7274001949663282,-1.3396574309757638
1140,0,2.7907041768795273,-1.3950858445951473
1140,1,2.7624703489248703,-1.5407791526960757
1140,2,2.925614680833275,-1.3780043693056376
1140,3,2.8858459393350713,-1.3717224355634563
1140,4,2.823296629763067,-1.4393256847472895
1140,5,2.769490889944917,-1.2440778194340354
1140,6,2.8197033457023584,-1.4623042179081263
1140,7,2.6768033864464664,-1.4487339355384778
1140,8,2.8524179207102303,-1.3076963441839033
1140,9,2.699787596834777,-1.4257915238310352
1140,10,2.7965438427346934,-1.262844955314044
1140,11,2.8480002815964434,-1.3898809267681522
1140,12,2.871224627407385,-1.379066885049842
1140,13,2.668262644290306,-1.3913865244029653
1140,14,2.883332484458887,-1.3014677529637562
1140,15,2.825501277615905,-1.29214845232079
1140,16,2.856141911360153,-1.3931216335424945
1140,17,2.872905123090728,-1.4328566293775653
1140,18,2.6998748341344334,-1.3790269464258371
1140,19,2.7290975079706077,-1.3406742149145077
1141,0,2.792332929473247,-1.3960540552697127
1141,1,2.764153116953698,-1.5415177632849906
1141,2,2.9271109559169917,-1.3790005285267646
1141,3,2.887382667134153,-1.3727209639230313
1141,4,2.824888720723807,-1.4402532791746396
1141,5,2.771154675130211,-1.2451933229362262
1141,6,2.8197033457023584,-1.4623042179081263
1141,7,2.6768033864464664,-1.4487339355384778
1141,8,2.853992800007678,-1.308756812008583
1141,9,2.7015049812648906,-1.4267200210302289
1141,10,2.798176721540053,-1.2639475645820326
1141,11,2.849572172457813,-1.390859623167473
1141,12,2.8727748156905193,-1.380057558014401
1141,13,2.668262644290306,-1.3913865244029653
1141,14,2.8848763366063563,-1.3025381953930637
1141,15,2.825501277615905,-1.29214845232079
1141,16,2.8577054520463414,-1.3940977369725747
1141,17,2.8744477272189566,-1.4337959338848212
1141,18,2.6998748341344334,-1.3790269464258371
1141,19,2.7307931300807464,-1.3416899859145655
1142,0,2.7939600593745655,-1.3970213013360804
1142,1,2.765831194929993,-1.542262490728233
1142,2,2.9286057403526313,-1.379995695334903
1142,3,2.8889178640232314,-1.3737184975345091
1142,4,2.8264792254613234,-1.4411799494262618
1142,5,2.7728168028358033,-1.2463077151624975
1142,6,2.8197033457023584,-1.4623042179081263
1142,7,2.6768033864464664,-1.4487339355384778
1142,8,2.855566110296235,-1.3098162233183615
1142,9,2.703220654812308,-1.4276475932473605
1142,10,2.7998079733585786,-1.2650490752193355
1142,11,2.851142497245551,-1.391837344492339
1142,12,2.874323459590665,-1.3810472440159631
1142,13,2.668262644290306,-1.3913865244029653
1142,14,2.8864186505615854,-1.3036075713042843
1142,15,2.825501277615905,-1.29214845232079
1142,16,2.859267434983649,-1.3950728679149933
1142,17,2.8759887943419296,-1.43473430249677
1142,18,2.6998748341344334,-1.3790269464258371
1142,19,2.732487062994064,-1.342704744992725
1143,0,2.795585568212242,-1.3979875837624645
1143,1,2.7675046537228787,-1.5430131043811421
1143,2,2.9300990356364744,-1.380989870726216
1143,3,2.89045153153904,-1.3747150373964216
1143,4,2.8280681455677135,-1.442105696429754
1143,5,2.774477274725486,-1.2474209972283572
1143,6,2.8197033457023584,-1.4623042179081263
1143,7,2.6768033864464664,-1.4487339355384778
1143,8,2.857137853150786,-1.3108745791737104
1143,9,2.7049346191944204,-1.4285742414109306
1143,10,2.801437599823155,-1.2661494883285656
1143,11,2.852711257531553,-1.3928140917214502
1143,12,2.8758705606580164,-1.382035944045205
1143,13,2.668262644290306,-1.3913865244029653
1143,14,2.8879594278684317,-1.3046758817678645
1143,15,2.825501277615905,-1.29214845232079
1143,16,2.860827861735623,-1.3960470273458576
1143,17,2.8775283260022566,-1.4356717361527198
1143,18,2.6998748341344334,-1.3790269464258371
1143,19,2.7341793084061887,-1.343718493164761
1144,0,2.797209457613412,-1.3989529035161148
1144,1,2.7691735636650097,-1.5437693815992177
1144,2,2.9315908432633115,-1.3819830556958739
1144,3,2.89045153153904,-1.3747150373964216
1144,4,2.829655482633488,-1.4430305211117902
1144,5,2.776136092461393,-1.2485331702482017
1144,6,2.8197033457023584,-1.4623042179081263
1144,7,2.6768033864464664,-1.4487339355384778
1144,8,2.858708030144647,-1.311931880634045
1144,9,2.7066468761269076,-1.429499966448515
1144,10,2.8030656025650402,-1.2672488050112376
1144,11,2.854278454886151,-1.3937898658325314
1144,12,2.877416120441223,-1.3830236590918163
1144,13,2.668262644290306,-1.3913865244029653
1144,14,2.889498670069215,-1.305743127853184
1144,15,2.825501277615905,-1.29214845232079
1144,16,2.862386733864251,-1.397020216240302
1144,17,2.8790663237410103,-1.4366082357910424
1144,18,2.6998748341344334,-1.3790269464258371
1144,19,2.73586986801106,-1.3447312314454365
1145,0,2.798831729203591,-1.3999172615633173
1145,1,2.7708379944657753,-1.5445311074484522
1145,2,2.933081164726443,-1.382975251238056
1145,3,2.89045153153904,-1.3747150373964216
1145,4,2.8312412382475727,-1.4439544243981204
1145,5,2.777790079547678,-1.2496489609936023
1145,6,2.8197033457023584,-1.4623042179081263
1145,7,2.6768033864464664,-1.4487339355384778
1145,8,2.860276642849567,-1.312988128757725
1145,9,2.7083574273237403,-1.4304247692867658
1145,10,2.804691983213866,-1.2683470263677687
1145,11,2.8558440908781098,-1.3947646678023335
1145,12,2.8789601404873917,-1.384010390144501
1145,13,2.668262644290306,-1.3913865244029653
1145,14,2.8910363787047175,-1.306809310628557
1145,15,2.825501277615905,-1.29214845232079
1145,16,2.8639440529299667,-1.3979924355724895
1145,17,2.880602789097728,-1.437543802349175
1145,18,2.6998748341344334,-1.3790269464258371
1145,19,2.7375558873841133,-1.3457477133582127
1146,0,2.800452384606674,-1.4008806588693952
1146,1,2.772498015134059,-1.5452980744262326
1146,2,2.9345700015176823,-1.3839664583459508
1146,3,2.89045153153904,-1.3747150373964216
1146,4,2.8328254139973104,-1.4448774072135728
1146,5,2.779442418559741,-1.2507636399371151
1146,6,2.8197033457023584,-1.4623042179081263
1146,7,2.6768033864464664,-1.4487339355384778
1146,8,2.861843692835729,-1.314043324602056
1146,9,2.710063699036492,-1.4313533987338185
1146,10,2.8063167433976415,-1.2694441534974796
1146,11,2.857408167074633,-1.3957384986066343
1146,12,2.880502622342088,-1.3849961381909774
1146,13,2.668262644290306,-1.3913865244029653
1146,14,2.892572555314188,-1.3078744311612338
1146,15,2.825501277615905,-1.29214845232079
1146,16,2.8654998204916473,-1.3989636863156127
1146,17,2.8821377236104135,-1.4384784367636203
1146,18,2.6998748341344334,-1.3790269464258371
1146,19,2.7392402267697595,-1.34676318242568
1147,0,2.8020714254449386,-1.4018430963987103
1147,1,2.774153693909797,-1.546070082192468
1147,2,2.9360573551273563,-1.3849566780117577
1147,3,2.89045153153904,-1.3747150373964216
1147,4,2.834408011468463,-1.4457994704820543
1147,5,2.781093111151574,-1.2518772081945346
1147,6,2.8197033457023584,-1.4623042179081263
1147,7,2.6768033864464664,-1.4487339355384778
1147,8,2.8634091816717517,-1.31509746922329
1147,9,2.711768270593898,-1.432281102880225
1147,10,2.807939884742753,-1.2705401874985955
1147,11,2.858970685041363,-1.3967113592202396
1147,12,2.8820435675493377,-1.3859809042179807
1147,13,2.668262644290306,-1.3913865244029653
1147,14,2.8941072014353404,-1.308938490517401
1147,15,2.825501277615905,-1.29214845232079
1147,16,2.867054038106618,-1.3999339694418946
1147,17,2.883671128815537,-1.4394121399699487
1147,18,2.6998748341344334,-1.3790269464258371
1147,19,2.7409228878540244,-1.347777639664324
1148,0,2.8036888533390463,-1.4028045751146636
1148,1,2.7758050982036258,-1.5468469373106115
1148,2,2.9375432270443076,-1.3859459112266876
1148,3,2.89045153153904,-1.3747150373964216
1148,4,2.8359890322452115,-1.4467206151265508
1148,5,2.7827421589755224,-1.2529896668805438
1148,6,2.8197033457023584,-1.4623042179081263
1148,7,2.6768033864464664,-1.4487339355384778
1148,8,2.8649731109246903,-1.3161505636766266
1148,9,2.713471143702236,-1.4332078826546175
1148,10,2.8095614088739667,-1.2716351294682475
1148,11,2.8605316463423813,-1.3976832506169834
1148,12,2.8835829776516286,-1.3869646892112626
1148,13,2.668262644290306,-1.3913865244029653
1148,14,2.895640318604357,-1.3100014897621832
1148,15,2.825501277615905,-1.29214845232079
1148,16,2.8686067073306516,-1.4009032859225894
1148,17,2.885203006248039,-1.4403449129027976
1148,18,2.701663056693498,-1.3798732021333395
1148,19,2.742603872321253,-1.348791086089617
1149,0,2.805304669908044,-1.4037650959796961
1149,1,2.777452294543978,-1.5476284529982434
1149,2,2.9390250923313856,-1.3869379433069229
1149,3,2.89045153153904,-1.3747150373964216
1149,4,2.8375684779101595,-1.4476408420691291
1149,5,2.784389563682285,-1.2541010171087148
1149,6,2.8197033457023584,-1.4623042179081263
1149,7,2.6768033864464664,-1.4487339355384778
1149,8,2.86653548216004,-1.3172026090162146
1149,9,2.7151723200660833,-1.434133738984704
1149,10,2.8111813174144293,-1.2727289805024735
1149,11,2.8620910525402117,-1.3986541737697302
1149,12,2.885120854189912,-1.3879474941555927
1149,13,2.668262644290306,-1.3913865244029653
1149,14,2.8971719083558893,-1.3110634299596435
1149,15,2.8271765800996986,-1.293105418022726
1149,16,2.870157829717972,-1.4018716367279838
1149,17,2.8867333574413303,-1.4412767564958742
1149,18,2.7034450985641274,-1.3807278903896987
1149,19,2.7442831818541125,-1.3498035227160203
1150,0,2.806918876769366,-1.40472465995529
1150,1,2.7790953485310053,-1.5484144488868898
1150,2,2.940505481090161,-1.3879289869279128
1150,3,2.89045153153904,-1.3747150373964216
1150,4,2.839146350044334,-1.4485601522309375
1150,5,2.786035326920915,-1.2552112599915104
1150,6,2.821353813480352,-1.4631003112656906
1150,7,2.6768033864464664,-1.4487339355384778
1150,8,2.868096296941736,-1.3182536062951522
1150,9,2.716871801388319,-1.4350586727972672
1150,10,2.8127996119856715,-1.2738217416962196
1150,11,2.8636489051958214,-1.399624129650375
1150,12,2.8866571987036034,-1.3889293200347597
1150,13,2.668262644290306,-1.3913865244029653
1150,14,2.8987019722230607,-1.312124312172785
1150,15,2.828845452442565,-1.2940697508836319
1150,16,2.8717074068212542,-1.4028390228273981
1150,17,2.888262183927294,-1.4422076716819543
1150,18,2.7052210657478737,-1.3815906716279003
1150,19,2.7459608181335935,-1.3508149505569838
1151,0,2.808531475538835,-1.4056832680019702
1151,1,2.780734324796781,-1.5492047507907594
1151,2,2.9419843948025046,-1.388919043081693
1151,3,2.89045153153904,-1.3747150373964216
1151,4,2.8407226502271863,-1.449478546532206
1151,5,2.787679450338823,-1.2563203966402847
1151,6,2.821353813480352,-1.4631003112656906
1151,7,2.6768033864464664,-1.4487339355384778
1151,8,2.869655556832155,-1.319303556565489
1151,9,2.718569589370126,-1.435982685018167
1151,10,2.8144162942076076,-1.274913414143341
1151,11,2.865205205868622,-1.4005931192298446
1151,12,2.888189451480401,-1.3899141641472603
1151,13,2.668262644290306,-1.3913865244029653
1151,14,2.9002305117374663,-1.313184137463552
1151,15,2.83050801565475,-1.2950411500327335
1151,16,2.873255440191626,-1.4038054451891866
1151,17,2.889789487236287,-1.4431376593928853
1151,18,2.706991063787334,-1.382461219128779
1151,19,2.7476367828390114,-1.3518253706249477
1152,0,2.810142467830663,-1.4066409210793038
1152,1,2.7823692869712526,-1.5499991904840829
1152,2,2.94346183494881,-1.3899081127593105
1152,3,2.89045153153904,-1.3747150373964216
1152,4,2.8422973800365945,-1.4503960258922486
1152,5,2.7893219355817784,-1.2574284281652848
1152,6,2.821353813480352,-1.4631003112656906
1152,7,2.6768033864464664,-1.4487339355384778
1152,8,2.871213263392118,-1.320352460878226
1152,9,2.7202656857109915,-1.4369057765723403
1152,10,2.816031365698538,-1.2760039989366025
1152,11,2.8667599561164727,-1.4015611434780986
1152,12,2.8897201775146186,-1.3908980269572864
1152,13,2.668262644290306,-1.3913865244029653
1152,14,2.901757528429176,-1.3142429068928305
1152,15,2.8321643893838924,-1.296019325942597
1152,16,2.874801931378671,-1.404770904780739
1152,17,2.8913152688971406,-1.4440667205595856
1152,18,2.708755197572361,-1.3833392185150561
1152,19,2.749311077648009,-1.3528347839313435
1153,0,2.8117518552574556,-1.4075976201459028
1153,1,2.7840002976534697,-1.5507976054867503
1153,2,2.944937803007997,-1.3908961969508251
1153,3,2.89045153153904,-1.3747150373964216
1153,4,2.8438705410488643,-1.4513125912294627
1153,5,2.7909627842939106,-1.2585353556756511
1153,6,2.821353813480352,-1.4631003112656906
1153,7,2.678606798112749,-1.4494993934035945
1153,8,2.872766600967399,-1.3214044919788495
1153,9,2.7219600921087097,-1.4378279483838028
1153,10,2.8176448280751507,-1.2770934971676808
1153,11,2.8683131574956797,-1.40252820336413
1153,12,2.8897201775146186,-1.3908980269572864
1153,13,2.668262644290306,-1.3913865244029653
1153,14,2.9032830238267344,-1.31530062152045
1153,15,2.8338146917870453,-1.2970039999790584
1153,16,2.8763468819304276,-1.4057354025684816
1153,17,2.892839530437165,-1.4449948561120463
1153,18,2.7105135711676787,-1.3842243672650383
1153,19,2.7509837042365564,-1.353843191486595
1154,0,2.813357076731101,-1.4085576641079556
1154,1,2.785627418387632,-1.5515998388579493
1154,2,2.9464123004575105,-1.39188329664531
1154,3,2.89045153153904,-1.3747150373964216
1154,4,2.845442134838732,-1.4522282434613312
1154,5,2.7926019981177106,-1.2596411802794192
1154,6,2.821353813480352,-1.4631003112656906
1154,7,2.6804043591751303,-1.450273618990042
1154,8,2.874318390777195,-1.3224554748221897
1154,9,2.723652810259383,-1.4387492013756495
1154,10,2.8192566829525236,-1.2781819099271647
1154,11,2.869864811560999,-1.4034942998559667
1154,12,2.8897201775146186,-1.3908980269572864
1154,13,2.6700856485465065,-1.3922032559130164
1154,14,2.9048069994571644,-1.3163572824051837
1154,15,2.835459039419069,-1.2979949039691787
1154,16,2.8778902933933934,-1.4066989395178773
1154,17,2.8943622733821464,-1.445922066979332
1154,18,2.712266287660104,-1.3851163742453685
1154,19,2.7526546642789547,-1.354850594300119
1155,0,2.814960698743612,-1.4095167514711655
1155,1,2.7872507096435513,-1.5524057389975119
1155,2,2.9464123004575105,-1.39188329664531
1155,3,2.89045153153904,-1.3747150373964216
1155,4,2.847012162979364,-1.453142983504423
1155,5,2.794239578694033,-1.2607459030835206
1155,6,2.821353813480352,-1.4631003112656906
1155,7,2.682196160329055,-1.4510562682588781
1155,8,2.87586863437485,-1.323505410460282
1155,9,2.7253438418574243,-1.4396695364700554
1155,10,2.8208669319441246,-1.2792692383045563
1155,11,2.871414919865638,-1.4044594339206724
1155,12,2.8897201775146186,-1.3908980269572864
1155,13,2.671902368739217,-1.3930291233489702
1155,14,2.9063294568459668,-1.3174128906047502
1155,15,2.8370975471359836,-1.298991779786595
1155,16,2.8794321673125247,-1.4076615165934276
1155,17,2.8958834992563527,-1.4468483540895818
1155,18,2.7140134490237244,-1.386014959262208
1155,19,2.7543239594478366,-1.3558569933803268
1156,0,2.8165627229002164,-1.41047488319558
1156,1,2.788870230801142,-1.553215159454689
1156,2,2.9464123004575105,-1.39188329664531
1156,3,2.89045153153904,-1.3747150373964216
1156,4,2.8485806270423604,-1.4540568122743935
1156,5,2.7958755276620977,-1.261849525193784
1156,6,2.821353813480352,-1.4631003112656906
1156,7,2.683982292471582,-1.4518470099460463
1156,8,2.8774173333121587,-1.3245542999441124
1156,9,2.7270331885955574,-1.4405889545882768
1156,10,2.8224755766618146,-1.2803554833882724
1156,11,2.872963483961257,-1.405423606524347
1156,12,2.8897201775146186,-1.3908980269572864
1156,13,2.6737129087109217,-1.3938637593698833
1156,14,2.907850397517123,-1.3184674471758142
1156,15,2.8387303280119793,-1.299994378953646
1156,16,2.8809700029589944,-1.4086271313841212
1156,17,2.8974032095825324,-1.4477737183700101
1156,18,2.7157551560015,-1.386919852630231
1156,19,2.755991591414168,-1.3568623897346248
1157,0,2.818163150804542,-1.4114320602402899
1157,1,2.790486040138584,-1.5540279587440782
1157,2,2.9464123004575105,-1.39188329664531
1157,3,2.892063889453629,-1.375574611706981
1157,4,2.850147528597755,-1.4549697306859866
1157,5,2.797509846659491,-1.262952047714936
1157,6,2.821353813480352,-1.4631003112656906
1157,7,2.685762846480075,-1.4526455250723254
1157,8,2.87896448913937,-1.3256021443236208
1157,9,2.72872085216482,-1.4415074566506523
1157,10,2.8240826187158485,-1.2814406462656456
1157,11,2.8745079886272715,-1.4063908491138162
1157,12,2.8897201775146186,-1.3908980269572864
1157,13,2.6755173723174375,-1.3947068106164673
1157,14,2.9093698229930967,-1.3195209531739882
1157,15,2.8403574932688853,-1.301002462259654
1157,16,2.882506306296068,-1.409591784029985
1157,17,2.8989214058819166,-1.4486981607469074
1157,18,2.717491508001876,-1.3878307947588175
1157,19,2.7576575618472505,-1.3578667843694159
1158,0,2.8197619840586183,-1.4123882835634303
1158,1,2.792100239483109,-1.5548399481600073
1158,2,2.9464123004575105,-1.39188329664531
1158,3,2.8936701762494,-1.3764416961559138
1158,4,2.851712869214018,-1.4558817396530341
1158,5,2.7991425373221683,-1.2640534717506031
1158,6,2.821353813480352,-1.4631003112656906
1158,7,2.6875379130133004,-1.4534515064714841
1158,8,2.8805101034051894,-1.3266489446477001
1158,9,2.7304068342545653,-1.4424250435766033
1158,10,2.825688059714877,-1.2825247280229246
1158,11,2.8760509543434516,-1.4073571279393964
1158,12,2.8897201775146186,-1.3908980269572864
1158,13,2.6773158631866227,-1.3955579371600895
1158,14,2.910887734794833,-1.3205734096538324
1158,15,2.8419791522169904,-1.302015799394767
1158,16,2.884041078861587,-1.410555475496637
1158,17,2.9004380896742217,-1.4496216821456411
1158,18,2.719222603009113,-1.388747535754831
1158,19,2.759321872414722,-1.3588701782901
1159,0,2.821359224262879,-1.4133435541221815
1159,1,2.793712830450532,-1.5556511285152783
1159,2,2.9464123004575105,-1.39188329664531
1159,3,2.895270493342187,-1.3773160026395144
1159,4,2.85327428607742,-1.4567968861775435
1159,5,2.800773601284454,-1.2651537984033117
1159,6,2.821353813480352,-1.4631003112656906
1159,7,2.689307582333116,-1.454264658336144
1159,8,2.8820541776567774,-1.3276947019641987
1159,9,2.7320911365524627,-1.4433417162846351
1159,10,2.8272919012659483,-1.2836077297452766
1159,11,2.877592382654307,-1.408322443968334
1159,12,2.8897201775146186,-1.3908980269572864
1159,13,2.6791084845025166,-1.3964168119728808
1159,14,2.9124041344417644,-1.321624817668857
1159,15,2.8435954122061933,-1.3030341685987583
1159,16,2.88557432219186,-1.4115182067487333
1159,17,2.901953262477649,-1.4505442834906574
1159,18,2.720948537506125,-1.3896698350413816
1159,19,2.760984524782559,-1.3598725725010754
1160,0,2.8229548730161635,-1.4142978728727706
1160,1,2.7953238146550583,-1.5564615006218838
1160,2,2.9464123004575105,-1.39188329664531
1160,3,2.8968649416086203,-1.3781972533648315
1160,4,2.854834147141263,-1.457711120847831
1160,5,2.8024030401790454,-1.2662530287744895
1160,6,2.821353813480352,-1.4631003112656906
1160,7,2.6910719441450746,-1.4550846957808354
1160,8,2.8835967134397538,-1.3287394173199205
1160,9,2.733773760744501,-1.444257475692338
1160,10,2.8288941449745093,-1.2846896525167875
1160,11,2.879132275102809,-1.409286798166911
1160,12,2.8897201775146186,-1.3908980269572864
1160,13,2.6808953388127943,-1.3972831204183438
1160,14,2.913919023451808,-1.3226751782715223
1160,15,2.8452063785865462,-1.304057356324217
1160,16,2.887106037821665,-1.4124799787499691
1160,17,2.903466925808889,-1.4514659657054811
1160,18,2.722669406408727,-1.3905974609919822
1160,19,2.7626455206150777,-1.3608739680057396
1161,0,2.8245489319157175,-1.4152512407704716
1161,1,2.7969331937092843,-1.5572710652910071
1161,2,2.9464123004575105,-1.39188329664531
1161,3,2.898453621237657,-1.3790851804644482
1161,4,2.85639245396697,-1.4586244445790464
1161,5,2.804030855637012,-1.2673511639644677
1161,6,2.821353813480352,-1.4631003112656906
1161,7,2.6928310874563968,-1.4559113444217289
1161,8,2.885137712298199,-1.3297830917606266
1161,9,2.7354547085149883,-1.4451723227163882
1161,10,2.8304947924444073,-1.2857704974204627
1161,11,2.8806706332303915,-1.410250191500447
1161,12,2.8897201775146186,-1.3908980269572864
1161,13,2.6826765278575877,-1.3981565597618426
1161,14,2.9154324033413688,-1.3237244925132403
1161,15,2.8468121546773206,-1.3050851569135578
1161,16,2.8886362272842514,-1.413440792463079
1161,17,2.9049790811831193,-1.4523867297127169
1161,18,2.724385303010272,-1.391530190579515
1161,19,2.7643048615749373,-1.3618743658064907
1162,0,2.826141402557196,-1.4162036587696065
1162,1,2.7985409692242,-1.558079823333023
1162,2,2.9464123004575105,-1.39188329664531
1162,3,2.9000366315977746,-1.3799795256254246
1162,4,2.8579492081144067,-1.4595368582854273
1162,5,2.8056570492877984,-1.2684482050724804
1162,6,2.821353813480352,-1.4631003112656906
1162,7,2.694585100449871,-1.456744339972515
1162,8,2.886677175774654,-1.3308257263310364
1162,9,2.7371339815465547,-1.4460862582725484
1162,10,2.832093845277892,-1.2868502655382292
1162,11,2.8822074585769526,-1.4112126249332997
1162,12,2.8897201775146186,-1.3908980269572864
1162,13,2.684452152417875,-1.3990368387003451
1162,14,2.91694151027115,-1.324776738601148
1162,15,2.8484128417438055,-1.306117372289305
1162,16,2.89016489211134,-1.4144006488498384
1162,17,2.9064897301140094,-1.4533065764340505
1162,18,2.726096318935734,-1.3924678090394444
1162,19,2.7659625493231395,-1.3628737669047277
1163,0,2.827732286534663,-1.4171551278235468
1163,1,2.8001471428091906,-1.5588877755574992
1163,2,2.9464123004575105,-1.39188329664531
1163,3,2.901614071118598,-1.380880039731996
1163,4,2.859504411141886,-1.460448362880301
1163,5,2.807281622759226,-1.2695441531966667
1163,6,2.821353813480352,-1.4631003112656906
1163,7,2.6963340703723655,-1.4575834278559097
1163,8,2.8882151054101235,-1.3318673220748278
1163,9,2.738811581520155,-1.446999283275669
1163,10,2.833691305075617,-1.287928957950936
1163,11,2.883742752680856,-1.4121740994288658
1163,12,2.8897201775146186,-1.3908980269572864
1163,13,2.6862223121817737,-1.3999236769107841
1163,14,2.9184491135214308,-1.32582793622732
1163,15,2.850008538981098,-1.3071538116571197
1163,16,2.8916920338331256,-1.4153595488710644
1163,17,2.90799887411372,-1.4542255067902492
1163,18,2.727802544104382,-1.3934101095467226
1163,19,2.767618585519031,-1.363872172300852
1164,0,2.829321585440595,-1.4181056488847137
1164,1,2.801751716072037,-1.5596949227731967
1164,2,2.9464123004575105,-1.39188329664531
1164,3,2.9031860371858054,-1.3817864825216108
1164,4,2.8610580646061683,-1.4613589592760847
1164,5,2.8089045776774952,-1.270639009434072
1164,6,2.821353813480352,-1.4631003112656906
1164,7,2.698078083436718,-1.458428362830256
1164,8,2.889751502744076,-1.3329078800346394
1164,9,2.7404875101150674,-1.447911398639689
1164,10,2.835287173436641,-1.2890065757383553
1164,11,2.8852765170789327,-1.4131346159495826
1164,12,2.8897201775146186,-1.3908980269572864
1164,13,2.6879871056272044,-1.4008168046164091
1164,14,2.9199552146013246,-1.326878086444006
1164,15,2.851599343504215,-1.3081942912210531
1164,16,2.893217653978279,-1.416317493486617
1164,17,2.9095065146929064,-1.4551435217011635
1164,18,2.7295040667002404,-1.3943568929058476
1164,19,2.769272971820306,-1.3648695829942685
1165,0,2.830909300865882,-1.4190552229045799
1165,1,2.803354690618919,-1.5605012657880706
1165,2,2.9464123004575105,-1.39188329664531
1165,3,2.904752626048254,-1.3826986222538917
1165,4,2.862610170062461,-1.462268648384286
1165,5,2.810525915667185,-1.2717327748806484
1165,6,2.821353813480352,-1.4631003112656906
1165,7,2.69981722473588,-1.4592789086307072
1165,8,2.8912863693144475,-1.3339474012520707
1165,9,2.7421617690088986,-1.4488226052776365
1165,10,2.8368814519584302,-1.2900831199791833
1165,11,2.886808753306482,-1.4140941754569276
1165,12,2.8897201775146186,-1.3908980269572864
1165,13,2.6897466299195143,-1.401715962170496
1165,14,2.9214598150184394,-1.3279271903024075
1165,15,2.8531853503439075,-1.3092386339105253
1165,16,2.894741754073947,-1.4172744836553997
1165,17,2.911012653360718,-1.456060622085727
1165,18,2.7312009731496083,-1.3953079672535549
1165,19,2.769272971820306,-1.3648695829942685
1166,0,2.8324954343998288,-1.4200038508336699
1166,1,2.8049560680544157,-1.5613068054092711
1166,2,2.9464123004575105,-1.39188329664531
1166,3,2.906313932736335,-1.3836162353921053
1166,4,2.8641607290644244,-1.4631774311155046
1166,5,2.812145638351256,-1.2728254506312562
1166,6,2.821353813480352,-1.4631003112656906
1166,7,2.7015515781682624,-1.4601348376244747
1166,8,2.8928197066576407,-1.3349858867676834
1166,9,2.7438343598775834,-1.4497329041016305
1166,10,2.8384741422368585,-1.291158591751042
1166,11,2.888339462897274,-1.415052778911421
1166,12,2.8913303486892277,-1.3917417460705719
1166,13,2.6915009808227546,-1.4026208996567961
1166,14,2.922962916278882,-1.3289752488526785
1166,15,2.854766652447602,-1.310286669118551
1166,16,2.896264335645756,-1.4182305203353605
1166,17,2.9125172916248006,-1.4569768088619584
1166,18,2.732893348104969,-1.3962631477736338
1166,19,2.769272971820306,-1.3648695829942685
1167,0,2.8340799876301563,-1.4209515336215612
1167,1,2.806555849981507,-1.5621115424431442
1167,2,2.9464123004575105,-1.39188329664531
1167,3,2.907870050990648,-1.3845391062967258
1167,4,2.8641607290644244,-1.4631774311155046
1167,5,2.813763747351053,-1.273917037779665
1167,6,2.8230110260740195,-1.463878013458042
1167,7,2.703281226373326,-1.4609959304796358
1167,8,2.8943515163085274,-1.3360233376210024
1167,9,2.745505284395387,-1.4506422960228809
1167,10,2.8400652458662106,-1.2922329921304796
1167,11,2.8898686473835506,-1.4160104272726257
1167,12,2.8929345591080273,-1.3925929309243026
1167,13,2.6932502526234114,-1.4035313765061126
1167,14,2.9244645198872585,-1.3300222631439265
1167,15,2.8563433406849508,-1.311338232450744
1167,16,2.897785400217811,-1.4191856044834932
1167,17,2.914018120955714,-1.4578958659468368
1167,18,2.734581274434663,-1.3972222564233794
1167,19,2.769272971820306,-1.3648695829942685
1168,0,2.835662962143004,-1.4218982722168854
1168,1,2.8081540380015766,-1.5629154776952323
1168,2,2.9464123004575105,-1.39188329664531
1168,3,2.9094210732001358,-1.3854670269306846
1168,4,2.8641607290644244,-1.4631774311155046
1168,5,2.815380244286304,-1.2750075374185543
1168,6,2.8246627797272206,-1.4646630449272628
1168,7,2.7050062506765187,-1.4618619758470064
1168,8,2.895881799800451,-1.3370597548505172
1168,9,2.747174544234906,-1.45155078195169
1168,10,2.8416547644391827,-1.2933063221929721
1168,11,2.891396308296027,-1.4169671214991488
1168,12,2.8945329066118584,-1.3934512972534658
1168,13,2.694994538065485,-1.4044471611283984
1168,14,2.925964627346675,-1.331068234224214
1168,15,2.8579155038575084,-1.3123931654846521
1168,16,2.8993049493126994,-1.420139737055838
1168,17,2.915517454869256,-1.4588140072887312
1168,18,2.7362648332177595,-1.3981851216712056
1168,19,2.769272971820306,-1.3648695829942685
1169,0,2.837244359522931,-1.4228440675673284
1169,1,2.8097506337144122,-1.5637186119702755
1169,2,2.9479481554745792,-1.3927683881191835
1169,3,2.9109670903489064,-1.3863997965758992
1169,4,2.8641607290644244,-1.4631774311155046
1169,5,2.816995130775124,-1.2760969506395157
1169,6,2.8263091588782685,-1.4654551298016751
1169,7,2.7067267310427447,-1.4627327700545911
1169,8,2.8974105586652263,-1.3380951394936824
1169,9,2.748842141067071,-1.452458362797453
1169,10,2.8432426995468845,-1.294378583012924
1169,11,2.892922447163893,-1.4179228625486422
1169,12,2.8961254885823062,-1.394316570895243
1169,13,2.694994538065485,-1.4044471611283984
1169,14,2.927463240158741,-1.332113163140559
1169,15,2.859483228712091,-1.3134513155389897
1169,16,2.9008229844514912,-1.4210929190074824
1169,17,2.9170152948662613,-1.459731233806702
1169,18,2.7379467145675247,-1.399147027557068
1169,19,2.769272971820306,-1.3648695829942685
1170,0,2.838824181352918,-1.4237889206196326
1170,1,2.811345638718208,-1.5645209460722118
1170,2,2.9494785647894814,-1.3936593855783075
1170,3,2.9125081919710043,-1.3873372215606883
1170,4,2.8641607290644244,-1.4631774311155046
1170,5,2.8186084084340166,-1.2771852785330526
1170,6,2.8279502477191123,-1.4662540019132082
1170,7,2.708442746037603,-1.4636081168141395
1170,8,2.898937794433143,-1.339129492586919
1170,9,2.750508076561149,-1.4533650394686592
1170,10,2.8448261121252516,-1.295454117707026
1170,11,2.8944470655148153,-1.4188776513778034
1170,12,2.8977124017945575,-1.3951884874145686
1170,13,2.694994538065485,-1.4044471611283984
1170,14,2.9289603598235687,-1.3331570509389363
1170,15,2.861049391523849,-1.3145084112784104
1170,16,2.9023395071537412,-1.4220451512925625
1170,17,2.9185116424460693,-1.460647546418894
1170,18,2.739626920167524,-1.4001079750438357
1170,19,2.769272971820306,-1.3648695829942685
1171,0,2.8404024292143673,-1.4247328323195967
1171,1,2.812939054609565,-1.5653224808041786
1171,2,2.951003621759646,-1.3945560629037415
1171,3,2.9140444661124607,-1.3882791149976788
1171,4,2.8641607290644244,-1.4631774311155046
1171,5,2.820220078877874,-1.2782725221885824
1171,6,2.8295861300537317,-1.467059404442486
1171,7,2.710154372795697,-1.4644878269393444
1171,8,2.9004635086329653,-1.3401628151656155
1171,9,2.7521723523847426,-1.454270812872893
1171,10,2.846407946971977,-1.2965285807252165
1171,11,2.8959701648749383,-1.419831488942377
1171,12,2.8992937422855345,-1.3960667917433245
1171,13,2.694994538065485,-1.4044471611283984
1171,14,2.930455987839777,-1.3341998986642787
1171,15,2.8626139938605126,-1.3155644537610682
1171,16,2.90385451893749,-1.4229964348642636
1171,17,2.9200064991065253,-1.4615629460425368
1171,18,2.741305451699644,-1.4010679650934177
1171,19,2.769272971820306,-1.3648695829942685
1172,0,2.8419791046871072,-1.4256758036120771
1172,1,2.8145308829834943,-1.5661232169685129
1172,2,2.9525234186720897,-1.395458201836606
1172,3,2.9155759993,-1.3892252965318264
1172,4,2.8641607290644244,-1.4631774311155046
1172,5,2.8218301437199798,-1.279358682694437
1172,6,2.8312168891708382,-1.4678710895766678
1172,7,2.711861686995376,-1.465371718075234
1172,8,2.9019877027919345,-1.341195108264129
1172,9,2.753834970203793,-1.4551756839168342
1172,10,2.8479882056704793,-1.2976019731430337
1172,11,2.8974917467688863,-1.4207843761971557
1172,12,2.9008696052361125,-1.3969512378327789
1172,13,2.694994538065485,-1.4044471611283984
1172,14,2.931950125704491,-1.3352417073604779
1172,15,2.864177037288251,-1.3166194440440626
1172,16,2.9053680213192656,-1.4239467706748217
1172,17,2.9214998663439826,-1.4624774335939463
1172,18,2.742982310844097,-1.402026998666765
1172,19,2.769272971820306,-1.3648695829942685
1173,0,2.8435542093493913,-1.4266178354409893
1173,1,2.8161211254334177,-1.5669231553667524
1173,2,2.954038046669302,-1.3963655916900086
1173,3,2.917102876515822,-1.3901755920981766
1173,4,2.8641607290644244,-1.4631774311155046
1173,5,2.82343860457201,-1.280443761137864
1173,6,2.83284260772977,-1.4686888181796791
1173,7,2.7135647628393085,-1.4662596144383226
1173,8,2.9035103784357705,-1.3422263729157855
1173,9,2.7554959316825833,-1.4560796535062597
1173,10,2.8495668898025985,-1.2986742960349447
1173,11,2.8990118127197637,-1.4217363140959802
1173,12,2.9024400848663077,-1.397841588318879
1173,13,2.694994538065485,-1.4044471611283984
1173,14,2.9334427749133436,-1.3362824780703852
1173,15,2.8657385233716717,-1.3176733831834397
1173,16,2.9068800158140857,-1.4248961596755239
1173,17,2.922991745653303,-1.4633910099885257
1173,18,2.7446574992794206,-1.4029850767238714
1173,19,2.769272971820306,-1.3648695829942685
1174,0,2.845127744777901,-1.4275589287493078
1174,1,2.8177097835511695,-1.5677222967996363
1174,2,2.9555475956843162,-1.3972780290716893
1174,3,2.918625181177926,-1.391129833689002
1174,4,2.8641607290644244,-1.4631774311155046
1174,5,2.8250454630440363,-1.2815277586050284
1174,6,2.8344633676585524,-1.4695123594744723
1174,7,2.7152636730403454,-1.4671513465670973
1174,8,2.9050315370886732,-1.3432566101528822
1174,9,2.757155238483737,-1.456982722546044
1174,10,2.851144000948599,-1.2997455504743456
1174,11,2.900530364249158,-1.4226873035917413
1174,12,2.904005274342407,-1.3987376142000023
1174,13,2.694994538065485,-1.4044471611283984
1174,14,2.934933936960479,-1.3373222118358132
1174,15,2.8672984536738237,-1.318726272234194
1174,16,2.9083905039354585,-1.4258446028167093
1174,17,2.9244821385278597,-1.4643036761407655
1174,18,2.74633101868248,-1.4039422002237738
1174,19,2.769272971820306,-1.3648695829942685
1175,0,2.8466997125477462,-1.428499084479068
1175,1,2.8192968589269976,-1.5685206420671058
1175,2,2.9570521543842276,-1.3981953176170325
1175,3,2.9201429951254867,-1.3920878591299637
1175,4,2.8641607290644244,-1.4631774311155046
1175,5,2.8250454630440363,-1.2815277586050284
1175,6,2.8360792500631646,-1.470341490736949
1175,7,2.716960890560028,-1.4680421902331706
1175,8,2.906551180273324,-1.3442858210066877
1175,9,2.7588128922682214,-1.4578848919401604
1175,10,2.852719540687171,-1.3008157375335632
1175,11,2.9020474028771415,-1.4236373456363804
1175,12,2.905565265695085,-1.3996390945267707
1175,13,2.694994538065485,-1.4044471611283984
1175,14,2.936423613338551,-1.3383609096975364
1175,15,2.8688568297561994,-1.319778112250268
1175,16,2.909899487195384,-1.4267921010477707
1175,17,2.9259710464595363,-1.4652154329642457
1175,18,2.74800287072847,-1.4048983701245539
1175,19,2.769272971820306,-1.3648695829942685
1176,0,2.8482701142324687,-1.4294383035713667
1176,1,2.8208823531495666,-1.5693181919683055
1176,2,2.9585518101214685,-1.3991172677320944
1176,3,2.9216563986088198,-1.393049511864955
1176,4,2.8641607290644244,-1.4631774311155046
1176,5,2.8250454630440363,-1.2815277586050284
1176,6,2.8376903351471223,-1.4711759970011786
1176,7,2.718656417097274,-1.4689321463282776
1176,8,2.9080693095108874,-1.345314006507443
1176,9,2.76046889469535,-1.4587861625916807
1176,10,2.852719540687171,-1.3008157375335632
1176,11,2.9035629301222707,-1.4245864411808906
1176,12,2.9071201497476165,-1.4005458161035367
1176,13,2.694994538065485,-1.4044471611283984
1176,14,2.937911805538728,-1.3393985726952924
1176,15,2.8704136531787343,-1.3208289042845551
1176,16,2.911406967104355,-1.4277386553171545
1176,17,2.927458470938732,-1.4661262813716356
1176,18,2.7496730570909156,-1.4058535873833384
1176,19,2.769272971820306,-1.3648695829942685
1177,0,2.8498389514040423,-1.4303765869663632
1177,1,2.8224662678059573,-1.5701149473015834
1177,2,2.9600466488922077,-1.4000436963463017
1177,3,2.9231654702835197,-1.3940146407492913
1177,4,2.8641607290644244,-1.4631774311155046
1177,5,2.8250454630440363,-1.2815277586050284
1177,6,2.8392967021405555,-1.4720156707755507
1177,7,2.7203502543493054,-1.4698212157432653
1177,8,2.9095859263210118,-1.3463411676843624
1177,9,2.7621232474227835,-1.4596865354027782
1177,10,2.852719540687171,-1.3008157375335632
1177,11,2.9050769475015903,-1.4255345911753174
1177,12,2.9086700160533656,-1.4014575732011485
1177,13,2.694994538065485,-1.4044471611283984
1177,14,2.939398515050691,-1.340435201867783
1177,15,2.87196892549981,-1.3218786493888988
1177,16,2.9129129451713616,-1.4286842665723627
1177,17,2.92894441345436,-1.4670362222746955
1177,18,2.751341579441675,-1.406807852956301
1177,19,2.769272971820306,-1.3648695829942685
1178,0,2.851406225632874,-1.43131393560328
1178,1,2.8240486044816704,-1.5709109088644926
1178,2,2.961536755301282,-1.400974426674482
1178,3,2.924670287208378,-1.3949830998509265
1178,4,2.8641607290644244,-1.4631774311155046
1178,5,2.8250454630440363,-1.2815277586050284
1178,6,2.8408984292380115,-1.4728603117694978
1178,7,2.722042404011656,-1.470709399368093
1178,8,2.9111010322218323,-1.3473673055656357
1178,9,2.7637735244642143,-1.4605904575799706
1178,10,2.852719540687171,-1.3008157375335632
1178,11,2.9065894565306327,-1.4264817965687602
1178,12,2.910214952841792,-1.402374167280613
1178,13,2.694994538065485,-1.4044471611283984
1178,14,2.9408837433626385,-1.3414707982526748
1178,15,2.8735226482762557,-1.3229273486140951
1178,16,2.9144174229038886,-1.4296289357599528
1178,17,2.93042887549385,-1.4679452565842772
1178,18,2.7530084394509413,-1.4077611677986626
1178,19,2.770997604294492,-1.3657356273055394
1179,0,2.852971938487807,-1.432250350420404
1179,1,2.825629364760626,-1.5717060774537912
1179,2,2.9630222125331116,-1.4019092879878972
1179,3,2.926170924846721,-1.395954748259384
1179,4,2.8641607290644244,-1.4631774311155046
1179,5,2.8250454630440363,-1.2815277586050284
1179,6,2.842495593544275,-1.4737097266304353
1179,7,2.7237328677781694,-1.4715966980918336
1179,8,2.9126146287299712,-1.3483924211784277
1179,9,2.7654221571524102,-1.4614934790796896
1179,10,2.852719540687171,-1.3008157375335632
1179,11,2.908100458723421,-1.4274280583093721
1179,12,2.9117550469722597,-1.4032954067272745
1179,13,2.694994538065485,-1.4044471611283984
1179,14,2.9423674919612846,-1.3425053628866008
1179,15,2.8750748230633496,-1.323975003009893
1179,16,2.91592040180792,-1.4305726638255398
1179,17,2.93191185854315,-1.4688533852103247
1179,18,2.7546736387872426,-1.4087135328646918
1179,19,2.7727160447045174,-1.3666097020701742
1180,0,2.854536091536122,-1.4331858323550875
1180,1,2.8272085502251665,-1.572500453865444
1180,2,2.9645031023280914,-1.402848115393952
1180,3,2.92766745707084,-1.3969294499020986
1180,4,2.8641607290644244,-1.4631774311155046
1180,5,2.8250454630440363,-1.2815277586050284
1180,6,2.8440882710275504,-1.4745637286905655
1180,7,2.725421647341001,-1.4724831128026736
1180,8,2.9141267173605403,-1.3494165155488804
1180,9,2.7670691471376543,-1.4623956008058607
1180,10,2.852719540687171,-1.3008157375335632
1180,11,2.9096099555924706,-1.4283733773443623
1180,12,2.9132903838949997,-1.4042211065951398
1180,13,2.694994538065485,-1.4044471611283984
1180,14,2.9438497623318636,-1.3435388968051616
1180,15,2.8766254514148204,-1.3250216136249953
1180,16,2.9174218833879393,-1.4315154517137965
1180,17,2.9333933640867276,-1.4697606090618758
1180,18,2.756337179117445,-1.4096649491077073
1180,19,2.7744284001287296,-1.3674914876370967
1181,0,2.8560986863435374,-1.4341203823437487
1181,1,2.8287861624560584,-1.5732940388946222
1181,2,2.96597950496399,-1.4037907496242654
1181,3,2.9291599561691997,-1.3979070733678798
1181,4,2.86577023085393,-1.463973163355107
1181,5,2.8250454630440363,-1.2815277586050284
1181,6,2.8456765364793886,-1.4754221377232022
1181,7,2.727108744390621,-1.4733686443879153
1181,8,2.915637299627142,-1.350439589702113
1181,9,2.768714496068585,-1.4632968236615085
1181,10,2.852719540687171,-1.3008157375335632
1181,11,2.9111179486487884,-1.429317754619996
1181,12,2.914821047618616,-1.4051510883609832
1181,13,2.694994538065485,-1.4044471611283984
1181,14,2.9453305559581295,-1.3445714010429253
1181,15,2.8781745348828482,-1.3260671815070606
1181,16,2.9189218691469305,-1.4324573003684542
1181,17,2.9348733936075715,-1.4706669290470622
1181,18,2.7579990621067547,-1.4106154174800778
1181,19,2.7761347770279543,-1.3683806762620199
1182,0,2.8576597244742117,-1.435054001321873
1182,1,2.830362203032493,-1.5740868333357054
1182,2,2.9674514992419168,-1.4047370368307932
1182,3,2.930650968369099,-1.3988837228787503
1182,4,2.867374469902309,-1.4647754958913777
1182,5,2.8250454630440363,-1.2815277586050284
1182,6,2.8472604634808025,-1.476284779708279
1182,7,2.7287941606158155,-1.4742532937339765
1182,8,2.9171463770418704,-1.3514616446622238
1182,9,2.770358205592198,-1.4641971485487577
1182,10,2.852719540687171,-1.3008157375335632
1182,11,2.9126244394018777,-1.4302611910815957
1182,12,2.9163471206835783,-1.4060851796878768
1182,13,2.694994538065485,-1.4044471611283984
1182,14,2.9468098743223585,-1.3456028766334296
1182,15,2.8797220750180674,-1.3271117077027033
1182,16,2.920420360586381,-1.4333982107323044
1182,17,2.9363519485871925,-1.4715723460731114
1182,18,2.7596592894187175,-1.4115649389332228
1182,19,2.777835281074432,-1.3692769716446545
1183,0,2.859219207490746,-1.4359866902240142
1183,1,2.831936673532089,-1.5748788379822818
1183,2,2.968919162476458,-1.4056868283897068
1183,3,2.9321404951630425,-1.3998593994123372
1183,4,2.868973529234506,-1.465584181533215
1183,5,2.8250454630440363,-1.2815277586050284
1183,6,2.84884012437404,-1.4771514866067115
1183,7,2.7304778977036874,-1.4751370617263924
1183,8,2.9186539511153136,-1.352482681452291
1183,9,2.772000277353848,-1.4650965763688348
1183,10,2.852719540687171,-1.3008157375335632
1183,11,2.9141294293597366,-1.4312036876735421
1183,12,2.9178686841411756,-1.4070232141977974
1183,13,2.6967772044685323,-1.4052811751443253
1183,14,2.9482877189053496,-1.3466333246091828
1183,15,2.881268073369567,-1.3281551932574949
1183,16,2.921917359206283,-1.4343381837471996
1183,17,2.9378290305056254,-1.4724768610463466
1183,18,2.761317862715223,-1.4125135144176142
1183,19,2.7795300169997383,-1.3701800884837212
1184,0,2.860777136954184,-1.4369184499837946
1184,1,2.833509575530892,-1.5756700536271486
1184,2,2.970382570489605,-1.4066399807127332
1184,3,2.933628538042048,-1.4008341039452934
1184,4,2.8705674913424306,-1.4663989816512024
1184,5,2.8250454630440363,-1.2815277586050284
1184,6,2.850415590239533,-1.4780220961432902
1184,7,2.7321599573396593,-1.4760199492498152
1184,8,2.9201600233565546,-1.3535027010943732
1184,9,2.7736407129972513,-1.4659951080220677
1184,10,2.852719540687171,-1.3008157375335632
1184,11,2.915632920028862,-1.4321452453392756
1184,12,2.9193858175374565,-1.4079650312529737
1184,13,2.698553986909255,-1.406123119420199
1184,14,2.949764091186426,-1.3476627460016641
1184,15,2.8828125314848925,-1.3291976392159657
1184,16,2.9234128665051324,-1.4352772203540534
1184,17,2.939304640841431,-1.4733804748721882
1184,18,2.762974783656504,-1.4134611448827772
1184,19,2.7812190884601167,-1.3710897520492107
1185,0,2.8623310949637775,-1.4378533150583919
1185,1,2.8350809106033794,-1.5764604810623135
1185,2,2.9718417976081293,-1.407596355065677
1185,3,2.935115098495648,-1.4018078374532994
1185,4,2.872156438078227,-1.4672196658677317
1185,5,2.8250454630440363,-1.2815277586050284
1185,6,2.851986930877574,-1.4788964515977936
1185,7,2.7338403412074745,-1.4769019571880164
1185,8,2.9216619397597285,-1.3545256145481983
1185,9,2.775279514164485,-1.4668927444078874
1185,10,2.852719540687171,-1.3008157375335632
1185,11,2.917134912914249,-1.433085865021296
1185,12,2.9208985989017022,-1.4089104757456443
1185,13,2.700324985581117,-1.4069726760267658
1185,14,2.9512389926434386,-1.3486911418413257
1185,15,2.8843554509100486,-1.3302390466216052
1185,16,2.924906883979934,-1.4362153214928424
1185,17,2.940778781071696,-1.4742831884551546
1185,18,2.7646300539011404,-1.4144078312772908
1185,19,2.7829025979177686,-1.3720056977713335
1186,0,2.8638835046011173,-1.4387872486283195
1186,1,2.8366506803224585,-1.577250121078995
1186,2,2.973296916664085,-1.4085558173938506
1186,3,2.9366001780118904,-1.4027806009110633
1186,4,2.8737404505588433,-1.4680460117582996
1186,5,2.8250454630440363,-1.2815277586050284
1186,6,2.853554214794301,-1.4797744016040153
1186,7,2.7355190509891987,-1.4777830864238868
1186,8,2.9231623596533103,-1.355547508770998
1186,9,2.7769166824959908,-1.467789486424829
1186,10,2.852719540687171,-1.3008157375335632
1186,11,2.918635409519394,-1.4340255476611647
1186,12,2.922407104739032,-1.4098593978959062
1186,13,2.702090300088142,-1.407829538953295
1186,14,2.952712424752765,-1.3497185131575924
1186,15,2.885896833189499,-1.331279416516863
1186,16,2.926399413126201,-1.4371524881026068
1186,17,2.9422514526720374,-1.4751850026988629
1186,18,2.7662836751060595,-1.4153535745487889
1186,19,2.784580646536764,-1.3729276708456026
1187,0,2.8654343674201668,-1.4397202516284457
1187,1,2.838216899716111,-1.5780429113038195
1187,2,2.9747479989981467,-1.4095182381541482
1187,3,2.938083778077342,-1.403752395292322
1187,4,2.87531960908102,-1.4688778045636441
1187,5,2.8250454630440363,-1.2815277586050284
1187,6,2.855117509191615,-1.4806557999564083
1187,7,2.737196088365222,-1.4786633378394376
1187,8,2.9246612845392215,-1.3565683847856895
1187,9,2.7785522196305754,-1.4686853349705322
1187,10,2.852719540687171,-1.3008157375335632
1187,11,2.9201320316757644,-1.434968083422483
1187,12,2.9239114100267494,-1.410811653057347
1187,13,2.7038500292802583,-1.408693413641814
1187,14,2.954184388989312,-1.3507448609788641
1187,15,2.887436679866169,-1.3323187499431506
1187,16,2.9278880916322483,-1.4380924752018014
1187,17,2.9437226571166,-1.47608591850603
1187,18,2.7679356489265374,-1.4162983756439613
1187,19,2.7862533340923274,-1.3738554258534943
1188,0,2.866983684973341,-1.4406523249927077
1188,1,2.8397815585375303,-1.5788349115969034
1188,2,2.976195114465502,-1.410483492153507
1188,3,2.939565900177087,-1.404723221569843
1188,4,2.876893993045881,-1.469714836912382
1188,5,2.8267219636294865,-1.2824967315398101
1188,6,2.856676879960662,-1.4815405054240627
1188,7,2.7388714550142614,-1.4795427123158014
1188,8,2.9261587159178877,-1.3575882436141704
1188,9,2.780186127205414,-1.4695802909417421
1188,10,2.852719540687171,-1.3008157375335632
1188,11,2.9216271625990236,-1.4359096800419278
1188,12,2.925411588214089,-1.4117671015301587
1188,13,2.705604271107185,-1.4095640165394445
1188,14,2.9556548868265176,-1.351770186332516
1188,15,2.888974992481446,-1.3333570479408416
1188,16,2.9293752868279466,-1.4390315257034791
1188,17,2.945192395878061,-1.4769859367784737
1188,18,2.769585977016202,-1.4172422355085552
1188,19,2.7879207588923545,-1.3747887263981393
1189,0,2.8685314588115087,-1.4415834696541114
1189,1,2.8413446583529414,-1.57962612275104
1189,2,2.9776383314440538,-1.4114514583935112
1189,3,2.941046545794732,-1.4056930807154242
1189,4,2.8784636808923696,-1.4705569085538177
1189,5,2.8283919846301258,-1.2834730454856131
1189,6,2.8582323916785626,-1.482428381571736
1189,7,2.7405451526133593,-1.4804212107332329
1189,8,2.9276546552882388,-1.3586070862773207
1189,9,2.7818184068560488,-1.4704743552343107
1189,10,2.854368071860107,-1.3017658666946101
1189,11,2.9216271625990236,-1.4359096800419278
1189,12,2.926907711225031,-1.4127256083814463
1189,13,2.7073531224893075,-1.410441074668258
1189,14,2.9571239197363512,-1.3527944902448998
1189,15,2.890511772575183,-1.3343943115492736
1189,16,2.93086100020198,-1.4399696405476308
1189,17,2.9466606704276304,-1.477885058417113
1189,18,2.771234661027033,-1.418185155087375
1189,19,2.7895830177101066,-1.3757273447545022
1190,0,2.8700776904839933,-1.4425136865447339
1190,1,2.8429062007270085,-1.5804165455582322
1190,2,2.9790801106518576,-1.4124184603200647
1190,3,2.9425232605103107,-1.4066657127014992
1190,4,2.880028750038825,-1.4714038261005884
1190,5,2.8300556493989517,-1.2844563989316589
1190,6,2.8597863536624444,-1.4833153731411353
1190,7,2.7422171828378894,-1.4812988339711097
1190,8,2.929149104147712,-1.3596249137950027
1190,9,2.7834490602163937,-1.4713675287431969
1190,10,2.856010253679904,-1.3027232033628167
1190,11,2.9216271625990236,-1.4359096800419278
1190,12,2.9283998494638865,-1.4136870432724475
1190,13,2.7090966792041082,-1.411324325212067
1190,14,2.9585914891893164,-1.3538177737413448
1190,15,2.8920470216856984,-1.335430541806748
1190,16,2.932345233241549,-1.44090682067331
1190,17,2.9481274822350527,-1.4787832843219697
1190,18,2.7728817026093644,-1.4191271353242843
1190,19,2.791240205727099,-1.376671061533518
1191,0,2.8716223815385735,-1.443442976595723
1191,1,2.8444661872228374,-1.581206180809694
1191,2,2.9805204535321357,-1.4133844989011373
1191,3,2.9439985038313807,-1.40763737555972
1191,4,2.8815892768320452,-1.472255402780821
1191,5,2.8317130798324923,-1.2854465017843824
1191,6,2.8597863536624444,-1.4833153731411353
1191,7,2.743887547361555,-1.4821755829079337
1191,8,2.9306420639922517,-1.360641727186063
1191,9,2.785078088918734,-1.4722598123624684
1191,10,2.8576462042014983,-1.3036874561257983
1191,11,2.9216271625990236,-1.4359096800419278
1191,12,2.929890501197257,-1.4146475203579303
1191,13,2.710835035786817,-1.412213515119565
1191,14,2.9600575966544516,-1.3548400378461585
1191,15,2.8935807413497776,-1.3364657397505326
1191,16,2.9338279874323723,-1.441843067018635
1191,17,2.949592832768608,-1.4796806153921687
1191,18,2.774527103411887,-1.420068177162206
1191,19,2.7928924164852913,-1.3776196653596648
1192,0,2.873165533521487,-1.4443713407372991
1192,1,2.846024619401976,-1.5819950292958513
1192,2,2.9819593615266733,-1.4143495751037345
1192,3,2.945472277234662,-1.4086080702627224
1192,4,2.8815892768320452,-1.472255402780821
1192,5,2.833364396245641,-1.2864430749120748
1192,6,2.8597863536624444,-1.4833153731411353
1192,7,2.7455562478563933,-1.4830514584213315
1192,8,2.932133536316312,-1.3616575274683325
1192,9,2.7867054945937295,-1.473151206985302
1192,10,2.859276040172682,-1.304658344435373
1192,11,2.9216271625990236,-1.4359096800419278
1192,12,2.9313796679172857,-1.4156070405993333
1192,13,2.7125682854440663,-1.4131084007232426
1192,14,2.9615196306514533,-1.355865020830903
1192,15,2.8951129331026757,-1.3374999064168616
1192,16,2.9353092642586884,-1.4427783805207894
1192,17,2.951056723495113,-1.4805770525259392
1192,18,2.776168313285877,-1.421012729343674
1192,19,2.7945397418477413,-1.3785729525614645
1193,0,2.8747071479774307,-1.4452987798987555
1193,1,2.847581498824416,-1.5827830918063421
1193,2,2.9833968360758183,-1.4153136898938987
1193,3,2.9469445821954032,-1.4095777977821724
1193,4,2.8815892768320452,-1.472255402780821
1193,5,2.835009717262866,-1.2874458497078949
1193,6,2.8597863536624444,-1.4833153731411353
1193,7,2.7472232859927748,-1.4839264613880552
1193,8,2.933623522612859,-1.3626723156586285
1193,9,2.7883312788704147,-1.4740417135039847
1193,10,2.860899876911928,-1.305635598181241
1193,11,2.9216271625990236,-1.4359096800419278
1193,12,2.93286735111463,-1.4165656049571371
1193,13,2.714296519979418,-1.4140087473735103
1193,14,2.9629802078758796,-1.3568889825212693
1193,15,2.8966435984781183,-1.3385330428409368
1193,16,2.936789065203257,-1.443712762116023
1193,17,2.952519155879924,-1.4814725966206157
1193,18,2.7778078878324295,-1.4219563403584317
1193,19,2.796182271966962,-1.3795307268744135
1194,0,2.8762472264495615,-1.4462252950084598
1194,1,2.8491368270485955,-1.5835703691300176
1194,2,2.984832878618484,-1.4162768442367097
1194,3,2.948415420187383,-1.4105465590887685
1194,4,2.8815892768320452,-1.472255402780821
1194,5,2.836649159724371,-1.2884545676705998
1194,6,2.8597863536624444,-1.4833153731411353
1194,7,2.7488886634394065,-1.4848005926839836
1194,8,2.9351120243733697,-1.3636860927727548
1194,9,2.789955443376201,-1.4749313328099143
1194,10,2.862517828201629,-1.3066189572815416
1194,11,2.9216271625990236,-1.4359096800419278
1194,12,2.9343535522784627,-1.4175232143908656
1194,13,2.7160198297297176,-1.4149143290874673
1194,14,2.9644393297897698,-1.357911923942244
1194,15,2.8981727390083027,-1.3395651500569288
1194,16,2.93826739174736,-1.4446462127396527
1194,17,2.953980131386938,-1.4823672485726387
1194,18,2.7794458286927606,-1.4228990111510345
1194,19,2.797820095260274,-1.3804927991558613
1195,0,2.8777857704795,-1.4471508869938545
1195,1,2.8506906056314,-1.5843568620549433
1195,2,2.986265108654701,-1.417242581046685
1195,3,2.9498847926829113,-1.4115143551522416
1195,4,2.8815892768320452,-1.472255402780821
1195,5,2.838282838605896,-1.2894689800023513
1195,6,2.8597863536624444,-1.4833153731411353
1195,7,2.7505500274026957,-1.4856783242355975
1195,8,2.936599043087836,-1.3646988598255032
1195,9,2.791577989736879,-1.4758200657936007
1195,10,2.864130006195439,-1.307608171289702
1195,11,2.9216271625990236,-1.4359096800419278
1195,12,2.9358382728964725,-1.4184798698590868
1195,13,2.717738303511323,-1.4158249282117694
1195,14,2.9658969978537066,-1.358933846117792
1195,15,2.899697633193189,-1.3406002520186608
1195,16,2.939744245370804,-1.4455787333260632
1195,17,2.9554396514785917,-1.4832610092775558
1195,18,2.7810821375064507,-1.4238407426650967
1195,19,2.7994532983915046,-1.3814589871113692
1196,0,2.8793227816073297,-1.448075556781458
1196,1,2.852242836128163,-1.5851425713683993
1196,2,2.987695911626009,-1.4182073556026382
1196,3,2.9513527011528318,-1.4124811869413563
1196,4,2.8815892768320452,-1.472255402780821
1196,5,2.8399108669509467,-1.2904888472229663
1196,6,2.8597863536624444,-1.4833153731411353
1196,7,2.7522097359695925,-1.4865551812084459
1196,8,2.938084580244765,-1.3657106178306548
1196,9,2.793198919576619,-1.4767079133446663
1196,10,2.865736521338503,-1.3086029990170087
1196,11,2.9216271625990236,-1.4359096800419278
1196,12,2.937319097127033,-1.4194393136101244
1196,13,2.7194520285753137,-1.4167403350990613
1196,14,2.9673532135268172,-1.3599547500708586
1196,15,2.9012210079595073,-1.3416343225952936
1196,16,2.9412196275519205,-1.4465103248087088
1196,17,2.9554396514785917,-1.4832610092775558
1196,18,2.7827168159114466,-1.4247815358432927
1196,19,2.80108196625843,-1.3824291150320906
1197,0,2.8808582613716007,-1.448999305296866
1197,1,2.853793520092669,-1.5859274978568816
1197,2,2.9891252889646425,-1.4191711688703093
1197,3,2.9528191470665224,-1.4134470554239125
1197,4,2.8815892768320452,-1.472255402780821
1197,5,2.8415333558143425,-1.2915139387999872
1197,6,2.8597863536624444,-1.4833153731411353
1197,7,2.7538677908014666,-1.4874311644802634
1197,8,2.939568637331181,-1.3667213678009802
1197,9,2.7948182345179737,-1.4775948763518476
1197,10,2.86733748229946,-1.3096032081703286
1197,11,2.9216271625990236,-1.4359096800419278
1197,12,2.938798445868883,-1.4203978013743581
1197,13,2.721161090570873,-1.4176603477974496
1197,14,2.9688079782667747,-1.36097463682337
1197,15,2.902742864832157,-1.3426673628219326
1197,16,2.9426935397675686,-1.4474409881201133
1197,17,2.9554396514785917,-1.4832610092775558
1197,18,2.7843498655440624,-1.4257213916273572
1197,19,2.8027061819854158,-1.3834030135427373
1198,0,2.88239221130933,-1.4499221334647512
1198,1,2.855342659077154,-1.5867116423061023
1198,2,2.99055324210141,-1.4201340218144765
1198,3,2.954284131891897,-1.4144119615667452
1198,4,2.8815892768320452,-1.472255402780821
1198,5,2.8431504142160517,-1.2925440327939655
1198,6,2.8597863536624444,-1.4833153731411353
1198,7,2.7555241935580326,-1.48830627492791
1198,8,2.9410512158326267,-1.367731110748241
1198,9,2.7964359361818785,-1.4784809557029952
1198,10,2.8689329959131844,-1.3106085750044265
1198,11,2.9216271625990236,-1.4359096800419278
1198,12,2.9402763206028517,-1.421355334111235
1198,13,2.7228655735160894,-1.4185847717525097
1198,14,2.9702612935298003,-1.3619935073962335
1198,15,2.9042632053345185,-1.343699373732652
1198,16,2.944165983493136,-1.4483707241918717
1198,17,2.9554396514785917,-1.4832610092775558
1198,18,2.785981288038983,-1.4266603109580869
1198,19,2.8043260269207457,-1.3843805193597007
1199,0,2.883924632956002,-1.4508440422088658
1199,1,2.8568902546323076,-1.5874950055009907
1199,2,2.991979772465694,-1.4210959153989564
1199,3,2.955747657095406,-1.4153759063357267
1199,4,2.8815892768320452,-1.472255402780821
1199,5,2.8447621491043718,-1.2935789155183646
1199,6,2.8597863536624444,-1.4833153731411353
1199,7,2.757178945897351,-1.4891805134273721
1199,8,2.9425323172331646,-1.3687398476831913
1199,9,2.7980520261876545,-1.4793661522850754
1199,10,2.8705231671333156,-1.3116188839883276
1199,11,2.9216271625990236,-1.4359096800419278
1199,12,2.9417527228082934,-1.4223119127792465
1199,13,2.724565559775486,-1.4195134195213315
1199,14,2.9717131607706637,-1.3630113628093397
1199,15,2.9057820309884543,-1.3447303563604958
1199,16,2.945636960202541,-1.4492995339546508
1199,17,2.9554396514785917,-1.4832610092775558
1199,18,2.7876110850292637,-1.4275982947753407
1199,19,2.80594158063817,-1.3853614750589214
1200,0,2.885455527845574,-1.4517650324520412
1200,1,2.8584363083072746,-1.588277588225694
1200,2,2.9934048814854526,-1.4220568505866056
1200,3,2.9572097241420408,-1.4163388906957666
1200,4,2.8815892768320452,-1.472255402780821
1200,5,2.8463686653275846,-1.2946183812135028
1200,6,2.8597863536624444,-1.4833153731411353
1200,7,2.7588320494758305,-1.4900538808537636
1200,8,2.9440119430153784,-1.3697475796155774
1200,9,2.7996665061530095,-1.480250466984171
1200,10,2.8721080989936927,-1.3126339274851935
1200,11,2.9216271625990236,-1.4359096800419278
1200,12,2.943227653963088,-1.4232675383359288
1200,13,2.726261130043643,-1.4204461104981267
1200,14,2.9731635814426856,-1.3640282040815626
1200,15,2.9072993433143104,-1.3457603117374788
1200,16,2.947106471368232,-1.45022741833819
1200,17,2.9554396514785917,-1.4832610092775558
1200,18,2.789239258146333,-1.4285353440180417
1200,19,2.8075555247350965,-1.3863414534050629
1201,0,2.8869848975104713,-1.4526851051161898
1201,1,2.859980821649656,-1.5890593912635786
1201,2,2.9948285705872215,-1.423016828339321
1201,3,2.958670334495331,-1.417300915610813
1201,4,2.8815892768320452,-1.472255402780821
1201,5,2.8479700656132843,-1.2956622317339757
1201,6,2.8597863536624444,-1.4833153731411353
1201,7,2.7604835059482298,-1.4909263780813258
1201,8,2.945490094660375,-1.37075430755414
1201,9,2.8012793776940392,-1.4811339006854818
1201,10,2.8736878925778915,-1.3136535054451868
1201,11,2.9216271625990236,-1.4359096800419278
1201,12,2.944701115543643,-1.424222211737864
1201,13,2.7279523633343277,-1.4213826706509343
1201,14,2.974612556997738,-1.3650440322307615
1201,15,2.9088151438309175,-1.3467892408945872
1201,16,2.9485745184611907,-1.4511543782713023
1201,17,2.9554396514785917,-1.4832610092775558
1201,18,2.790865809019994,-1.4294714596241769
1201,19,2.8091678608270856,-1.3873204553790843
1202,0,2.888512743481596,-1.4536042611223048
1202,1,2.859980821649656,-1.5890593912635786
1202,2,2.996250841196115,-1.4239758496180412
1202,3,2.9601294896173496,-1.4182619820438538
1202,4,2.8815892768320452,-1.472255402780821
1202,5,2.8495664505546427,-1.2967102762490101
1202,6,2.8597863536624444,-1.4833153731411353
1202,7,2.762133316967658,-1.4917980059834295
1202,8,2.946966773647786,-1.3717600325066148
1202,9,2.80289064242523,-1.4820164542733258
1202,10,2.8752626469961102,-1.3146774251108182
1202,11,2.9216271625990236,-1.4359096800419278
1202,12,2.946173109024895,-1.425175933940681
1202,13,2.7296419117564605,-1.4223182977682127
1202,14,2.976060088886248,-1.3660588482737814
1202,15,2.9103294340555936,-1.3478171448617802
1202,16,2.950041102950934,-1.4520804146818758
1202,17,2.9554396514785917,-1.4832610092775558
1202,18,2.792490739278425,-1.4304066425307989
1202,19,2.810778590528087,-1.3882984819609678
1203,0,2.8900390672883223,-1.4545225013904626
1203,1,2.859980821649656,-1.5890593912635786
1203,2,2.997671694735827,-1.4249339153827478
1203,3,2.9615871909687117,-1.4192220909569175
1203,4,2.8815892768320452,-1.472255402780821
1203,5,2.8511579186029357,-1.297762330955226
1203,6,2.8597863536624444,-1.4833153731411353
1203,7,2.7637814841855777,-1.492668765432575
1203,8,2.948441981455768,-1.3727647554797335
1203,9,2.804500301959459,-1.4828981286311402
1203,10,2.8768324593687224,-1.3157055007342815
1203,11,2.923184306313384,-1.4367410077215976
1203,12,2.9476436358803104,-1.4261287058990568
1203,13,2.731329777001281,-1.4232529927865254
1203,14,2.9775061785571957,-1.3670726532264543
1203,15,2.911842215504145,-1.3488440246679905
1203,16,2.951506226305515,-1.4530055284968737
1203,17,2.9554396514785917,-1.4832610092775558
1203,18,2.7941140505481834,-1.4313408936740268
1203,19,2.8123877154504426,-1.389275534129719
1204,0,2.8915638704585023,-1.4554398268398225
1204,1,2.859980821649656,-1.5890593912635786
1204,2,2.999091132628634,-1.4258910265924654
1204,3,2.9630434400085783,-1.420181243311074
1204,4,2.8815892768320452,-1.472255402780821
1204,5,2.8527445660657063,-1.2988182188012898
1204,6,2.8597863536624444,-1.4833153731411353
1204,7,2.765428009251806,-1.4935386573003933
1204,8,2.9499157195610057,-1.3737684774792247
1204,9,2.806108357907998,-1.4837789246414816
1204,10,2.878397424815858,-1.3167375533062984
1204,11,2.9247361364941233,-1.4375785476733671
1204,12,2.9491126975818887,-1.427080528566717
1204,13,2.733015960758344,-1.4241867566415032
1204,14,2.9789508274581182,-1.3680854481035998
1204,15,2.913353489690867,-1.3498698813411258
1204,16,2.952969889991523,-1.4539297206423358
1204,17,2.9554396514785917,-1.4832610092775558
1204,18,2.795735744454205,-1.432274213989047
1204,19,2.8139952372048884,-1.390251612863368
1205,0,2.8930871545184655,-1.4563562383886282
1205,1,2.859980821649656,-1.5890593912635786
1205,2,2.999091132628634,-1.4258910265924654
1205,3,2.964498238194656,-1.421139440066436
1205,4,2.8815892768320452,-1.472255402780821
1205,5,2.8543264871099954,-1.2998777692239727
1205,6,2.8613996171566094,-1.4840851501833776
1205,7,2.7670728938145164,-1.494407682457647
1205,8,2.9513879894387127,-1.374771199509815
1205,9,2.8077148118805115,-1.484658843186028
1205,10,2.879957636452434,-1.3177734102960077
1205,11,2.9262827395196944,-1.4384220670565075
1205,12,2.950580295600162,-1.428031402896437
1205,13,2.734700464715521,-1.4251195902678446
1205,14,2.9803940370351105,-1.3690972339190264
1205,15,2.9148632581285465,-1.35089471590807
1205,16,2.954432095474087,-1.4548529920433795
1205,17,2.9554396514785917,-1.4832610092775558
1205,18,2.7973558226198074,-1.4332066044101137
1205,19,2.8156011574005553,-1.3912267191389704
1206,0,2.894608920993021,-1.4572717369542085
1206,1,2.859980821649656,-1.5890593912635786
1206,2,2.999091132628634,-1.4258910265924654
1206,3,2.965951586983199,-1.4220966821821592
1206,4,2.8815892768320452,-1.472255402780821
1206,5,2.8559037737701156,-1.3009408178951323
1206,6,2.863007674220524,-1.484861695446553
1206,7,2.7687161395202393,-1.4952758417742316
1206,8,2.952858792562632,-1.3757729225752304
1206,9,2.8093196654850616,-1.4855378851455783
1206,10,2.8815131853880964,-1.3188129054014532
1206,11,2.927824201021747,-1.439271341036312
1206,12,2.9520464314041974,-1.428981329840043
1206,13,2.736383290559002,-1.426051494599317
1206,14,2.9818358087328267,-1.3701080116855329
1206,15,2.9163715223284634,-1.3519185293946832
1206,16,2.9558928442168764,-1.4557753436242002
1206,17,2.9554396514785917,-1.4832610092775558
1206,18,2.7989742866666902,-1.434138065870551
1206,19,2.8172054776449706,-1.3922008539326087
1207,0,2.896129171405458,-1.4581863234529784
1207,1,2.859980821649656,-1.5890593912635786
1207,2,2.999091132628634,-1.4258910265924654
1207,3,2.967403487829011,-1.4230529706164439
1207,4,2.883184847553454,-1.4730353429407592
1207,5,2.8574765159594855,-1.3020072064791632
1207,6,2.8646106043238238,-1.4856447582442918
1207,7,2.7703577480138657,-1.4961431361191748
1207,8,2.9543281304050395,-1.3767736476781967
1207,9,2.810922920328109,-1.4864160514000546
1207,10,2.883064160731581,-1.3198558783102352
1207,11,2.929360605795508,-1.440126152495262
1207,12,2.953511106461598,-1.4299303103484127
1207,13,2.738064439973298,-1.4269824705687575
1207,14,2.983276143994482,-1.3711177824149088
1207,15,2.917878283800392,-1.3529413228258036
1207,16,2.9573521376821015,-1.456696776308073
1207,17,2.9554396514785917,-1.4832610092775558
1207,18,2.8005911382149375,-1.4350685993027525
1207,19,2.8188081995440606,-1.3931740182193928
1208,0,2.8976479072775487,-1.4590999988004398
1208,1,2.859980821649656,-1.5890593912635786
1208,2,2.999091132628634,-1.4258910265924654
1208,3,2.9688539421854463,-1.4240083063265359
1208,4,2.8847751457898054,-1.473822033484528
1208,5,2.8590476913653324,-1.303072532714849
1208,6,2.866208486588212,-1.4864340965156253
1208,7,2.7719977209386473,-1.4970095663606393
1208,8,2.9557960044367437,-1.3777733758204405
1208,9,2.812524578014513,-1.4872933428285022
1208,10,2.88461064959904,-1.320902174469907
1208,11,2.9308920377201044,-1.4409862917546545
1208,12,2.954974322238505,-1.4308783453714766
1208,13,2.7397439146412403,-1.4279125191080737
1208,14,2.9847150442618537,-1.3721265471179356
1208,15,2.9193835440526015,-1.3539630972252485
1208,16,2.958809977330517,-1.4576172910173526
1208,17,2.9554396514785917,-1.4832610092775558
1208,18,2.802206378883019,-1.4359982056381833
1208,19,2.8204093247021516,-1.394146212973461
1209,0,2.89916513012955,-1.4600127639111828
1209,1,2.859980821649656,-1.5890593912635786
1209,2,2.999091132628634,-1.4258910265924654
1209,3,2.970302951504411,-1.424962690268727
1209,4,2.886360252590815,-1.4746152248407478
1209,5,2.8606173015604046,-1.304136797668582
1209,6,2.867801399671486,-1.4872294765157354
1209,7,2.7736360599361984,-1.4978751333659228
1209,8,2.9572624161270875,-1.3787721080026905
1209,9,2.8141223476323765,-1.488173932788723
1209,10,2.8861527371259146,-1.3219516448677169
1209,11,2.9324185796880555,-1.4418515563063674
1209,12,2.9564360801995995,-1.4318254358582188
1209,13,2.741419159318343,-1.4288462435082823
1209,14,2.986152510975282,-1.3731343068043877
1209,15,2.920887304591859,-1.3549838536158154
1209,16,2.9602663646214213,-1.4585368886734753
1209,17,2.9554396514785917,-1.4832610092775558
1209,18,2.803820010287793,-1.43692688580738
1209,19,2.8220088547219713,-1.3951174391679813
1210,0,2.9006808414802023,-1.460924619698886
1210,1,2.859980821649656,-1.5890593912635786
1210,2,2.999091132628634,-1.4258910265924654
1210,3,2.971750517236365,-1.4259161233983564
1210,4,2.887940248633107,-1.4754146760048417
1210,5,2.8606173015604046,-1.304136797668582
1210,6,2.869389421663315,-1.4880306725176664
1210,7,2.775272766646498,-1.4987398380014585
1210,8,2.958727366943951,-1.379769845224679
1210,9,2.815718525223485,-1.4890536453240877
1210,10,2.8876932883667656,-1.3230000697433522
1210,11,2.933940313543208,-1.4427217505544383
1210,12,2.9578963818081014,-1.4327715827566774
1210,13,2.7430927347611753,-1.4297790375340866
1210,14,2.987588545573672,-1.3741410624830337
1210,15,2.9223895669234303,-1.3560035930192822
1210,16,2.96172130101266,-1.4594555701969592
1210,17,2.956963412035447,-1.4840364627528557
1210,18,2.805432034044505,-1.4378546407399526
1210,19,2.823606791204651,-1.396087697775152
1211,0,2.902195042846735,-1.4618355670763183
1211,1,2.859980821649656,-1.5890593912635786
1211,2,2.999091132628634,-1.4258910265924654
1211,3,2.9731966408303228,-1.4268686066698117
1211,4,2.8895152141049594,-1.476220154232438
1211,5,2.8606173015604046,-1.304136797668582
1211,6,2.869389421663315,-1.4880306725176664
1211,7,2.7769078427078915,-1.4996036811328166
1211,8,2.960190858353751,-1.3807665884851417
1211,9,2.8173131123856145,-1.4899324813151897
1211,10,2.889232304863686,-1.3240474501462873
1211,11,2.93545732002645,-1.4435966855661402
1211,12,2.959355228525775,-1.4337167870139467
1211,13,2.7447646426449874,-1.4307109021192146
1211,14,2.9890231494944963,-1.3751468151616368
1211,15,2.9238903325510814,-1.357022316456409
1211,16,2.9631747879606256,-1.4603733365074054
1211,17,2.958482051554491,-1.4848182206387153
1211,18,2.8070424517667933,-1.4387814713645846
1211,19,2.8252031357497267,-1.397056989766203
1212,0,2.9037077357448644,-1.4627456069553386
1212,1,2.859980821649656,-1.5890593912635786
1212,2,2.999091132628634,-1.4258910265924654
1212,3,2.9746413237338554,-1.4278201410365299
1212,4,2.8895152141049594,-1.476220154232438
1212,5,2.8606173015604046,-1.304136797668582
1212,6,2.869389421663315,-1.4880306725176664
1212,7,2.7785412897570914,-1.500466663624705
1212,8,2.961652891821444,-1.3817623387818194
1212,9,2.8189061107149476,-1.4908104416417447
1212,10,2.8907697881572334,-1.325093787124951
1212,11,2.936969678728579,-1.4444761788322371
1212,12,2.960812621812927,-1.4346610495761771
1212,13,2.746434884643361,-1.4316418381964637
1212,14,2.990456324173795,-1.3761515658469565
1212,15,2.9253896029770803,-1.3580400249469389
1212,16,2.9646268269202602,-1.4612901885234988
1212,17,2.9599956471486917,-1.4856060555867032
1212,18,2.808651265066687,-1.4397073786090342
1212,19,2.8267978899551407,-1.3980253161113967
1213,0,2.9052189216887983,-1.4636547402468976
1213,1,2.859980821649656,-1.5890593912635786
1213,2,2.999091132628634,-1.4258910265924654
1213,3,2.976084567393092,-1.4287707274509973
1213,4,2.8895152141049594,-1.476220154232438
1213,5,2.8606173015604046,-1.304136797668582
1213,6,2.869389421663315,-1.4880306725176664
1213,7,2.7801731094291795,-1.5013287863409701
1213,8,2.963113468810527,-1.3827570971114596
1213,9,2.8204975218060775,-1.4916875271825916
1213,10,2.8923057397864294,-1.3261390817267276
1213,11,2.9384774680497427,-1.4453600540361087
1213,12,2.9622685631284096,-1.4356043713885762
1213,13,2.74810346242821,-1.4325718466977018
1213,14,2.991888071046177,-1.3771553155447491
1213,15,2.9268873797021984,-1.3590567195095993
1213,16,2.966077419345056,-1.4622061271630094
1213,17,2.961504275543188,-1.4863997478246727
1213,18,2.81025847555461,-1.4406323634001357
1213,19,2.8283910554172436,-1.3989926777800283
1214,0,2.906728602191235,-1.4645629678610388
1214,1,2.859980821649656,-1.5890593912635786
1214,2,2.999091132628634,-1.4258910265924654
1214,3,2.977526373252721,-1.4297203668647522
1214,4,2.8895152141049594,-1.476220154232438
1214,5,2.8606173015604046,-1.304136797668582
1214,6,2.869389421663315,-1.4880306725176664
1214,7,2.7818033033576093,-1.5021900501445975
1214,8,2.9645725907830394,-1.383750864469816
1214,9,2.8220873472520083,-1.492563738815694
1214,10,2.893840161288763,-1.327183334997958
1214,11,2.939980765164922,-1.44624814083144
1214,12,2.963723053929621,-1.4365467533954102
1214,13,2.7497703776697824,-1.4335009285538682
1214,14,2.9933183915448223,-1.3781580652597691
1214,15,2.928383664225711,-1.3600724011621024
1214,16,2.967526566687057,-1.4631211533427924
1214,17,2.9630080129770393,-1.4871990848931864
1214,18,2.8118640848393817,-1.4415564266637997
1214,19,2.829982633730795,-1.399959075740428
1215,0,2.9082367787633663,-1.4654702907068988
1215,1,2.859980821649656,-1.5890593912635786
1215,2,2.999091132628634,-1.4258910265924654
1215,3,2.978966742755991,-1.4306690602283845
1215,4,2.8895152141049594,-1.476220154232438
1215,5,2.8606173015604046,-1.304136797668582
1215,6,2.869389421663315,-1.4880306725176664
1215,7,2.783431873174206,-1.5030504558977131
1215,8,2.9660277489751996,-1.3847473175686633
1215,9,2.8236755886441567,-1.4934390774181407
1215,10,2.8953730542001925,-1.3282265479839408
1215,11,2.9414796459949524,-1.4471402746281767
1215,12,2.9651760956725086,-1.4374881965400044
1215,13,2.751435632036662,-1.4344290846949748
1215,14,2.9947472871014833,-1.37915981599577
1215,15,2.929878458045401,-1.3610870709211464
1215,16,2.9689742703968625,-1.46403526797879
1215,17,2.9645069351147058,-1.4880038613910043
1215,18,2.8134680945282184,-1.4424795693250143
1215,19,2.8315726264889673,-1.4009245109599613
1216,0,2.90974116685155,-1.466380498846174
1216,1,2.861586484446232,-1.5897017433174048
1216,2,2.999091132628634,-1.4258910265924654
1216,3,2.9804056773447143,-1.431616808491537
1216,4,2.8895152141049594,-1.476220154232438
1216,5,2.8606173015604046,-1.304136797668582
1216,6,2.869389421663315,-1.4880306725176664
1216,7,2.78505882050917,-1.503910004461584
1216,8,2.9674814572547965,-1.385742777806477
1216,9,2.8252622475723537,-1.4943135438661466
1216,10,2.8969044200551446,-1.3292687217289332
1216,11,2.942974185182626,-1.4480362963864526
1216,12,2.966627689811568,-1.4384287017647441
1216,13,2.75309922719577,-1.4353563160501068
1216,14,2.9961747591464856,-1.3801605687555054
1216,15,2.9313717626575584,-1.3621007298024168
1216,16,2.970418292706677,-1.464952008689892
1216,17,2.9645069351147058,-1.4880038613910043
1216,18,2.8150705062267356,-1.4434017923078464
1216,19,2.8331610352833443,-1.4018889844050293
1217,0,2.9112440559783948,-1.4672898000606858
1217,1,2.8631873814609534,-1.5903513662211233
1217,2,2.999091132628634,-1.4258910265924654
1217,3,2.9818431784592647,-1.4325636126029069
1217,4,2.8895152141049594,-1.476220154232438
1217,5,2.8606173015604046,-1.304136797668582
1217,6,2.869389421663315,-1.4880306725176664
1217,7,2.7866841469910772,-1.5047686966966192
1217,8,2.968933717076993,-1.3867372461797136
1217,9,2.8268473256248465,-1.4951871390350533
1217,10,2.8984314977942884,-1.3303139050840391
1217,11,2.944464456073442,-1.4489360524182062
1217,12,2.9680778377998474,-1.4393682700110764
1217,13,2.7547611648123667,-1.4362826235474238
1217,14,2.9976008091087305,-1.3811603245407296
1217,15,2.932863579556982,-1.3631133788205871
1217,16,2.9718608762073373,-1.465867835969866
1217,17,2.9645069351147058,-1.4880038613910043
1217,18,2.816671321538949,-1.444323096535442
1217,19,2.834747861703925,-1.4028524970410712
1218,0,2.9127454476482946,-1.4681981952606458
1218,1,2.864783571896658,-1.5910080061436123
1218,2,2.999091132628634,-1.4258910265924654
1218,3,2.983279247538583,-1.4335094735102458
1218,4,2.8895152141049594,-1.476220154232438
1218,5,2.8606173015604046,-1.304136797668582
1218,6,2.869389421663315,-1.4880306725176664
1218,7,2.788307854246881,-1.5056265334623702
1218,8,2.9703845298955036,-1.3877307236838372
1218,9,2.8284308243883003,-1.4960598637993303
1218,10,2.899957053945147,-1.331358047012957
1218,11,2.9459505307006095,-1.449839394196206
1218,12,2.9695265410889453,-1.4403069022195096
1218,13,2.7564214465500534,-1.4372080081141605
1218,14,2.9990254384156954,-1.3821590843521991
1218,15,2.934353910236983,-1.3641250189893201
1218,16,2.973302022342871,-1.466782750735456
1218,17,2.9645069351147058,-1.4880038613910043
1218,18,2.8182705420672765,-1.4452434829300278
1218,19,2.8363331073391236,-1.403815049832564
1219,0,2.914245343364144,-1.4691056853553583
1219,1,2.866375115441591,-1.5916714176076836
1219,2,2.999091132628634,-1.4258910265924654
1219,3,2.984711560204404,-1.4344579139435527
1219,4,2.8895152141049594,-1.476220154232438
1219,5,2.8606173015604046,-1.304136797668582
1219,6,2.869389421663315,-1.4880306725176664
1219,7,2.7899299439019134,-1.5064835156175325
1219,8,2.9718338971625924,-1.3887232113133194
1219,9,2.8300127454477986,-1.4969317190325762
1219,10,2.901481090034804,-1.3324011485608735
1219,11,2.947432479773935,-1.4507461781702156
1219,12,2.9709738011290154,-1.4412445993296157
1219,13,2.7580800740707736,-1.4381324706766276
1219,14,3.0004486484934354,-1.3831568491896737
1219,15,2.9358427561893827,-1.3651356513212685
1219,16,2.9747417325558665,-1.4676967539024928
1219,17,2.9645069351147058,-1.4880038613910043
1219,18,2.8198681694125387,-1.4461629524129112
1219,19,2.837914218708861,-1.4047808391821082
1220,0,2.91574374462734,-1.470012271253222
1220,1,2.867962072123164,-1.5923413632077894
1220,2,2.999091132628634,-1.4258910265924654
1220,3,2.9861424457224808,-1.4354054093565038
1220,4,2.8895152141049594,-1.476220154232438
1220,5,2.8606173015604046,-1.304136797668582
1220,6,2.869389421663315,-1.4880306725176664
1220,7,2.7915504175798884,-1.5073396440199462
1220,8,2.973281820329078,-1.3897147100616416
1220,9,2.831593090386846,-1.4978027056075187
1220,10,2.9030036075888206,-1.3334432107719347
1220,11,2.948910372672252,-1.4516562655900342
1220,12,2.9724196193687664,-1.4421813622800301
1220,13,2.759737049034815,-1.4390560121602132
1220,14,3.0018704407665853,-1.3841536200519169
1220,15,2.937330118904518,-1.3661452768280762
1220,16,2.9761800082874754,-1.4686098463858943
1220,17,2.9645069351147058,-1.4880038613910043
1220,18,2.8214642051739625,-1.447081505904482
1220,19,2.8394937546497894,-1.405745666213378
1221,0,2.917240652937784,-1.47091795386173
1221,1,2.8695445021742403,-1.5930176133367686
1221,2,2.999091132628634,-1.4258910265924654
1221,3,2.987571905525131,-1.4363519606975432
1221,4,2.8895152141049594,-1.476220154232438
1221,5,2.8606173015604046,-1.304136797668582
1221,6,2.869389421663315,-1.4880306725176664
1221,7,2.7931692769029017,-1.5081949195265967
1221,8,2.974728300844333,-1.390705220921295
1221,9,2.8331718607873686,-1.4986728243960163
1221,10,2.904524608131238,-1.3344842346892458
1221,11,2.950384277439078,-1.4525695223351591
1221,12,2.973863997255464,-1.4431171920084538
1221,13,2.761392373100812,-1.4399786334893832
1221,14,3.0032908166583603,-1.3851493979366971
1221,15,2.9388159998712404,-1.3671538965203793
1221,16,2.977616850977413,-1.4695220290996671
1221,17,2.9645069351147058,-1.4880038613910043
1221,18,2.8230586509491813,-1.4479991443242133
1221,19,2.841071716743026,-1.4067095318921667
1222,0,2.9187360697938822,-1.4718227340874719
1222,1,2.871122465911066,-1.5936999459214438
1222,2,2.999091132628634,-1.4258910265924654
1222,3,2.9889999410432453,-1.4372975689141694
1222,4,2.8895152141049594,-1.476220154232438
1222,5,2.8606173015604046,-1.304136797668582
1222,6,2.869389421663315,-1.4880306725176664
1222,7,2.794786523491433,-1.5090493429936154
1222,8,2.976173340156285,-1.3916947448837815
1222,9,2.834749058229718,-1.499542076269059
1222,10,2.90604409318458,-1.3355242213548728
1222,11,2.9518542607812024,-1.4534858187508215
1222,12,2.975306936234932,-1.444052089451653
1222,13,2.7630460479257444,-1.4409003355876824
1222,14,3.0047073067110754,-1.3861476990198593
1222,15,2.9403004005769184,-1.3681615114078072
1222,16,2.97905226206396,-1.4704333029569068
1222,17,2.9645069351147058,-1.4880038613910043
1222,18,2.8246515083342367,-1.448915868590662
1222,19,2.8426481065681126,-1.4076724371833047
1223,0,2.9202299966925485,-1.4727266128361332
1223,1,2.872696023622014,-1.5943881461668723
1223,2,2.999091132628634,-1.4258910265924654
1223,3,2.990426553706289,-1.4382422349529373
1223,4,2.8895152141049594,-1.476220154232438
1223,5,2.862260392680921,-1.3050798914512163
1223,6,2.869389421663315,-1.4880306725176664
1223,7,2.7964021589643475,-1.5099029152762813
1223,8,2.977616939711421,-1.392683282939616
1223,9,2.83632468429267,-1.5004104620967684
1223,10,2.9075620642698525,-1.3365631718098432
1223,11,2.9533203880699377,-1.454405029490156
1223,12,2.9767484377515534,-1.4449860555454614
1223,13,2.7646980751649433,-1.4418211193777355
1223,14,3.0061223853834953,-1.3871450054031471
1223,15,2.941783322507438,-1.3691681224989833
1223,16,2.980486242983965,-1.4713436688697996
1223,17,2.9645069351147058,-1.4880038613910043
1223,18,2.826242778923581,-1.44983167962147
1223,19,2.8442229257030167,-1.408634383050661
1224,0,2.921722435129205,-1.4736295910124975
1224,1,2.8742652354663725,-1.595082006309045
1224,2,2.999091132628634,-1.4258910265924654
1224,3,2.9918517449423025,-1.4391859597594585
1224,4,2.8895152141049594,-1.476220154232438
1224,5,2.863897105951811,-1.30603029309768
1224,6,2.869389421663315,-1.4880306725176664
1224,7,2.798016184938898,-1.510755637229021
1224,8,2.979059100954785,-1.393670836078326
1224,9,2.837898740553428,-1.5012779827484
1224,10,2.9090785229065457,-1.3376010870941475
1224,11,2.954782723344784,-1.4553270333622739
1224,12,2.9781885032482727,-1.4459190912247797
1224,13,2.7663484564720893,-1.442740985781248
1224,14,3.0075360540921148,-1.388141318084865
1224,15,2.9432647671472063,-1.3701737308015265
1224,16,2.9819187951728434,-1.4722531277496227
1224,17,2.9645069351147058,-1.4880038613910043
1224,18,2.8278300579335616,-1.4507507468799126
1224,19,2.8457961757241343,-1.4095953704571442
1225,0,2.9232133865977845,-1.474531669520447
1225,1,2.8758301613824515,-1.5957813253758242
1225,2,2.999091132628634,-1.4258910265924654
1225,3,2.9932755161779037,-1.4401287442784025
1225,4,2.8895152141049594,-1.476220154232438
1225,5,2.865527558865215,-1.3069877087096835
1225,6,2.869389421663315,-1.4880306725176664
1225,7,2.799628603030726,-1.5116075097054098
1225,8,2.9804998253299817,-1.3946574052884533
1225,9,2.839471228587624,-1.5021446390923425
1225,10,2.910593470612636,-1.33863796824674
1225,11,2.9562436018220293,-1.456248118722029
1225,12,2.9796248446112976,-1.4468547216934255
1225,13,2.7679971934992156,-1.4436599357190072
1225,14,3.008948314252018,-1.389136638062323
1225,15,2.94474473597915,-1.3711783373220514
1225,16,2.983349920064582,-1.4731616805067451
1225,17,2.9645069351147058,-1.4880038613910043
1225,18,2.8294157553706496,-1.4516688983750559
1225,19,2.84736785820629,-1.410555400364704
1226,0,2.924702852590731,-1.475432849262963
1226,1,2.877390861004341,-1.5964859089559045
1226,2,2.999091132628634,-1.4258910265924654
1226,3,2.994697868838289,-1.4410705894534974
1226,4,2.8895152141049594,-1.476220154232438
1226,5,2.8671518676985883,-1.3079518553125604
1226,6,2.869389421663315,-1.4880306725176664
1226,7,2.8012371909639473,-1.5124627296704638
1226,8,2.981939114279178,-1.3956429915575543
1226,9,2.84104214996932,-1.5030104319961197
1226,10,2.912106908904588,-1.3396738163055395
1226,11,2.9577030249640153,-1.4571682864914288
1226,12,2.9810597548135402,-1.447789419906225
1226,13,2.7696442878967096,-1.4445779701108827
1226,14,3.0103591672768784,-1.3901309663318373
1226,15,2.9462206599576506,-1.3721857195247509
1226,16,2.984779619091738,-1.4740693280506292
1226,17,2.9645069351147058,-1.4880038613910043
1226,18,2.830999872822129,-1.4525861350259708
1226,19,2.848937974722739,-1.4115144737343313
1227,0,2.9261908345990006,-1.4763331311421273
1227,1,2.87894739358668,-1.59719556897558
1227,2,2.999091132628634,-1.4258910265924654
1227,3,2.996118804347234,-1.4420114962275314
1227,4,2.8895152141049594,-1.476220154232438
1227,5,2.8687701473859994,-1.308922460428322
1227,6,2.8709916369656514,-1.4887990287542339
1227,7,2.802844176095329,-1.5133170974917802
1227,8,2.9833769692431025,-1.396627595872202
1227,9,2.8426115062710093,-1.5038753623263914
1227,10,2.9136188392973548,-1.340708632307431
1227,11,2.9591609942316257,-1.4580875375915618
1227,12,2.982493235291347,-1.4487231867988115
1227,13,2.771289741313314,-1.4454950898758279
1227,14,3.011768614578961,-1.3911243038887318
1227,15,2.94769511332561,-1.3731920979718992
1227,16,2.9862078936854415,-1.474976071289831
1227,17,2.9645069351147058,-1.4880038613910043
1227,18,2.8325824118737035,-1.453502457750812
1227,19,2.85050652684517,-1.4124725915260592
1228,0,2.927677334112065,-1.4772325160591229
1228,1,2.8804998179368626,-1.597910123483099
1228,2,2.999091132628634,-1.4258910265924654
1228,3,2.997538324127098,-1.442951465542353
1228,4,2.891104531693912,-1.4769929356973042
1228,5,2.870382511405232,-1.3098992616654865
1228,6,2.8725887086865476,-1.489574009222353
1228,7,2.804449560033464,-1.514170614024582
1228,8,2.9848133916610506,-1.3976112192179864
1228,9,2.8441792990636197,-1.5047394309489535
1228,10,2.91512926330438,-1.3417424172882668
1228,11,2.9606152453491186,-1.4590094567020748
1228,12,2.983925287479634,-1.449656023305887
1228,13,2.77293355539613,-1.4464112959318804
1228,14,3.0131766575691246,-1.392116651727338
1228,15,2.949168097558958,-1.3741974736708824
1228,16,2.987634745275397,-1.4758819111320014
1228,17,2.9645069351147058,-1.4880038613910043
1228,18,2.834163374109496,-1.4544178674668193
1228,19,2.852073516143705,-1.4134297546989647
1229,0,2.9291623526179125,-1.478131004914235
1229,1,2.8820481923541226,-1.5986293964403897
1229,2,2.999091132628634,-1.4258910265924654
1229,3,2.998956429598821,-1.4438904983388723
1229,4,2.8926885714125046,-1.4777725393095622
1229,5,2.871989071679348,-1.3108820063251159
1229,6,2.8741807151261978,-1.4903553694792122
1229,7,2.8060533443853437,-1.5150232801232404
1229,8,2.986248382970882,-1.3985938625795153
1229,9,2.8457455299165133,-1.5056026387287396
1229,10,2.9166381824376,-1.3427751722828662
1229,11,2.9620680474583763,-1.4599304572171903
1229,12,2.9853559128118863,-1.4505879303612217
1229,13,2.7745757317906166,-1.4473265891961637
1229,14,3.0145832976568214,-1.3931080108409972
1229,15,2.9506396141321525,-1.3752018476280825
1229,16,2.989060175289884,-1.4767868484838869
1229,17,2.9645069351147058,-1.4880038613910043
1229,18,2.835742761112052,-1.4553323650903192
1229,19,2.853638944186902,-1.414385964211169
1230,0,2.930645891603047,-1.479028598606852
1230,1,2.883592574574992,-1.5993532175219343
1230,2,2.999091132628634,-1.4258910265924654
1230,3,3.000373122181928,-1.444828595557062
1230,4,2.89426741339228,-1.4785587143072798
1230,5,2.8735899384914836,-1.3118704510224997
1230,6,2.8757677342096843,-1.4911428734466936
1230,7,2.8076555307563575,-1.5158750966412746
1230,8,2.9876819446090246,-1.3995755269404158
1230,9,2.8457455299165133,-1.5056026387287396
1230,10,2.918145598207444,-1.343806898325018
1230,11,2.963519402013655,-1.4608505400588305
1230,12,2.9867851127201615,-1.4515189088976554
1230,13,2.7762162721405943,-1.448240970584887
1230,14,3.0159885362500995,-1.394098382222061
1230,15,2.9521096645181832,-1.3762052208488789
1230,16,2.99048418515576,-1.4776908842513308
1230,17,2.9645069351147058,-1.4880038613910043
1230,18,2.837320574462338,-1.456245951536724
1230,19,2.855202812541756,-1.4153412210198388
1231,0,2.930645891603047,-1.479028598606852
1231,1,2.8851330217246556,-1.6000814219205797
1231,2,2.999091132628634,-1.4258910265924654
1231,3,3.0017884032945292,-1.4457657581359584
1231,4,2.8958411374669075,-1.4793512185011504
1231,5,2.8751852204117485,-1.312864361323932
1231,6,2.877349843377189,-1.4919362931129232
1231,7,2.809256120750296,-1.5167260644313538
1231,8,2.989114078010475,-1.4005562132833347
1231,9,2.8457455299165133,-1.5056026387287396
1231,10,2.9196515121228366,-1.344837596447481
1231,11,2.964969310467762,-1.4617697061479995
1231,12,2.98821288863509,-1.4524489598470987
1231,13,2.7778551780882452,-1.4491544410133472
1231,14,3.017392374755604,-1.395087766861892
1231,15,2.9535782501885723,-1.3772075943376492
1231,16,2.9919067762984595,-1.4785940193392737
1231,17,2.9645069351147058,-1.4880038613910043
1231,18,2.8388968157397483,-1.4571586277205353
1231,19,2.8567651227737003,-1.4162955260811871
1232,0,2.930645891603047,-1.479028598606852
1232,1,2.8866695902737556,-1.600813850160068
1232,2,2.999091132628634,-1.4258910265924654
1232,3,3.003202274353323,-1.4467019870136624
1232,4,2.897409823052885,-1.480149817969284
1232,5,2.8767750242351657,-1.3138635113980306
1232,6,2.8789271194853496,-1.492735408244369
1232,7,2.8108551159693507,-1.5175761843452977
1232,8,2.9905447846087996,-1.40153592258994
1232,9,2.8457455299165133,-1.5056026387287396
1232,10,2.921155925691199,-1.3458672676819852
1232,11,2.9664177742720574,-1.4626879564047834
1232,12,2.9896392419858766,-1.4533780841405333
1232,13,2.779492451274116,-1.450067001395929
1232,14,3.0187948145785786,-1.3960761657508651
1232,15,2.9550453726133754,-1.3782089690977701
1232,16,2.993327950141998,-1.4794962546517547
1232,17,2.9645069351147058,-1.4880038613910043
1232,18,2.840471486522101,-1.4580703945553424
1232,19,2.8583258764466097,-1.4172488803504744
1233,0,2.930645891603047,-1.479028598606852
1233,1,2.888202336000237,-1.6015503479140747
1233,2,2.999091132628634,-1.4258910265924654
1233,3,3.0046147367735956,-1.4476372831273396
1233,4,2.898973549042087,-1.480954286762692
1233,5,2.878359454929694,-1.3148676836810658
1233,6,2.8804996387189097,-1.4935400061081825
1233,7,2.8124525180141178,-1.5184254572340772
1233,8,2.991974065836138,-1.4025146558409218
1233,9,2.8457455299165133,-1.5056026387287396
1233,10,2.922658840418451,-1.3468959130592324
1233,11,2.9678647948764545,-1.4636052917483515
1233,12,2.991064174200303,-1.4543062827080135
1233,13,2.781128093337119,-1.450978652646106
1233,14,3.0201958571228666,-1.3970635798783686
1233,15,2.9565110332611835,-1.3792093461316188
1233,16,2.9947477081089717,-1.4803975910919123
1233,17,2.9645069351147058,-1.4880038613910043
1233,18,2.842044588385643,-1.458981252953825
1233,19,2.8598850751227998,-1.418201284782009
1234,0,2.930645891603047,-1.479028598606852
1234,1,2.8897313139558447,-1.6022907658315475
1234,2,2.999091132628634,-1.4258910265924654
1234,3,3.0060257919692233,-1.4485716474132226
1234,4,2.900532393705263,-1.4817644066211675
1234,5,2.8799386155934323,-1.3158766685557677
1234,6,2.882067476511876,-1.4943498812044813
1234,7,2.814048328483598,-1.5192738839478153
1234,8,2.9934019231232014,-1.403492414015993
1234,9,2.8457455299165133,-1.5056026387287396
1234,10,2.9241602578090116,-1.3479235336088975
1234,11,2.9693103737294226,-1.4645217130969574
1234,12,2.992487686704727,-1.4552335564786671
1234,13,2.7827621059145335,-1.451889395676442
1234,14,3.0215955037909135,-1.398050010232805
1234,15,2.957975233599124,-1.3802087264405736
1234,16,2.99616605162056,-1.481298029561985
1234,17,2.9645069351147058,-1.4880038613910043
1234,18,2.843616122905051,-1.4598912038277534
1234,19,2.86144272036303,-1.4191527403291486
1235,0,2.930645891603047,-1.479028598606852
1235,1,2.8912565784369115,-1.6030349593681406
1235,2,2.999091132628634,-1.4258910265924654
1235,3,3.0074354413526736,-1.449505080806611
1235,4,2.9020864346056516,-1.482579966699267
1235,5,2.8815126074201824,-1.3168902640431006
1235,6,2.883630707477442,-1.4951648350082662
1235,7,2.8156425489752,-1.520121465335788
1235,8,2.994828357899277,-1.4044691980938904
1235,9,2.8457455299165133,-1.5056026387287396
1235,10,2.925660179365801,-1.3489501303596299
1235,11,2.9707545122779875,-1.4654372213679399
1235,12,2.9939097809240867,-1.456159906380696
1235,13,2.7843944906420073,-1.452799231398592
1235,14,3.0229937559837667,-1.3990354578015922
1235,15,2.959437975092863,-1.3812071110250153
1235,16,2.997582982096526,-1.4821975709633128
1235,17,2.9645069351147058,-1.4880038613910043
1235,18,2.845186091653433,-1.4608002480879891
1235,19,2.8629988137265046,-1.4201032479443014
1236,0,2.930645891603047,-1.479028598606852
1236,1,2.892778182959109,-1.6037827886235425
1236,2,3.0005802854565076,-1.4267321284621801
1236,3,3.0088436863350068,-1.4504375842418724
1236,4,2.9036357485219377,-1.4834007633020871
1236,5,2.88308152967261,-1.3179082755065021
1236,6,2.885189405345998,-1.4959846757206705
1236,7,2.817235181084739,-1.520968202246425
1236,8,2.9962533715922266,-1.4054450090523758
1236,9,2.8457455299165133,-1.5056026387287396
1236,10,2.9271586065902424,-1.349975704339054
1236,11,2.972197211967733,-1.4663518174777235
1236,12,2.995330458281899,-1.4570853333413774
1236,13,2.786025249153559,-1.4537081607233024
1236,14,3.0243906151010784,-1.4000199235711641
1236,15,2.960899259206607,-1.3822045008843278
1236,16,2.9989985009552185,-1.4830962161963375
1236,17,2.9645069351147058,-1.4880038613910043
1236,18,2.8467544962023283,-1.4617083866444862
1236,19,2.8645533567708745,-1.4210528085789262
1237,0,2.930645891603047,-1.479028598606852
1237,1,2.8942961802358433,-1.6045341181845034
1237,2,3.002064074733147,-1.427579258962175
1237,3,3.010250528325878,-1.4513691586524438
1237,4,2.90518041137983,-1.4842265996305433
1237,5,2.884645479662301,-1.3189305153680986
1237,6,2.8867436429105897,-1.4968092180292423
1237,7,2.8188262264064416,-1.521814095527311
1237,8,2.997676965628491,-1.406419847868237
1237,9,2.8457455299165133,-1.5056026387287396
1237,10,2.9286555409822626,-1.35100025657377
1237,11,2.9736384742428035,-1.46726550234182
1237,12,2.996749720200264,-1.4580098382870645
1237,13,2.78765438308158,-1.4546161845604122
1237,14,3.0257860825411056,-1.4010034085269718
1237,15,2.9623590874031014,-1.3832008970168992
1237,16,3.0004126096135733,-1.4839939661606036
1237,17,2.9645069351147058,-1.4880038613910043
1237,18,2.8483213381217123,-1.4626156204062926
1237,19,2.866106351052239,-1.4220014231835343
1238,0,2.930645891603047,-1.479028598606852
1238,1,2.8958106221600084,-1.6052888169733668
1238,2,3.0035425870382024,-1.428432195906634
1238,3,3.0116559687335367,-1.4522998049708318
1238,4,2.9067204981915857,-1.4850572855358464
1238,5,2.886204552736068,-1.3199568028364248
1238,6,2.8882934919792365,-1.4976382828769623
1238,7,2.820415686532946,-1.5226591460251857
1238,8,2.999099141433089,-1.4073937155172889
1238,9,2.8457455299165133,-1.5056026387287396
1238,10,2.9301509840402944,-1.352023788089356
1238,11,2.975078300545903,-1.4681782768748286
1238,12,2.9981675680998645,-1.4589334221431878
1238,13,2.7892818940568347,-1.4555233038188542
1238,14,3.0271801597007126,-1.401985913653485
1238,15,2.9638174611436368,-1.3841963004201232
1238,16,3.0018253094871143,-1.48489082175476
1238,17,2.9645069351147058,-1.4880038613910043
1238,18,2.849886618979995,-1.46352195028155
1238,19,2.867657798125147,-1.4229490927076898
1239,0,2.930645891603047,-1.479028598606852
1239,1,2.8973215597888298,-1.6060467581019209
1239,2,3.0050159082183825,-1.4292907246057485
1239,3,3.0130600089648305,-1.4532295241286146
1239,4,2.9082560830028648,-1.4858926372828858
1239,5,2.8877588422679126,-1.3209869636451872
1239,6,2.88983902333356,-1.4984716972397052
1239,7,2.8220035630553038,-1.5235033545859455
1239,8,3.00051990042962,-1.4083666129743735
1239,9,2.8457455299165133,-1.5056026387287396
1239,10,2.931644937261278,-1.3530462999103678
1239,11,2.9765166923183,-1.4690901419904379
1239,12,2.999584003399967,-1.4598560858342555
1239,13,2.7909077837084633,-1.4564295194066557
1239,14,3.028572847975372,-1.4029674399341918
1239,15,2.965274381888046,-1.3851907120903995
1239,16,3.003236601989956,-1.48578678387656
1239,17,2.9645069351147058,-1.4880038613910043
1239,18,2.8514503403440243,-1.4644273771774954
1239,19,2.869207699542599,-1.4238958181000108
1240,0,2.930645891603047,-1.479028598606852
1240,1,2.8988290433315416,-1.6068078187303854
1240,2,3.0064841233027817,-1.4301546376001129
1240,3,3.0144626504252052,-1.4541583170564418
1240,4,2.909787238846324,-1.486732477322224
1240,5,2.8893084396560917,-1.322020829802627
1240,6,2.8913803066932124,-1.4993092939118573
1240,7,2.82358985756298,-1.5243467220546443
1240,8,3.001939244040265,-1.4093385412133623
1240,9,2.8457455299165133,-1.5056026387287396
1240,10,2.9331374021406615,-1.354067793060341
1240,11,2.977953650999826,-1.4700010986014254
1240,12,3.000999027518425,-1.460777830283855
1240,13,2.792529640520751,-1.4573391482752884
1240,14,3.0299641487591664,-1.4039479883516015
1240,15,2.966729851094709,-1.386184133023135
1240,16,3.004646488534803,-1.4866818534228623
1240,17,2.9645069351147058,-1.4880038613910043
1240,18,2.8530125037790866,-1.465331902000462
1240,19,2.8707560568560466,-1.4248416003081703
1241,0,2.930645891603047,-1.479028598606852
1241,1,2.9003331221396706,-1.607571879931357
1241,2,3.0079473164273747,-1.431023734404538
1241,3,3.015863894518706,-1.4550861846840362
1241,4,2.911314037701425,-1.487576634070417
1241,5,2.8908534343247876,-1.3230582393510535
1241,6,2.8929174106856337,-1.5001509112998097
1241,7,2.825174571643857,-1.5251892492754935
1241,8,3.0033571736857883,-1.4103095012071565
1241,9,2.8457455299165133,-1.5056026387287396
1241,10,2.9346283801724042,-1.3550882685617913
1241,11,2.9793891780288777,-1.4709111476196597
1241,12,3.002412641871679,-1.4616986564146532
1241,13,2.794149881295828,-1.4582478707790132
1241,14,3.0313540634447893,-1.4049275598872437
1241,15,2.968183870220551,-1.3871765642127454
1241,16,3.0060549705329533,-1.4875760312896327
1241,17,2.9645069351147058,-1.4880038613910043
1241,18,2.854573110848909,-1.4662355256558803
1241,19,2.872302871615398,-1.4257864402788973
1242,0,2.930645891603047,-1.479028598606852
1242,1,2.901833844699704,-1.60833882655854
1242,2,3.009405570767983,-1.4318978212610027
1242,3,3.01726374264798,-1.456013127940194
1242,4,2.912836550459942,-1.4884249416983777
1242,5,2.892393913729916,-1.324099036136132
1242,6,2.8944504028206937,-1.5009963932230521
1242,7,2.826757706884236,-1.5260309370918637
1242,8,3.004773690785539,-1.4112794939276878
1242,9,2.8457455299165133,-1.5056026387287396
1242,10,2.9361178728489765,-1.3561077274362154
1242,11,2.980823274842419,-1.4718202899561008
1242,12,3.0038248478747582,-1.4626185651483983
1242,13,2.7957685076555556,-1.4591556878274623
1242,14,3.032742593423546,-1.4059061555216705
1242,15,2.9696364407210467,-1.388168006652655
1242,16,3.0074620493942987,-1.488469318371944
1242,17,2.9645069351147058,-1.4880038613910043
1242,18,2.8561321631156606,-1.4671382490482783
1242,19,2.8738481453690157,-1.4267303389579777
1243,0,2.930645891603047,-1.479028598606852
1243,1,2.9033330720360944,-1.6091050090493266
1243,2,3.0108589684810667,-1.4327767109004619
1243,3,3.018662196214276,-1.4569391477527864
1243,4,2.914354846896716,-1.4892772399275027
1243,5,2.8939299633686453,-1.3251430695855275
1243,6,2.895979349469818,-1.5018455887225965
1243,7,2.8283392648688364,-1.5268717863462853
1243,8,3.0061887967574523,-1.41224852034592
1243,9,2.8457455299165133,-1.5056026387287396
1243,10,2.937605881661362,-1.357126170704093
1243,11,2.9822559428759825,-1.472728526520801
1243,12,3.005235646941282,-1.4635375574059195
1243,13,2.797385521220181,-1.4600626003293613
1243,14,3.034129740085357,-1.4068837762344573
1243,15,2.971087564050221,-1.3891584613352987
1243,16,3.0088677265273267,-1.4893617155639773
1243,17,2.9645069351147058,-1.4880038613910043
1243,18,2.8576896621399546,-1.468040073081283
1243,19,2.8753918796637206,-1.4276732972902548
1244,0,2.930645891603047,-1.479028598606852
1244,1,2.90483080564957,-1.6098704281706657
1244,2,3.0123075906517296,-1.4336602223132335
1244,3,3.0200592566174476,-1.4578642450487602
1244,4,2.9158689956452166,-1.4901333738332956
1244,5,2.895461666792236,-1.3261901944965166
1244,6,2.897504315849215,-1.5026983518764725
1244,7,2.8283392648688364,-1.5268717863462853
1244,8,3.007600115936017,-1.4132200436650102
1244,9,2.847370731370337,-1.506344634468994
1244,10,2.9390924080990595,-1.3581435993848863
1244,11,2.9836871835636702,-1.4736358582229059
1244,12,3.0066450404834626,-1.464455634107129
1244,13,2.7990009236083364,-1.4609686091925307
1244,14,3.035515504818757,-1.407860423004203
1244,15,2.9725372416606497,-1.3901479292521228
1244,16,3.010269878519408,-1.4902565619290489
1244,17,2.9645069351147058,-1.4880038613910043
1244,18,2.8592456094808485,-1.4689409986576212
1244,19,2.876934076044792,-1.428615316219631
1245,0,2.9321937588506652,-1.4798062113040873
1245,1,2.906327047039364,-1.6106350846887427
1245,2,3.01375151724838,-1.4345481805276872
1245,3,3.0214549252559535,-1.4587884207541386
1245,4,2.9173790641775126,-1.4909931936562189
1245,5,2.896991844182268,-1.3272362761587084
1245,6,2.899025366006854,-1.5035545416220346
1245,7,2.8283392648688364,-1.5268717863462853
1245,8,3.007600115936017,-1.4132200436650102
1245,9,2.8489907988770855,-1.507093581601456
1245,10,2.9405774536500826,-1.3591600144970426
1245,11,2.9851169983381554,-1.4745422859706556
1245,12,3.0080530299121033,-1.4653727961710228
1245,13,2.800614716437041,-1.461873715323886
1245,14,3.0368998890108987,-1.4088360968085325
1245,15,2.9739854750034613,-1.3911364113935853
1245,16,3.0116706334252608,-1.4911505166807002
1245,17,2.9645069351147058,-1.4880038613910043
1245,18,2.8608000066958477,-1.4698410266791202
1245,19,2.87847473605597,-1.4295563966890676
1246,0,2.933736452643789,-1.4805902734922767
1246,1,2.9078217977032152,-1.6113989793689796
1246,2,3.0151908270835235,-1.4354404163969634
1246,3,3.0228492035268597,-1.4597116757940225
1246,4,2.918885118788283,-1.491856554619518
1246,5,2.89852049707045,-1.3282813156192317
1246,6,2.9005425628128725,-1.504414021584839
1246,7,2.8283392648688364,-1.5268717863462853
1246,8,3.007600115936017,-1.4132200436650102
1246,9,2.8506058080653935,-1.5078492248580182
1246,10,2.942061019800964,-1.3601754170579947
1246,11,2.986545388630684,-1.475447810671385
1246,12,3.009459616636603,-1.4662890445156807
1246,13,2.802226901321703,-1.4627779196294395
1246,14,3.0382828940475513,-1.4098107986240958
1246,15,2.975432265528339,-1.3921239087491581
1246,16,3.013069992647042,-1.492043580713781
1246,17,2.9645069351147058,-1.4880038613910043
1246,18,2.8623528553409052,-1.470740158046709
1246,19,2.880013861239457,-1.4304965396405878
1247,0,2.9352740514970272,-1.4813805505643813
1247,1,2.909315059137371,-1.6121621129760355
1247,2,3.016625597780192,-1.4363367663934539
1247,3,3.02424209282584,-1.460634011092591
1247,4,2.920387224582518,-1.4927233167537657
1247,5,2.9000476269869653,-1.3293253139241719
1247,6,2.9020559679531037,-1.5052766599138436
1247,7,2.8283392648688364,-1.5268717863462853
1247,8,3.007600115936017,-1.4132200436650102
1247,9,2.852215834404335,-1.508611317715654
1247,10,2.9435404979349578,-1.361193611117921
1247,11,2.9879723558710762,-1.4763524332315254
1247,12,3.010864802064957,-1.4672043800582681
1247,13,2.803837479876121,-1.4636812230143006
1247,14,3.039664521313104,-1.4107845294265704
1247,15,2.9768776146835214,-1.393110422307327
1247,16,3.014467957585512,-1.4929357549222493
1247,17,2.9645069351147058,-1.4880038613910043
1247,18,2.8639041569704236,-1.471638393660419
1247,19,2.881551453135919,-1.4314357460152751
1248,0,2.9368066335372562,-1.4821768158117479
1248,1,2.910806832836587,-1.6129244862738081
1248,2,3.018055905743568,-1.4372370724107812
1248,3,3.025631390336841,-1.4615587477021035
1248,4,2.921885445466595,-1.493593344727884
1248,5,2.9015732354604724,-1.3303682721185726
1248,6,2.903565641925457,-1.5061423291227038
1248,7,2.8283392648688364,-1.5268717863462853
1248,8,3.007600115936017,-1.4132200436650102
1248,9,2.8538209530775824,-1.5093796220851845
1248,10,2.945018501910613,-1.3622107906449328
1248,11,2.9893979014877274,-1.4772561545566048
1248,12,3.0122685876037565,-1.468118803715037
1248,13,2.805446453712486,-1.4645836263826768
1248,14,3.0410447721905673,-1.4117572901906619
1248,15,2.9783215239158043,-1.3940959530555928
1248,16,3.0158645296400346,-1.4938270401991722
1248,17,2.9645069351147058,-1.4880038613910043
1248,18,2.865453913137258,-1.4725357344193848
1248,19,2.8830875132844866,-1.4323740167532764
1249,0,2.938334276400078,-1.4829788501466092
1249,1,2.91229712029413,-1.613686100025434
1249,2,3.0194818261373735,-1.4381411815730187
1249,3,3.0270193035729527,-1.4624825629181366
1249,4,2.9233798441424286,-1.4944665076864037
1249,5,2.903097324018107,-1.3314101912464358
1249,6,2.9050716440388826,-1.5070109059369323
1249,7,2.8283392648688364,-1.5268717863462853
1249,8,3.007600115936017,-1.4132200436650102
1249,9,2.8554212388698494,-1.5101539080109132
1249,10,2.946495033207414,-1.3632269566572275
1249,11,2.9908220269076105,-1.478158975551249
1249,12,3.0136709746581927,-1.4690323164013264
1249,13,2.8070538244413825,-1.4654851306378747
1249,14,3.042423648061574,-1.4127290818901048
1249,15,2.9797639946705425,-1.3950805019804728
1249,16,3.01725971020858,-1.4947174374367271
1249,17,2.9645069351147058,-1.4880038613910043
1249,18,2.867002125392715,-1.4734321812218454
1249,19,2.8846220432227576,-1.4333113527938013
1250,0,2.9398570571366225,-1.4837864418342224
1250,1,2.9137859230017797,-1.6144469549932887
1250,2,3.020903432864635,-1.4390489460508986
1250,3,3.028405833923478,-1.4634054576654303
1250,4,2.9248704821044282,-1.4953426790927362
1250,5,2.904619894185483,-1.3324510723507235
1250,6,2.9065761456431938,-1.5078786173423977
1250,7,2.8283392648688364,-1.5268717863462853
1250,8,3.007600115936017,-1.4132200436650102
1250,9,2.857016766064689,-1.5109339533808315
1250,10,2.947970093303369,-1.3642421101719884
1250,11,2.992244733556276,-1.479060897119183
1250,12,3.0150719646320563,-1.4699449190315632
1250,13,2.80865959367179,-1.466385736682301
1250,14,3.04380115030638,-1.4136999054976636
1250,15,2.9812050283916505,-1.3960640700675018
1250,16,3.0186535006877255,-1.4956069475262028
1250,17,2.966016595054176,-1.4887846522477444
1250,18,2.8685487952865576,-1.474327734965145
1250,19,2.8846220432227576,-1.4333113527938013
1251,0,2.9398570571366225,-1.4837864418342224
1251,1,2.9152732424498287,-1.6152070519389894
1251,2,3.02232079855246,-1.439960222884763
1251,3,3.029790982776335,-1.464327432867803
1251,4,2.926357419638997,-1.4962217365782304
1251,5,2.9061409474866946,-1.3334909164733588
1251,6,2.9080791482443984,-1.50874546420768
1251,7,2.8283392648688364,-1.5268717863462853
1251,8,3.007600115936017,-1.4132200436650102
1251,9,2.858607608352781,-1.5117195436470938
1251,10,2.949443683675015,-1.3652562522053853
1251,11,2.9936660228578553,-1.4799619201632308
1251,12,3.0164715589277398,-1.4708566125192637
1251,13,2.8102637630110845,-1.4672854454174633
1251,14,3.0451749396530614,-1.4146730746541898
1251,15,2.9812050283916505,-1.3960640700675018
1251,16,3.0200459024726567,-1.4964955713579995
1251,17,2.967521266793358,-1.4895713988179966
1251,18,2.870093924367003,-1.4752223965457336
1251,19,2.8846220432227576,-1.4333113527938013
1252,0,2.9398570571366225,-1.4837864418342224
1252,1,2.9167590801270853,-1.6159663916233935
1252,2,3.0237339945404886,-1.4408748738140162
1252,3,3.03117475151806,-1.4652484894481532
1252,4,2.9278428758400494,-1.497099918319259
1252,5,2.907660485444318,-1.3345297246552268
1252,6,2.9095806533470037,-1.509611447400494
1252,7,2.8283392648688364,-1.5268717863462853
1252,8,3.007600115936017,-1.4132200436650102
1252,9,2.860193838749914,-1.5125104715564626
1252,10,2.9509158057974174,-1.3662693837725752
1252,11,2.99508589623506,-1.4808620455853176
1252,12,3.0178697589462384,-1.471767397777034
1252,13,2.8118663340650416,-1.468184257743971
1252,14,3.0465473601763464,-1.4156452741593546
1252,15,2.9812050283916505,-1.3960640700675018
1252,16,3.021436916957169,-1.4973833098216307
1252,17,2.9690210260580896,-1.4903638862970017
1252,18,2.8716375141807275,-1.4761161668591687
1252,19,2.8846220432227576,-1.4333113527938013
1253,0,2.9398570571366225,-1.4837864418342224
1253,1,2.9182434375208746,-1.616724974806601
1253,2,3.025143090872706,-1.4417927651128466
1253,3,3.0325571415338053,-1.4661686283284592
1253,4,2.929326852194528,-1.4979772251948829
1253,5,2.9091785095794123,-1.3355674979361751
1253,6,2.9110806624540175,-1.5104765677876895
1253,7,2.8283392648688364,-1.5268717863462853
1253,8,3.007600115936017,-1.4132200436650102
1253,9,2.8617755295238987,-1.513306536890419
1253,10,2.952386461144172,-1.367281505887704
1253,11,2.9965043551091846,-1.4817612742864699
1253,12,3.019266566087152,-1.472677275716571
1253,13,2.8134673084378368,-1.469082174561536
1253,14,3.047918413250029,-1.4166165049863306
1253,15,2.9812050283916505,-1.3960640700675018
1253,16,3.022826545533669,-1.4982701638057234
1253,17,2.970515948068007,-1.4911619069946467
1253,18,2.873179566272866,-1.477009046800115
1253,19,2.8846220432227576,-1.4333113527938013
1254,0,2.9398570571366225,-1.4837864418342224
1254,1,2.91972631611704,-1.6174828022479544
1254,2,3.0265481562923218,-1.4427137674319885
1254,3,3.0339381542073456,-1.4670878504297808
1254,4,2.9308093501878942,-1.498853658083287
1254,5,2.9106950214115206,-1.3366042373550162
1254,6,2.912579177066951,-1.5113408262352528
1254,7,2.8283392648688364,-1.5268717863462853
1254,8,3.007600115936017,-1.4132200436650102
1254,9,2.863352752129735,-1.5141075462146394
1254,10,2.953855651187406,-1.3682926195639067
1254,11,2.997921400900108,-1.4826596071668163
1254,12,3.020659811654171,-1.4735895700246682
1254,13,2.8150666877320467,-1.4699791967689737
1254,14,3.049288100246535,-1.417586768107321
1254,15,2.9812050283916505,-1.3960640700675018
1254,16,3.024214789593177,-1.4991561341980193
1254,17,2.9720061074525743,-1.4919652600888351
1254,18,2.8747178065243064,-1.4779049559446722
1254,19,2.8846220432227576,-1.4333113527938013
1255,0,2.9398570571366225,-1.4837864418342224
1255,1,2.921207717399944,-1.6182398747060396
1255,2,3.027949258239449,-1.443637755646307
1255,3,3.035317790921076,-1.4680061566722606
1255,4,2.9322903713041306,-1.4997292178617814
1255,5,2.912210022458673,-1.3376399439495272
1255,6,2.914076198685818,-1.5122042236083078
1255,7,2.8283392648688364,-1.5268717863462853
1255,8,3.007600115936017,-1.4132200436650102
1255,9,2.864925577152376,-1.5149133126375378
1255,10,2.9553233773977805,-1.3693027258133093
1255,11,2.9993370350262945,-1.483557045125589
1255,12,3.022051669014223,-1.4745009553377217
1255,13,2.8166644735486512,-1.4708753252642046
1255,14,3.050656422536922,-1.4185560644935602
1255,15,2.9812050283916505,-1.3960640700675018
1255,16,3.0256016505253256,-1.5000412218853756
1255,17,2.973491578175693,-1.4927737513873784
1255,18,2.8762545140697897,-1.4787999724033947
1255,19,2.8846220432227576,-1.4333113527938013
1256,0,2.9398570571366225,-1.4837864418342224
1256,1,2.9226876428524706,-1.618996192938687
1256,2,3.029346462851332,-1.4445646087079882
1256,3,3.0366960530560134,-1.4689235479751237
1256,4,2.9337699170257405,-1.5006039054068023
1256,5,2.913723514237387,-1.3386746187564513
1256,6,2.915571728809139,-1.5130667607711157
1256,7,2.8283392648688364,-1.5268717863462853
1256,8,3.007600115936017,-1.4132200436650102
1256,9,2.8664940742564937,-1.5157236555775797
1256,10,2.9567896412444905,-1.3703118256470288
1256,11,3.000751258904795,-1.4844535890611243
1256,12,3.0234421395605575,-1.4754114325680292
1256,13,2.818260667487036,-1.471770560944254
1256,14,3.052023381490882,-1.4195243951153145
1256,15,2.9812050283916505,-1.3960640700675018
1256,16,3.026987129718365,-1.500925427753766
1256,17,2.9749724334682623,-1.493587193098163
1256,18,2.8777896904475617,-1.4796940970721946
1256,19,2.8846220432227576,-1.4333113527938013
1257,0,2.9398570571366225,-1.4837864418342224
1257,1,2.9241660939560274,-1.6197517577029716
1257,2,3.0307398349648897,-1.445494209505131
1257,3,3.0380729419918002,-1.46984002525668
1257,4,2.9352479888337504,-1.501477721593913
1257,5,2.9152354982626694,-1.3397082628114991
1257,6,2.917065768933941,-1.5139284385870773
1257,7,2.8283392648688364,-1.5268717863462853
1257,8,3.007600115936017,-1.4132200436650102
1257,9,2.8680583121426837,-1.516538400539076
1257,10,2.958254444195268,-1.3713199200751756
1257,11,3.002161926456358,-1.4853526184196228
1257,12,3.024831224685037,-1.476321002626979
1257,13,2.8198552711449922,-1.4726649047052538
1257,14,3.053388978476743,-1.4204917609418841
1257,15,2.9812050283916505,-1.3960640700675018
1257,16,3.028371228559161,-1.5018087526882815
1257,17,2.9764487457680877,-1.4944054036073484
1257,18,2.8793233371943354,-1.4805873308460917
1257,19,2.8846220432227576,-1.4333113527938013
1258,0,2.9398570571366225,-1.4837864418342224
1258,1,2.925643072190545,-1.6205065697552148
1258,2,3.032129438121359,-1.446426444725537
1258,3,3.0394484591067035,-1.4707555894343236
1258,4,2.9367224410401835,-1.5023542891064696
1258,5,2.9167459760480177,-1.3407408771493492
1258,6,2.9185583205557597,-1.5147892579187328
1258,7,2.82997912265727,-1.5275879077866557
1258,8,3.007600115936017,-1.4132200436650102
1258,9,2.8696183585095976,-1.5173573788961703
1258,10,2.9597177877163814,-1.3723270101068528
1258,11,3.003571188438466,-1.4862507519978196
1258,12,3.0262189257781373,-1.4772296664250517
1258,13,2.8214482861187204,-1.473558357442443
1258,14,3.0547532148614684,-1.421458162941603
1258,15,2.9812050283916505,-1.3960640700675018
1258,16,3.0297539484331972,-1.502691197573131
1258,17,2.977920586666588,-1.495228207265355
1258,18,2.8808554558452926,-1.481479674619214
1258,19,2.8846220432227576,-1.4333113527938013
1259,0,2.9398570571366225,-1.4837864418342224
1259,1,2.92711857903448,-1.621260629850984
1259,2,3.033515334572838,-1.4473612047255064
1259,3,3.0408226057776173,-1.4716702414245357
1259,4,2.938195424117762,-1.5032299832162666
1259,5,2.9182549491054215,-1.3417724628036496
1259,6,2.9200493851686407,-1.5156492196277633
1259,7,2.8316139224066155,-1.5283111488869026
1259,8,3.007600115936017,-1.4132200436650102
1259,9,2.871174280021515,-1.5181804276847384
1259,10,2.96117967327264,-1.3733330967501587
1259,11,3.0049790462617922,-1.4871479906947473
1259,12,3.0276052442289485,-1.4781374248718206
1259,13,2.82303971400283,-1.4744509200501683
1259,14,3.0561160920106603,-1.4224236020818406
1259,15,2.9812050283916505,-1.3960640700675018
1259,16,3.031135290724578,-1.503572763291643
1259,17,2.979388026861781,-1.4960554341803955
1259,18,2.8823860479340855,-1.4823711292847983
1259,19,2.8846220432227576,-1.4333113527938013
1260,0,2.9398570571366225,-1.4837864418342224
1260,1,2.928592615964816,-1.6220139387450943
1260,2,3.034897585290547,-1.4482983834034524
1260,3,3.0421953833800637,-1.4725839821428837
1260,4,2.939666939540943,-1.5041048047998746
1260,5,2.9182549491054215,-1.3417724628036496
1260,6,2.921538964265141,-1.5165083245749913
1260,7,2.833243736103198,-1.5290412498219348
1260,8,3.007600115936017,-1.4132200436650102
1260,9,2.8727261422809174,-1.519007389401927
1260,10,2.962640102327392,-1.374338181012187
1260,11,3.0063855013356036,-1.4880443354085426
1260,12,3.028990181425177,-1.479044278875953
1260,13,2.824629556390341,-1.4753425934218862
1260,14,3.0574776112885598,-1.4233880793290024
1260,15,2.9812050283916505,-1.3960640700675018
1260,16,3.032515256816029,-1.5044534507262652
1260,17,2.9808511361170655,-1.496886920019315
1260,18,2.8839151149928384,-1.4832616957351916
1260,19,2.8846220432227576,-1.4333113527938013
1261,0,2.9398570571366225,-1.4837864418342224
1261,1,2.930065184457066,-1.6227664971916083
1261,2,3.0362784588890914,-1.4492346283819602
1261,3,3.0435667932881945,-1.4734968125040229
1261,4,2.941136988782715,-1.504978754732991
1261,5,2.9182549491054215,-1.3417724628036496
1261,6,2.9230270593363312,-1.5173665736203816
1261,7,2.8348686357449457,-1.529777959644259
1261,8,3.007600115936017,-1.4132200436650102
1261,9,2.874274009805637,-1.5198381118130595
1261,10,2.9640990763425283,-1.3753422638990283
1261,11,3.0077905550677633,-1.4889397870364476
1261,12,3.0303737387531458,-1.4799502293452105
1261,13,2.826217814872688,-1.4762333784501624
1261,14,3.0588377740580492,-1.424351595648531
1261,15,2.9812050283916505,-1.3960640700675018
1261,16,3.033893848088897,-1.505333260758567
1261,17,2.9823099832253535,-1.4977225058154995
1261,18,2.8854426585521487,-1.484151374861852
1261,19,2.8846220432227576,-1.4333113527938013
1262,0,2.9398570571366225,-1.4837864418342224
1262,1,2.931536285985272,-1.623518305943838
1262,2,3.0376579567507265,-1.450169940598212
1262,3,3.0449368368747924,-1.4744087334216973
1262,4,2.941136988782715,-1.504978754732991
1262,5,2.9182549491054215,-1.3417724628036496
1262,6,2.9245136718717957,-1.5182239676230425
1262,7,2.836488693206408,-1.5305210359697683
1262,8,3.007600115936017,-1.4132200436650102
1262,9,2.8758179460102107,-1.5206724477656517
1262,10,2.9655565967784834,-1.37634534641577
1262,11,3.009194208864731,-1.48983434647481
1262,12,3.0317559175977973,-1.4808552771864505
1262,13,2.8278044910397195,-1.4771232760266737
1262,14,3.0601965816806525,-1.4253141520049075
1262,15,2.9812050283916505,-1.3960640700675018
1262,16,3.035271065923153,-1.506212194269239
1262,17,2.9837646359781282,-1.4985620377836264
1262,18,2.886968680141089,-1.485040167555349
1262,19,2.8846220432227576,-1.4333113527938013
1263,0,2.9398570571366225,-1.4837864418342224
1263,1,2.933004144317608,-1.624272834164399
1263,2,3.039036080256331,-1.4511043209884564
1263,3,3.046305515511272,-1.4753197458087408
1263,4,2.941136988782715,-1.504978754732991
1263,5,2.9182549491054215,-1.3417724628036496
1263,6,2.9259988033596347,-1.5190805074412261
1263,7,2.8381039801165793,-1.531270244674367
1263,8,3.007600115936017,-1.4132200436650102
1263,9,2.8773580131910714,-1.5215102550102773
1263,10,2.967012665094237,-1.377347429566499
1263,11,3.010596464131566,-1.490728014619085
1263,12,3.033136719342694,-1.4817594233056266
1263,13,2.8293895864796994,-1.4780122870422083
1263,14,3.061554035516538,-1.4262757493616514
1263,15,2.9812050283916505,-1.3960640700675018
1263,16,3.0366469116973938,-1.5070902521380944
1263,17,2.9852151611390494,-1.4994053671410221
1263,18,2.8884931812872088,-1.4859280747053651
1263,19,2.8846220432227576,-1.4333113527938013
1264,0,2.9398570571366225,-1.4837864418342224
1264,1,2.9344705401016884,-1.6250266105862963
1264,2,3.0404128307854084,-1.452037770488009
1264,3,3.0476728305676826,-1.4762298505770777
1264,4,2.941136988782715,-1.504978754732991
1264,5,2.9182549491054215,-1.3417724628036496
1264,6,2.9274824552864667,-1.5199361939323297
1264,7,2.839714567748579,-1.5320253596011475
1264,8,3.007600115936017,-1.4132200436650102
1264,9,2.878894272515251,-1.5223513960280388
1264,10,2.9684672827473144,-1.3783485143543015
1264,11,3.011997322271927,-1.4916207923638352
1264,12,3.03451614537002,-1.4826626686077902
1264,13,2.8309731027793097,-1.4789004123866671
1264,14,3.0629101369245175,-1.4272363886813226
1264,15,2.9812050283916505,-1.3960640700675018
1264,16,3.038021386788842,-1.5079674352440702
1264,17,2.986661624421732,-1.5002523499354092
1264,18,2.8900161635165347,-1.4868150972006962
1264,19,2.8862132866333337,-1.4341449513280575
1265,0,2.9398570571366225,-1.4837864418342224
1265,1,2.9359354748053765,-1.6257796359640604
1265,2,3.0417882097160867,-1.4529702900312536
1265,3,3.0490387834127075,-1.4771390486377236
1265,4,2.941136988782715,-1.504978754732991
1265,5,2.9182549491054215,-1.3417724628036496
1265,6,2.9289646291374285,-1.5207910279528962
1265,7,2.841320526920284,-1.532786162277834
1265,8,3.007600115936017,-1.4132200436650102
1265,9,2.8804267840122892,-1.5231957378644025
1265,10,2.9699204511937896,-1.3793486017812644
1265,11,3.0133967846880743,-1.4925126806027318
1265,12,3.0358941970605815,-1.4835650139970906
1265,13,2.8325550415236522,-1.4797876529490646
1265,14,3.0642648872620506,-1.4281960709255221
1265,15,2.9812050283916505,-1.3960640700675018
1265,16,3.039394492573349,-1.5088437444652274
1265,17,2.988104090471369,-1.5011028468788223
1265,18,2.891537628353574,-1.4877012359292525
1265,19,2.8877991891013215,-1.4349848801467702
1266,0,2.9398570571366225,-1.4837864418342224
1266,1,2.937398949895073,-1.6265319110514709
1266,2,3.0431622184251217,-1.453901880551643
1266,3,3.050403375413667,-1.4780473409007866
1266,4,2.941136988782715,-1.504978754732991
1266,5,2.9182549491054215,-1.3417724628036496
1266,6,2.9289646291374285,-1.5207910279528962
1266,7,2.8429219279050906,-1.533552441644195
1266,8,3.007600115936017,-1.4132200436650102
1266,9,2.88195560656906,-1.524043151969161
1266,10,2.9713721718882855,-1.3803476928484761
1266,11,3.0147948527808714,-1.493403680228556
1266,12,3.03727087579381,-1.4844664603767763
1266,13,2.8341354042962488,-1.4806740096175293
1266,14,3.0656182878852434,-1.429154797054893
1266,15,2.9812050283916505,-1.3960640700675018
1266,16,3.0407662304253944,-1.5097191806787524
1266,17,2.9895426228498843,-1.5019567231874795
1266,18,2.893057577321314,-1.4885864917780598
1266,19,2.8893798383977924,-1.4358308991690378
1267,0,2.941399357491207,-1.4845522727644158
1267,1,2.9388609668357186,-1.6272834366015556
1267,2,3.0445348582878977,-1.4548325429817006
1267,3,3.0517666079365187,-1.4789547282754683
1267,4,2.941136988782715,-1.504978754732991
1267,5,2.9182549491054215,-1.3417724628036496
1267,6,2.9289646291374285,-1.5207910279528962
1267,7,2.84451884035203,-1.5343239937891386
1267,8,3.007600115936017,-1.4132200436650102
1267,9,2.8834829060688083,-1.5248897218556046
1267,10,2.9728224462839763,-1.3813457885560276
1267,11,3.0161915279497857,-1.4942937921331991
1267,12,3.0386461829477622,-1.4853670086491964
1267,13,2.8357141926790446,-1.4815594832793053
1267,14,3.0669703401488513,-1.4301125680291207
1267,15,2.9812050283916505,-1.3960640700675018
1267,16,3.0421366017180898,-1.5105937447609576
1267,17,2.99097728402432,-1.5028138484274027
1267,18,2.8945760119412256,-1.48947086563326
1267,19,2.890955321511297,-1.4366827766744572
1268,0,2.942936446152426,-1.4853247391252853
1268,1,2.940321527090793,-1.6280342133665924
1268,2,3.045906130678428,-1.4557622782530202
1268,3,3.0531284823458598,-1.4798612116700642
1268,4,2.941136988782715,-1.504978754732991
1268,5,2.9182549491054215,-1.3417724628036496
1268,6,2.9289646291374285,-1.5207910279528962
1268,7,2.846111333214517,-1.5351006216971925
1268,8,3.007600115936017,-1.4132200436650102
1268,9,2.885008684040363,-1.52573544837115
1268,10,2.9742712758325878,-1.382342889903014
1268,11,3.0175868115928903,-1.4951830172076643
1268,12,3.040020119899122,-1.4862666597158
1268,13,2.837291408252408,-1.4824440748207524
1268,14,3.06832104540628,-1.4310693848069351
1268,15,2.9812050283916505,-1.3960640700675018
1268,16,3.0435056078231777,-1.5114674375872827
1268,17,2.992408135358192,-1.5036740963655837
1268,18,2.896092933733263,-1.4903543583801124
1268,19,2.892525724554968,-1.4375402889977136
1269,0,2.944468400601192,-1.4861036015998919
1269,1,2.9417806321223194,-1.6287842420981096
1269,2,3.0472760369693583,-1.4566910872962677
1269,3,3.0544890000049283,-1.4807667919919654
1269,4,2.941136988782715,-1.504978754732991
1269,5,2.9182549491054215,-1.3417724628036496
1269,6,2.9289646291374285,-1.5207910279528962
1269,7,2.847699474687064,-1.5358821350040786
1269,8,3.007600115936017,-1.4132200436650102
1269,9,2.8865329420110286,-1.5265803323623708
1269,10,2.9757186619844,-1.3833389978875343
1269,11,3.018980705106866,-1.4960713563420667
1269,12,3.041392688023201,-1.4871654144771393
1269,13,2.838867052595133,-1.4833277851273476
1269,14,3.069670405009587,-1.4320252483461107
1269,15,2.9812050283916505,-1.3960640700675018
1269,16,3.044873250111035,-1.512340260032295
1269,17,2.9938352371055585,-1.504537344826499
1269,18,2.8976083442158664,-1.4912369709029942
1269,19,2.8940911326841268,-1.4384032202343904
1270,0,2.945995298067234,-1.4868886288910195
1270,1,2.943238283390863,-1.6295335235468866
1270,2,3.048644578531966,-1.457618971041182
1270,3,3.0558481622756033,-1.4816714701476583
1270,4,2.941136988782715,-1.504978754732991
1270,5,2.9182549491054215,-1.3417724628036496
1270,6,2.9289646291374285,-1.5207910279528962
1270,7,2.849283332149338,-1.5366683497610918
1270,8,3.007600115936017,-1.4132200436650102
1270,9,2.8880556815065894,-1.5274243746749965
1270,10,2.9771646061882473,-1.384334113506694
1270,11,3.0203732098870004,-1.4969588104256344
1270,12,3.0427638886939423,-1.4880632738328683
1270,13,2.840441127284442,-1.484210615083686
1270,14,3.0710184203094824,-1.4329801596034677
1270,15,2.9812050283916505,-1.3960640700675018
1270,16,3.0462395299506726,-1.5132122129696906
1270,17,2.995258648407572,-1.5054034755537835
1270,18,2.8991222449059633,-1.4921187040854011
1270,19,2.895651630023564,-1.439271361957644
1271,0,2.9475172154163634,-1.4876795974413812
1271,1,2.9446944823555334,-1.6302820584629552
1271,2,3.0500117567361618,-1.4585459304165753
1271,3,3.0572059705184076,-1.482575247042727
1271,4,2.941136988782715,-1.504978754732991
1271,5,2.9182549491054215,-1.3417724628036496
1271,6,2.9289646291374285,-1.5207910279528962
1271,7,2.850862972116985,-1.5374590882079981
1271,8,3.007600115936017,-1.4132200436650102
1271,9,2.889576904051309,-1.5282675761539142
1271,10,2.978609109891522,-1.3853282377566047
1271,11,3.021764327327193,-1.49784538034671
1271,12,3.0441337232839185,-1.4889602386817453
1271,13,2.842011354611309,-1.4850966172573596
1271,14,3.0723650926553305,-1.4339341195348734
1271,15,2.9812050283916505,-1.3960640700675018
1271,16,3.047604448709738,-1.5140832972722953
1271,17,2.9966784272912914,-1.5062723740768775
1271,18,2.9006346373189698,-1.4929995588099492
1271,19,2.8972072996037177,-1.4401445129453898
1272,0,2.949034229048607,-1.4884762911633935
1272,1,2.946149230473988,-1.6310298475955993
1272,2,3.0513775729504933,-1.4594719663503353
1272,3,3.058562426092509,-1.4834781235818528
1272,4,2.941136988782715,-1.504978754732991
1272,5,2.9182549491054215,-1.3417724628036496
1272,6,2.9289646291374285,-1.5207910279528962
1272,7,2.852438460198677,-1.5382541785541688
1272,8,3.007600115936017,-1.4132200436650102
1272,9,2.8910966111679324,-1.5291099376431696
1272,10,2.9800521745401736,-1.3863213716323857
1272,11,3.0231540588199537,-1.4987310669927507
1272,12,3.0455021931643356,-1.4898563099216329
1272,13,2.8435800173566714,-1.4859817366145198
1272,14,3.073710423395152,-1.4348871290952425
1272,15,2.9812050283916505,-1.3960640700675018
1272,16,3.0489659901392008,-1.5149566671999566
1272,17,2.9980946306705603,-1.5071439295824651
1272,18,2.902145522968792,-1.4938795359583745
1272,19,2.898758223305033,-1.4410224789176498
1273,0,2.950546414806415,-1.489278501178265
1273,1,2.947602529202431,-1.6317768916933566
1273,2,3.0527420285421436,-1.4603970797694246
1273,3,3.0599175303557207,-1.4843801006688162
1273,4,2.941136988782715,-1.504978754732991
1273,5,2.9182549491054215,-1.3417724628036496
1273,6,2.9289646291374285,-1.5207910279528962
1273,7,2.8540098610588958,-1.5390534547676726
1273,8,3.007600115936017,-1.4132200436650102
1273,9,2.892612708773759,-1.5299552296194612
1273,10,2.981493801578711,-1.387313516128165
1273,11,3.024542405756405,-1.4996158712503298
1273,12,3.046869299705033,-1.4907514884494992
1273,13,2.8451471170907623,-1.486865974041172
1273,14,3.075054413875624,-1.4358391892385387
1273,15,2.9812050283916505,-1.3960640700675018
1273,16,3.050326174957522,-1.5158291669202564
1273,17,2.9995073143487563,-1.5080180347905336
1273,18,2.9036549033678276,-1.4947586364115353
1273,19,2.9003044818098385,-1.4419050722837201
1274,0,2.9520538478921914,-1.4900860255641448
1274,1,2.9490543799956157,-1.632523191504019
1274,2,3.054102944328723,-1.4613244795641425
1274,3,3.0599175303557207,-1.4843801006688162
1274,4,2.941136988782715,-1.504978754732991
1274,5,2.9182549491054215,-1.3417724628036496
1274,6,2.9289646291374285,-1.5207910279528962
1274,7,2.855577238385974,-1.5398567563720573
1274,8,3.007600115936017,-1.4132200436650102
1274,9,2.8941272957553874,-1.530799679355445
1274,10,2.982933992450204,-1.38830467223708
1274,11,3.025929369526284,-1.5004997940051372
1274,12,3.048235044274486,-1.491645775161419
1274,13,2.84671265538225,-1.4877493304224387
1274,14,3.076397065442083,-1.436790300917775
1274,15,2.9812050283916505,-1.3960640700675018
1274,16,3.0516850045262474,-1.5167007973065678
1274,17,3.000918590627912,-1.5088912691632907
1274,18,2.9051627800269686,-1.495636861049412
1274,19,2.9018461545611194,-1.4427921118988163
1275,0,2.9535566027944498,-1.4908986691130692
1275,1,2.950504784306846,-1.6332687477746333
1275,2,3.0554625041189283,-1.4622509553114127
1275,3,3.0599175303557207,-1.4843801006688162
1275,4,2.941136988782715,-1.504978754732991
1275,5,2.9182549491054215,-1.3417724628036496
1275,6,2.9289646291374285,-1.5207910279528962
1275,7,2.857140654864977,-1.5406639282505508
1275,8,3.007600115936017,-1.4132200436650102
1275,9,2.8956403736289205,-1.5316432876964163
1275,10,2.9843727485962854,-1.3892948409512793
1275,11,3.027314951517942,-1.5013828361419805
1275,12,3.049599428239806,-1.492539170952574
1275,13,2.84827663379824,-1.4886318066425606
1275,14,3.0777383794385234,-1.437740465085015
1275,15,2.9812050283916505,-1.3960640700675018
1275,16,3.053042480205567,-1.5175715592313936
1275,17,3.0023284609207166,-1.509763633574845
1275,18,2.9066691544556007,-1.4965142107511082
1275,19,2.9018461545611194,-1.4427921118988163
1276,0,2.955054753221946,-1.4917162430964497
1276,1,2.9519537435879784,-1.634013561251502
1276,2,3.0568207092736803,-1.4631765079386383
1276,3,3.0599175303557207,-1.4843801006688162
1276,4,2.941136988782715,-1.504978754732991
1276,5,2.9182549491054215,-1.3417724628036496
1276,6,2.9289646291374285,-1.5207910279528962
1276,7,2.8587001721550207,-1.5414748204574236
1276,8,3.0090801545152517,-1.4140798796556737
1276,9,2.897151943908951,-1.5324860554868278
1276,10,2.9858100714571516,-1.3902840232619225
1276,11,3.0286991531183483,-1.5022649985447858
1276,12,3.050962452966743,-1.4934316767172544
1276,13,2.849839053904276,-1.4895134035848971
1276,14,3.0790783572076026,-1.4386896826913742
1276,15,2.9812050283916505,-1.3960640700675018
1276,16,3.0543986033543153,-1.5184414535663675
1276,17,3.0037369266384517,-1.5106351288984339
1276,18,2.908174028161606,-1.497390686394852
1276,19,2.9018461545611194,-1.4427921118988163
1277,0,2.956548372045185,-1.4925385650388423
1277,1,2.9534012592894223,-1.6347576326801843
1277,2,3.0581775611525432,-1.4641011383722986
1277,3,3.0599175303557207,-1.4843801006688162
1277,4,2.941136988782715,-1.504978754732991
1277,5,2.9182549491054215,-1.3417724628036496
1277,6,2.9289646291374285,-1.5207910279528962
1277,7,2.8602558508706486,-1.54228928803626
1277,8,3.010554827401829,-1.4149455537418967
1277,9,2.898662008108562,-1.5333279835702909
1277,10,2.987243494503518,-1.391275796665059
1277,11,3.03008197571309,-1.5031462820965984
1277,12,3.0523241198196858,-1.4943232933488593
1277,13,2.8513999172643425,-1.490394122131928
1277,14,3.0804170000906397,-1.4396379546870204
1277,15,2.9812050283916505,-1.3960640700675018
1277,16,3.055753375329973,-1.5193104811822546
1277,17,3.0051439891909926,-1.5115057560064253
1277,18,2.909677402651365,-1.4982662888579963
1277,19,2.9018461545611194,-1.4427921118988163
1278,0,2.958037531244729,-1.493365458499742
1278,1,2.954847332860142,-1.6355009628054962
1278,2,3.0595330611137275,-1.4650248475379493
1278,3,3.0599175303557207,-1.4843801006688162
1278,4,2.941136988782715,-1.504978754732991
1278,5,2.9182549491054215,-1.3417724628036496
1278,6,2.9289646291374285,-1.5207910279528962
1278,7,2.861807750566939,-1.5431071908448892
1278,8,3.0120242229394423,-1.4158168490241512
1278,9,2.90017056773933,-1.5341690727895763
1278,10,2.988675489291638,-1.3922665818682745
1278,11,3.0314634206863738,-1.504026687679584
1278,12,3.053684430161664,-1.4952140217398977
1278,13,2.852959225440865,-1.4912739631652527
1278,14,3.0817543094276174,-1.4405852820211744
1278,15,2.9812050283916505,-1.3960640700675018
1278,16,3.057106797488668,-1.5201786429489523
1278,17,3.0065496499868103,-1.5123755157703176
1278,18,2.9111792794297564,-1.4991410190170198
1278,19,2.9018461545611194,-1.4427921118988163
1279,0,2.959522301865796,-1.494196752863148
1279,1,2.9562919657476594,-1.636243552371512
1279,2,3.06088721051409,-1.4659476363602242
1279,3,3.0599175303557207,-1.4843801006688162
1279,4,2.941136988782715,-1.504978754732991
1279,5,2.9182549491054215,-1.3417724628036496
1279,6,2.9289646291374285,-1.5207910279528962
1279,7,2.8633559297280082,-1.543928393386738
1279,8,3.0134884286069905,-1.416693555940343
1279,9,2.901677624311324,-1.5350093239866152
1279,10,2.9901060572549403,-1.3932563798633455
1279,11,3.032843489421028,-1.5049062161750297
1279,12,3.05504338535435,-1.4961038627819898
1279,13,2.8545169799947123,-1.4921529275655936
1279,14,3.083088065471893,-1.4415347932970746
1279,15,2.9812050283916505,-1.3960640700675018
1279,16,3.0584588711851772,-1.5210459397354914
1279,17,3.0079539104329727,-1.5132444090607413
1279,18,2.912679660000161,-1.5000148777475286
1279,19,2.9018461545611194,-1.4427921118988163
1280,0,2.9610027539786468,-1.4950322831346463
1280,1,2.957735159398053,-1.6369854021215646
1280,2,3.062240010709135,-1.466869505762836
1280,3,3.0599175303557207,-1.4843801006688162
1280,4,2.941136988782715,-1.504978754732991
1280,5,2.9182549491054215,-1.3417724628036496
1280,6,2.9305120219967185,-1.5215171998749395
1280,7,2.8649004457586242,-1.544752764648371
1280,8,3.01494753094237,-1.417575472004514
1280,9,2.9031831793331087,-1.5358487380024999
1280,10,2.991535199825424,-1.394245191641061
1280,11,3.034222183298502,-1.5057848684633441
1280,12,3.0564009867580593,-1.4969928173658673
1280,13,2.8560731824851984,-1.4930310162127947
1280,14,3.084420492589194,-1.4424833584995513
1280,15,2.9812050283916505,-1.3960640700675018
1280,16,3.0598095977729276,-1.5219123724100367
1280,17,3.009356771935146,-1.5141124367474594
1280,18,2.914178545864461,-1.500887865924256
1280,19,2.9018461545611194,-1.4427921118988163
1281,0,2.9624789566443126,-1.4958718897457666
1281,1,2.959176915255961,-1.6377265127982465
1281,2,3.063591463053017,-1.4677904566685769
1281,3,3.0599175303557207,-1.4843801006688162
1281,4,2.941136988782715,-1.504978754732991
1281,5,2.9182549491054215,-1.3417724628036496
1281,6,2.9320543966366386,-1.5222500543358306
1281,7,2.866441354978653,-1.545580177942992
1281,8,3.016401615474921,-1.4184624015549159
1281,9,2.904687234311747,-1.5366873156774847
1281,10,2.992962918433663,-1.3952330181912225
1281,11,3.03559950369887,-1.506662645424059
1281,12,3.057755173324819,-1.4978840281138688
1281,13,2.8576278344700836,-1.4939082299858235
1281,14,3.085751592113282,-1.4434309785781192
1281,15,2.9812050283916505,-1.3960640700675018
1281,16,3.061158978603998,-1.5227779418398883
1281,17,3.0107582358975957,-1.5149795996993685
1281,18,2.915675938523042,-1.5017599844210638
1281,19,2.9018461545611194,-1.4427921118988163
1282,0,2.96395097788524,-1.4967154183653655
1282,1,2.9606172347645825,-1.63846688514341
1282,2,3.0649415688985417,-1.4687104899993193
1282,3,3.0599175303557207,-1.4843801006688162
1282,4,2.941136988782715,-1.504978754732991
1282,5,2.9182549491054215,-1.3417724628036496
1282,6,2.933591823873077,-1.5229893542471427
1282,7,2.8679807288583428,-1.546406766814609
1282,8,3.0178507666658563,-1.4193541555111662
1282,9,2.9061897907527987,-1.5375250578509867
1282,10,2.994389214508804,-1.3962198605026455
1282,11,3.0369754520008314,-1.5075395479358302
1282,12,3.059108010603172,-1.4987743508746754
1282,13,2.8591809375055757,-1.494784569762772
1282,14,3.0870813653765885,-1.444377654481347
1282,15,2.9827063854750815,-1.3969494227208912
1282,16,3.0625070150291203,-1.523642648891482
1282,17,3.012158303723189,-1.5158458987844994
1282,18,2.9171718394747965,-1.5026312341109438
1282,19,2.9018461545611194,-1.4427921118988163
1283,0,2.9654188846604557,-1.4975627197178025
1283,1,2.9620561193656787,-1.6392065198981687
1283,2,3.066290329597166,-1.4696296066760177
1283,3,3.0599175303557207,-1.4843801006688162
1283,4,2.941136988782715,-1.504978754732991
1283,5,2.9182549491054215,-1.3417724628036496
1283,6,2.9351243744653948,-1.5237348703624984
1283,7,2.8695185689386085,-1.5472325320906382
1283,8,3.0192950678560533,-1.420250551140197
1283,9,2.907690850160325,-1.5383619653615865
1283,10,2.995814089478572,-1.39720571956316
1283,11,3.038350029581711,-1.5084155768764378
1283,12,3.0604594999473087,-1.499663786539501
1283,13,2.8607324931463327,-1.4956600364208572
1283,14,3.088409813710218,-1.445323387156858
1283,15,2.98420238117248,-1.397840443221856
1283,16,3.0638537083976796,-1.5245064944303905
1283,17,3.0135569768133954,-1.5167113348700185
1283,18,2.918666250217122,-1.5035016158660177
1283,19,2.9018461545611194,-1.4427921118988163
1284,0,2.966882742844891,-1.4984136494076727
1284,1,2.9634935704995744,-1.6399454178028974
1284,2,3.0676377464990003,-1.4705478076187088
1284,3,3.0599175303557207,-1.4843801006688162
1284,4,2.941136988782715,-1.504978754732991
1284,5,2.9182549491054215,-1.3417724628036496
1284,6,2.9366521190000174,-1.5244863810084561
1284,7,2.871054876758829,-1.5480574745976712
1284,8,3.0207346012206338,-1.4211514118307143
1284,9,2.909190414036887,-1.5391980390470295
1284,10,2.997237544769267,-1.398190596359612
1284,11,3.0397232378174635,-1.5092907331227876
1284,12,3.061809642710072,-1.5005523359986719
1284,13,2.8622825029454635,-1.496534630836422
1284,14,3.089736938443948,-1.446268177551332
1284,15,2.985693106750808,-1.3987369164058148
1284,16,3.0638537083976796,-1.5245064944303905
1284,17,3.0149522193188103,-1.5175791926828848
1284,18,2.920157018572185,-1.5043748178440282
1284,19,2.9018461545611194,-1.4427921118988163
1285,0,2.9683426172125187,-1.4992680677508687
1285,1,2.96492958960516,-1.6406835795972339
1285,2,3.068983820952811,-1.4714650937465128
1285,3,3.0599175303557207,-1.4843801006688162
1285,4,2.941136988782715,-1.504978754732991
1285,5,2.9182549491054215,-1.3417724628036496
1285,6,2.938175127784776,-1.5252436718243738
1285,7,2.8725896538568505,-1.5488815951614765
1285,8,3.02216944772979,-1.4220565668758847
1285,9,2.9106884838835505,-1.5400332797442262
1285,10,2.99865958180577,-1.399174491877864
1285,11,3.041093039204899,-1.5101682085546286
1285,12,3.063158440242956,-1.5014400001416266
1285,13,2.863830968454529,-1.4974083538849363
1285,14,3.091062740906233,-1.4472120266105049
1285,15,2.987178652406155,-1.3996386344928051
1285,16,3.0638537083976796,-1.5245064944303905
1285,17,3.0163460716340573,-1.5184461857805536
1285,18,2.921646301536216,-1.5052471497697715
1285,19,2.9018461545611194,-1.4427921118988163
1286,0,2.969798571422993,-1.5001258396117534
1286,1,2.9663641781198913,-1.6414210060200787
1286,2,3.0703285543060193,-1.4723814659776338
1286,3,3.0599175303557207,-1.4843801006688162
1286,4,2.941136988782715,-1.504978754732991
1286,5,2.9182549491054215,-1.3417724628036496
1286,6,2.939693470753217,-1.5260065355110317
1286,7,2.8741229017689864,-1.5497048946069996
1286,8,3.0235996871153623,-1.4229658512639751
1286,9,2.9121850611998843,-1.5408676882892534
1286,10,3.000080202011542,-1.4001574071027962
1286,11,3.0424614757511415,-1.5110448096884685
1286,12,3.064505893896108,-1.502326779856918
1286,13,2.8653778912235452,-1.4982812064409976
1286,14,3.0923872224242013,-1.4481549352791703
1286,15,2.9886591071971873,-1.400545396819969
1286,16,3.0638537083976796,-1.5245064944303905
1286,17,3.0177385351543835,-1.5193123150308856
1286,18,2.9231341005999893,-1.5061186125164527
1286,19,2.9018461545611194,-1.4427921118988163
1287,0,2.9712506680114923,-1.500986834246222
1287,1,2.9677973374797935,-1.6421576978095964
1287,2,3.0716719479047048,-1.4732969252293613
1287,3,3.0599175303557207,-1.4843801006688162
1287,4,2.941136988782715,-1.504978754732991
1287,5,2.9182549491054215,-1.3417724628036496
1287,6,2.941207217378156,-1.5267747715877815
1287,7,2.875654622030019,-1.550527373758364
1287,8,3.0250253978426977,-1.4238791054766722
1287,9,2.913680147483964,-1.5417012655173548
1287,10,3.0014994068086236,-1.4011393430183081
1287,11,3.043828548825998,-1.511920537401786
1287,12,3.0658520050183307,-1.5032126760322133
1287,13,2.8669232728009826,-1.4991531893783323
1287,14,3.0937103843236606,-1.449096904501181
1287,15,2.9901345589869153,-1.4014570095838923
1287,16,3.0638537083976796,-1.5245064944303905
1287,17,3.0191296112736463,-1.520177581300877
1287,18,2.9246204172527928,-1.5069892069564073
1287,19,2.9018461545611194,-1.4427921118988163
1288,0,2.9726989683814984,-1.5018509251504497
1288,1,2.9692290691194603,-1.6428936557032163
1288,2,3.073014003093606,-1.474211472418071
1288,3,3.0599175303557207,-1.4843801006688162
1288,4,2.941136988782715,-1.504978754732991
1288,5,2.9182549491054215,-1.3417724628036496
1288,6,2.9427164365937983,-1.5275481861579936
1288,7,2.877184816173202,-1.5513490334388722
1288,8,3.026446657087366,-1.4247961752948166
1288,9,2.9151737442323724,-1.542534012262942
1288,10,3.0029171976176414,-1.4021203006073184
1288,11,3.0451942597979094,-1.512795392571185
1288,12,3.0671967749570825,-1.5040976895542957
1288,13,2.8684671147337704,-1.5000243035697962
1288,14,3.0950322279290976,-1.450037935219449
1288,15,2.991605094392102,-1.4023732855924755
1288,16,3.0638537083976796,-1.5245064944303905
1288,17,3.0205193013843146,-1.5210419854566606
1288,18,2.926105252982431,-1.5078589339611008
1288,19,2.9018461545611194,-1.4427921118988163
1289,0,2.9741435328002535,-1.5027179899151137
1289,1,2.9706593744720564,-1.643628880437633
1289,2,3.074354721216121,-1.4751251084592256
1289,3,3.061328081676672,-1.4851893832094516
1289,4,2.941136988782715,-1.504978754732991
1289,5,2.9198457681470726,-1.3426690172600915
1289,6,2.9442211967257976,-1.5283265916825675
1289,7,2.8787134857302616,-1.5521698744710064
1289,8,3.0278635407163215,-1.4257169116112922
1289,9,2.916665852940201,-1.5433659293595954
1289,10,3.004333575857805,-1.4031002808517665
1289,11,3.0465586100339537,-1.5136693760723967
1289,12,3.0685402050584796,-1.5049818213090642
1289,13,2.870009418567295,-1.5008945498873754
1289,14,3.0963527545636786,-1.450978028375947
1289,15,2.993070798739711,-1.4032940440260169
1289,16,3.0638537083976796,-1.5245064944303905
1289,17,3.0219076068774693,-1.5219055283635055
1289,18,2.9275886092752264,-1.508727794401131
1289,19,2.9018461545611194,-1.4427921118988163
1290,0,2.9755844203966633,-1.503587910084899
1290,1,2.972086563463179,-1.6443666541253252
1290,2,3.075694103614311,-1.4760378342673754
1290,3,3.06273392041132,-1.4860036230245282
1290,4,2.941136988782715,-1.504978754732991
1290,5,2.9198457681470726,-1.3426690172600915
1290,6,2.9457215654286584,-1.5291098067612725
1290,7,2.880240632231397,-1.5529898976764291
1290,8,3.029276123273151,-1.4266411702508164
1290,9,2.918156475101053,-1.5441970176400648
1290,10,3.0057485429469106,-1.4040792847326136
1290,11,3.0479216008998473,-1.5145424887802794
1290,12,3.0698822966672967,-1.5058650721815359
1290,13,2.871550185845405,-1.5017639292021872
1290,14,3.097671965549252,-1.4519171849117092
1290,15,2.9945317560298124,-1.4042191102071908
1290,16,3.0638537083976796,-1.5245064944303905
1290,17,3.0232945291428055,-1.522768210885819
1290,18,2.9275886092752264,-1.508727794401131
1290,19,2.9034224282766945,-1.443612278405382
1291,0,2.977021689161424,-1.5044605710230898
1291,1,2.9735123304316438,-1.6451036927100238
1291,2,3.077032151628898,-1.4769496507561601
1291,3,3.064135119240454,-1.486822643054949
1291,4,2.941136988782715,-1.504978754732991
1291,5,2.9198457681470726,-1.3426690172600915
1291,6,2.9472176096299383,-1.5298976559216855
1291,7,2.8817662572052836,-1.5538091038759845
1291,8,3.030684477967049,-1.4275688117963847
1291,9,2.9196456122070416,-1.5450272779362704
1291,10,3.0071621003013416,-1.4050573132298436
1291,11,3.049283233759945,-1.5154147315688198
1291,12,3.0712230511269687,-1.5067474430558456
1291,13,2.873089418110409,-1.5026324423844812
1291,14,3.09898986220635,-1.452855405766832
1291,15,2.9959880489044175,-1.405148315379616
1291,16,3.0638537083976796,-1.5245064944303905
1291,17,3.024680069568634,-1.5236300338871471
1291,18,2.9275886092752264,-1.508727794401131
1291,19,2.904993375722547,-1.4444388391768017
1292,0,2.978455395949178,-1.5053358617810642
1292,1,2.9749366768046457,-1.645839996929505
1292,2,3.0783688665992694,-1.477860558838309
1292,3,3.065531750095871,-1.4876462719195853
1292,4,2.941136988782715,-1.504978754732991
1292,5,2.9198457681470726,-1.3426690172600915
1292,6,2.948709395480734,-1.5306899694154934
1292,7,2.883290362179073,-1.5546274938896987
1292,8,3.0320886766652078,-1.4284997014221281
1292,9,2.9211332657487947,-1.5458567110793033
1292,10,3.00857424933607,-1.406034367322464
1292,11,3.050643509977243,-1.5162861053111336
1292,12,3.0725624697795926,-1.5076289348152476
1292,13,2.8746271169030813,-1.5035000903036402
1292,14,3.1003064458541876,-1.4537926918804756
1292,15,2.997439758621757,-1.406081496494708
1292,16,3.0638537083976796,-1.5245064944303905
1292,17,3.026064229541882,-1.5244909982301758
1292,18,2.9275886092752264,-1.508727794401131
1292,19,2.90655908270243,-1.445271554552317
1293,0,2.9798876743647327,-1.506210280505094
1293,1,2.9763596040079565,-1.6465755675208102
1293,2,3.079704249863479,-1.4787705594256415
1293,3,3.066923884110116,-1.4884743437233299
1293,4,2.941136988782715,-1.504978754732991
1293,5,2.9198457681470726,-1.3426690172600915
1293,6,2.950196988311976,-1.5314865830219315
1293,7,2.8848129486783964,-1.5554450685367809
1293,8,3.0334887898883234,-1.4294337087323514
1293,9,2.9226194372154555,-1.5466853178994273
1293,10,3.0099849914646586,-1.4070104479885068
1293,11,3.0520024309133786,-1.517156610879467
1293,12,3.0739005539659274,-1.508509548342116
1293,13,2.8761632837626587,-1.5043668738281804
1293,14,3.1016217178106666,-1.4547290441908642
1293,15,2.9988869650355325,-1.4070184960065222
1293,16,3.0638537083976796,-1.5245064944303905
1293,17,3.027447010448095,-1.5253511047767307
1293,18,2.9275886092752264,-1.508727794401131
1293,19,2.908119634353284,-1.4461101931417524
1294,0,2.9813185258418,-1.5070838280704737
1294,1,2.9777811134659276,-1.6473104052202463
1294,2,3.081038302758246,-1.4796796534290695
1294,3,3.0683115915718946,-1.489306697871731
1294,4,2.9426619696471743,-1.505749106020063
1294,5,2.9198457681470726,-1.3426690172600915
1294,6,2.9516804525960865,-1.5322873378581316
1294,7,2.8863340182273642,-1.556261828635624
1294,8,3.0348848868089364,-1.4303707076065229
1294,9,2.9241041280946827,-1.5475130992260784
1294,10,3.0113943280992617,-1.4079855562050299
1294,11,3.0533599979286334,-1.5180262491451968
1294,12,3.075237305025397,-1.5093892845179457
1294,13,2.8776979202268462,-1.5052327938257528
1294,14,3.1029356793923757,-1.4556644636352876
1294,15,3.0003297465787298,-1.407959161674299
1294,16,3.0638537083976796,-1.5245064944303905
1294,17,3.028828413671438,-1.5262103543877799
1294,18,2.9275886092752264,-1.508727794401131
1294,19,2.909675115047864,-1.446954531526524
1295,0,2.982747951812663,-1.507956505351625
1295,1,2.9792012066014917,-1.6480445107633865
1295,2,3.0823710266189592,-1.4805878417585967
1295,3,3.0696949418867616,-1.4901431788920099
1295,4,2.9441821167712683,-1.5065252467107573
1295,5,2.9198457681470726,-1.3426690172600915
1295,6,2.9531598519135867,-1.5330920801961543
1295,7,2.8878535723485683,-1.557077775003806
1295,8,3.036277035252358,-1.4313105760499982
1295,9,2.9255873398726533,-1.5483400558878666
1295,10,3.0128022606506266,-1.4089596929481172
1295,11,3.054716212381933,-1.518895020978832
1295,12,3.07657272429609,-1.5102681442233534
1295,13,2.8792310278318167,-1.5060978511631444
1295,14,3.1042483319145915,-1.4565989511501012
1295,15,3.001768180251591,-1.4089033463724294
1295,16,3.0638537083976796,-1.5245064944303905
1295,17,3.0302084405946967,-1.5270687479234326
1295,18,2.9275886092752264,-1.508727794401131
1295,19,2.911225608307949,-1.4478043539714611
1296,0,2.98417595370818,-1.5088283132220988
1296,1,2.9806198848361634,-1.6487778848850712
1296,2,3.0837024227796763,-1.4814951253233206
1296,3,3.07107400354267,-1.4909836362602609
1296,4,2.945697503130997,-1.5073069675507305
1296,5,2.9198457681470726,-1.3426690172600915
1296,6,2.9546352489242644,-1.5339006612864883
1296,7,2.889371612563084,-1.55789290845809
1296,8,3.037665301699938,-1.432253196050264
1296,9,2.9270690740340637,-1.5491661887125763
1296,10,3.014208790528095,-1.4099328591928808
1296,11,3.05607107563085,-1.5197629272500137
1296,12,3.0779068131147627,-1.5111461283380787
1296,13,2.880762608112212,-1.5069620467062785
1296,14,3.1055596766912807,-1.4575325076707282
1296,15,3.0032023416133895,-1.4098509079075683
1296,16,3.0638537083976796,-1.5245064944303905
1296,17,3.0315870925992803,-1.527926286242942
1296,18,2.9275886092752264,-1.508727794401131
1296,19,2.9127711967273027,-1.448659452147112
1297,0,2.985602532957781,-1.5096992525545754
1297,1,2.9820371495900404,-1.6495105283194085
1297,2,3.085032492573126,-1.4824015050314332
1297,3,3.0724488440800277,-1.4918279242346442
1297,4,2.9472082011672955,-1.5080940662120395
1297,5,2.9198457681470726,-1.3426690172600915
1297,6,2.9561067053425494,-1.5347129371878006
1297,7,2.890888140390471,-1.5587072298144249
1297,8,3.0390497512944594,-1.4331984534384945
1297,9,2.9285493320621314,-1.5499914985271672
1297,10,3.015613919139605,-1.410905055913461
1297,11,3.0574245890316027,-1.520629968827517
1297,12,3.079239572816839,-1.5120232377409843
1297,13,2.8822926626011456,-1.5078253813202156
1297,14,3.1068697150351006,-1.4584651341316595
1297,15,3.0046323047776613,-1.410801708842631
1297,16,3.0638537083976796,-1.5245064944303905
1297,17,3.03296437106522,-1.5287829702047044
1297,18,2.9275886092752264,-1.508727794401131
1297,19,2.914311961903635,-1.4495196248622029
1298,0,2.987027690989474,-1.5105693242208662
1298,1,2.9834530022818067,-1.6502424417997752
1298,2,3.0863612373307094,-1.4833069817902211
1298,3,3.073819530065912,-1.4926759016943736
1298,4,2.948714282708691,-1.5088863470530745
1298,5,2.9198457681470726,-1.3426690172600915
1298,6,2.957574281916755,-1.5355287686027266
1298,7,2.8924031573487756,-1.5595207398879476
1298,8,3.040430447847453,-1.4341462377562222
1298,9,2.930028115438596,-1.5508159861577755
1298,10,3.0170176478916915,-1.411876284083028
1298,11,3.0587767539390605,-1.5214961465792516
1298,12,3.0805710047364134,-1.512899473310058
1298,13,2.8838211928302036,-1.5086878558691543
1298,14,3.1081784482574006,-1.4593968314664552
1298,15,3.0060581424105894,-1.4117556163274143
1298,16,3.0638537083976796,-1.5245064944303905
1298,17,3.0343402773711734,-1.5296388006662616
1298,18,2.9275886092752264,-1.508727794401131
1298,19,2.915847984378834,-1.4503846778059255
1299,0,2.988451429229843,-1.5114385290919137
1299,1,2.9848674443287324,-1.6509736260588175
1299,2,3.087688658382502,-1.4842115565060676
1299,3,3.0751861270721212,-1.4935274319843168
1299,4,2.9502158189020173,-1.5096836208868245
1299,5,2.9198457681470726,-1.3426690172600915
1299,6,2.95903803841188,-1.5363480207194944
1299,7,2.8939166649545305,-1.5603334394929824
1299,8,3.041807453848244,-1.4350964421269312
1299,9,2.931505425643721,-1.5516396524297138
1299,10,3.0184199781894883,-1.4128465446737817
1299,11,3.060127571706741,-1.522361461372262
1299,12,3.08190111020625,-1.5137748359224121
1299,13,2.885348200329446,-1.5095494712164328
1299,14,3.1094858776682246,-1.4603276006077452
1299,15,3.007479925732243,-1.4127125019355937
1299,16,3.0652584343812315,-1.5252690289688084
1299,17,3.0357148128944234,-1.5304937784843005
1299,18,2.9275886092752264,-1.508727794401131
1299,19,2.91737934358682,-1.4512544232997266
1300,0,2.989873749104052,-1.5123068680377927
1300,1,2.986280477146675,-1.6517040818284516
1300,2,3.0890147570572526,-1.485115230084453
1300,3,3.07654869965677,-1.494382382765019
1300,4,2.9517128801505907,-1.5104857047572318
1300,5,2.9198457681470726,-1.3426690172600915
1300,6,2.960498033595677,-1.5371705630591834
1300,7,2.8954286647227585,-1.5611453294430424
1300,8,3.043183088018653,-1.4360456998647109
1300,9,2.932981264156296,-1.552462498167473
1300,10,3.0198209114367294,-1.4138158386569541
1300,11,3.061477043686815,-1.5232259140727293
1300,12,3.083229890557786,-1.5146493264542855
1300,13,2.8868736866274087,-1.5104102282245286
1300,14,3.11079200457631,-1.4612574424872304
1300,15,3.0088977245204083,-1.4136722415078553
1300,16,3.066658589409664,-1.5260366470965558
1300,17,3.037087979010882,-1.5313479045146547
1300,18,2.9275886092752264,-1.508727794401131
1300,19,2.9189061178084037,-1.4521286800582827
1301,0,2.991294652035844,-1.5131743419277115
1301,1,2.9876921021500817,-1.6524338098398645
1301,2,3.090339534682388,-1.4860180034299553
1301,3,3.077907311349146,-1.4952406258679707
1301,4,2.9532055360592797,-1.5112924217233905
1301,5,2.9198457681470726,-1.3426690172600915
1301,6,2.961954325227724,-1.5379962693284195
1301,7,2.896939158166973,-1.5619564105508301
1301,8,3.0445573517356914,-1.436994011919769
1301,9,2.9344536435823083,-1.5532880812895948
1301,10,3.021220449035751,-1.4147841670028094
1301,11,3.0628251712301044,-1.5240895055459716
1301,12,3.0845573471211316,-1.5155229457810442
1301,13,2.8883954965589624,-1.511273938827089
1301,14,3.1120968302890915,-1.4621863580356833
1301,15,3.0103116071167646,-1.4146347150009286
1301,16,3.068054240074336,-1.5268091724066344
1301,17,3.038459777095089,-1.5322011796123056
1301,18,2.9275886092752264,-1.508727794401131
1301,19,2.920428384132579,-1.4530072729593453
1302,0,2.992714139447544,-1.5140409516300124
1302,1,2.9891023207519907,-1.6531628108235146
1302,2,3.091660922030017,-1.4869229084173246
1302,3,3.0792620246375684,-1.496102037155946
1302,4,2.9546938553859436,-1.512103600651345
1302,5,2.9198457681470726,-1.3426690172600915
1302,6,2.9634069700512393,-1.538825017277318
1302,7,2.8984481467991796,-1.5627666836282386
1302,8,3.045930246374999,-1.437941379241367
1302,9,2.935924555944012,-1.5541128418088528
1302,10,3.0226185923874906,-1.4157515306806452
1302,11,3.0641719556860867,-1.5249522366564447
1302,12,3.085883481225072,-1.516395694777182
1302,13,2.8899157901623322,-1.5121367888302395
1302,14,3.1134003561127006,-1.4631143481829492
1302,15,3.011721640435169,-1.4155998063422954
1302,16,3.069445452440089,-1.5275864340365135
1302,17,3.039830208520217,-1.533053604631382
1302,18,2.9275886092752264,-1.508727794401131
1302,19,2.9219462184237184,-1.4538900328221487
1303,0,2.994132212760061,-1.5149066980121724
1303,1,2.990511134364032,-1.6538910855091324
1303,2,3.092980992780324,-1.4878269117799847
1303,3,3.0806129009600087,-1.496966496388233
1303,4,2.9561779059987554,-1.512919076013249
1303,5,2.9198457681470726,-1.3426690172600915
1303,6,2.9648560237874197,-1.5396566885624892
1303,7,2.899955632129877,-1.563576149486352
1303,8,3.0473017733108443,-1.43888780277782
1303,9,2.9373940027137917,-1.554936780550833
1303,10,3.0240153428914915,-1.4167179306587936
1303,11,3.065517398402894,-1.5258141082677434
1303,12,3.0872082941970693,-1.5172675743163213
1303,13,2.8914345689593337,-1.5129987790976935
1303,14,3.1147025833519684,-1.4640414138579474
1303,15,3.013127889971847,-1.416567403290355
1303,16,3.0708322919884403,-1.52836826648517
1303,17,3.041199274658068,-1.5339051804251624
1303,18,2.9275886092752264,-1.508727794401131
1303,19,2.9234596952941874,-1.4547767961940783
1304,0,2.9955488733928877,-1.5157715819408044
1304,1,2.99191854439643,-1.654618634625722
1304,2,3.094299748254701,-1.488730014422844
1304,3,3.0819600006972485,-1.4978338870905945
1304,4,2.9576577548389484,-1.5137386876936465
1304,5,2.9198457681470726,-1.3426690172600915
1304,6,2.9663015411320743,-1.5404911686149256
1304,7,2.90146161566806,-1.5643848089354466
1304,8,3.0486719339161272,-1.4398332834764995
1304,9,2.9388619853625646,-1.5557598983402987
1304,10,3.0254107019459027,-1.4176833679046217
1304,11,3.0668615007273163,-1.5266751212426017
1304,12,3.088531787363262,-1.5181385852712146
1304,13,2.8914345689593337,-1.5129987790976935
1304,14,3.1160035133104254,-1.4649675559886712
1304,15,3.0145327384238176,-1.417534036195226
1304,16,3.0722148235665427,-1.5291545094361858
1304,17,3.0425669768790793,-1.5347559078460749
1304,18,2.9275886092752264,-1.508727794401131
1304,19,2.9249688880819145,-1.4556674051453071
1305,0,2.9969620695248724,-1.5166389584915372
1305,1,2.9933245522580028,-1.6553454589015602
1305,2,3.095617189773224,-1.489632217249909
1305,3,3.0833033831683627,-1.4987040964297924
1305,4,2.9591334678885675,-1.5145622808026449
1305,5,2.9198457681470726,-1.3426690172600915
1305,6,2.967743575754361,-1.5413283465125975
1305,7,2.9029660989212194,-1.565192662784991
1305,8,3.05004072956238,-1.4407778222838323
1305,9,2.940328505359783,-1.5565821960011919
1305,10,3.0268046709474796,-1.4186478433845333
1305,11,3.0682042640048013,-1.5275352764428949
1305,12,3.089853962048468,-1.5190087285137446
1305,13,2.8914345689593337,-1.5129987790976935
1305,14,3.1173031472903037,-1.4658927755021902
1305,15,3.015936187197335,-1.4184997060245088
1305,16,3.0735931113414963,-1.5299450075867325
1305,17,3.0439333165523217,-1.5356057877456983
1305,18,2.9275886092752264,-1.508727794401131
1305,19,2.926473868832502,-1.4565617070711099
1306,0,2.9983738575684886,-1.5175054708007079
1306,1,2.994729159356166,-1.6560715590641992
1306,2,3.0969333186546533,-1.4905335211642858
1306,3,3.0846431066283326,-1.4995770150925167
1306,4,2.960605110142829,-1.5153897054957455
1306,5,2.9198457681470726,-1.3426690172600915
1306,6,2.9691841738196776,-1.5421646904124406
1306,7,2.904469083395344,-1.565999711843648
1306,8,3.051408161619768,-1.4417214201453028
1306,9,2.9417935641734347,-1.5574036743566333
1306,10,3.028194913603747,-1.4196147280255202
1306,11,3.069545689579456,-1.5283945747296388
1306,12,3.091174819576186,-1.5198780049149254
1306,13,2.8914345689593337,-1.5129987790976935
1306,14,3.118599375448686,-1.4668200316532873
1306,15,3.0173382376972526,-1.41946441374484
1306,16,3.07496721875963,-1.5307396104822752
1306,17,3.0452982950455025,-1.5364548209747637
1306,18,2.9275886092752264,-1.508727794401131
1306,19,2.927974708285482,-1.4574595545015785
1307,0,2.9997842389369374,-1.5183711197356964
1307,1,2.9961323670969326,-1.656796935840466
1307,2,3.0982481362164345,-1.4914339270681805
1307,3,3.085979228267611,-1.5004525371685673
1307,4,2.96207274558672,-1.516220816800112
1307,5,2.9198457681470726,-1.3426690172600915
1307,6,2.970623336770064,-1.5430002011516357
1307,7,2.9059705705949233,-1.5668059569192743
1307,8,3.0527719895693175,-1.4426673186418548
1307,9,2.9432571632700455,-1.5582243342289235
1307,10,3.0295837710352487,-1.420580649271704
1307,11,3.070885778794049,-1.5292530169629919
1307,12,3.0924943612685953,-1.5207464153449037
1307,13,2.8914345689593337,-1.5129987790976935
1307,14,3.1198943120772085,-1.4677463639091586
1307,15,3.018738891327025,-1.4204281603218931
1307,16,3.0763372085103926,-1.5315381723568233
1307,17,3.046661913724967,-1.5373030083831538
1307,18,2.9275886092752264,-1.508727794401131
1307,19,2.9294714758643563,-1.4583608049184649
1308,0,3.0011932150420115,-1.519235906163018
1308,1,2.997534176884915,-1.6575215899564633
1308,2,3.099561643774702,-1.4923334358629
1308,3,3.087311804213465,-1.5013305600381361
1308,4,2.9635364371755,-1.5170554744470537
1308,5,2.9198457681470726,-1.3426690172600915
1308,6,2.9720590764836454,-1.5438382972096
1308,7,2.9074705620229473,-1.567611398818922
1308,8,3.054134458620539,-1.4436122746589055
1308,9,2.944719304114679,-1.559044176439544
1308,10,3.0309712446322323,-1.4215456080899727
1308,11,3.0722245329900106,-1.5301106040022558
1308,12,3.093810627148171,-1.521616933537256
1308,13,2.8914345689593337,-1.5129987790976935
1308,14,3.1211879584721034,-1.4686717731970635
1308,15,3.0201381494887074,-1.4213909467203791
1308,16,3.0777031424945163,-1.5323405519785633
1308,17,3.0480241739556986,-1.538150350819905
1308,18,2.9275886092752264,-1.508727794401131
1308,19,2.930964239670086,-1.4592653205788886
1309,0,3.0026007872940976,-1.520099830948325
1309,1,2.998934590123326,-1.6582455221375705
1309,2,3.100873842644278,-1.4932320484488537
1309,3,3.0886408895329436,-1.5022109842630456
1309,4,2.964996246818784,-1.5178935427105131
1309,5,2.9198457681470726,-1.3426690172600915
1309,6,2.9734933856496424,-1.5446755582023504
1309,7,2.9089670963506844,-1.568419683120036
1309,8,3.055495570137265,-1.4445562891423571
1309,9,2.9461799881709396,-1.5598632018091574
1309,10,3.0323573357835607,-1.4225096054462512
1309,11,3.0735619535074354,-1.530967336705876
1309,12,3.0951255815305507,-1.5224865843652056
1309,13,2.8914345689593337,-1.5129987790976935
1309,14,3.1224803159283128,-1.469596260443338
1309,15,3.0215360135829585,-1.4223527739040485
1309,16,3.079065081796138,-1.533146612500709
1309,17,3.049385077101321,-1.5389968491332082
1309,18,2.9275886092752264,-1.508727794401131
1309,19,2.9324530664777178,-1.460172968345651
1310,0,3.004006957102177,-1.5209628949564065
1310,1,3.0003336082139804,-1.6589687331084446
1310,2,3.102184734138674,-1.4941297657255537
1310,3,3.089966538237321,-1.5030937134818025
1310,4,2.966452235367911,-1.518734890251343
1310,5,2.9198457681470726,-1.3426690172600915
1310,6,2.9749262657037994,-1.5455119849679855
1310,7,2.9104621395498023,-1.5692271620564944
1310,8,3.05685532548197,-1.4454993630371689
1310,9,2.9476392169009737,-1.560681411157609
1310,10,3.033742045876712,-1.4234726423055015
1310,11,3.0748980416850826,-1.5318232159314429
1310,12,3.096439225732005,-1.5233553686992736
1310,13,2.8914345689593337,-1.5129987790976935
1310,14,3.123771385739487,-1.470519826573394
1310,15,3.0229324850090418,-1.4233136428356907
1310,16,3.0804230866585853,-1.5339562213174038
1310,17,3.0507446245240994,-1.539842504170409
1310,18,2.9275886092752264,-1.508727794401131
1310,19,2.9339380217358615,-1.4610836195239116
1311,0,3.005411725873827,-1.5218250990511908
1311,1,3.0017312325572973,-1.6596912235930206
1311,2,3.103494319570095,-1.4950265885916159
1311,3,3.0912888032878807,-1.5039786543083322
1311,4,2.967904462606329,-1.5195793899671746
1311,5,2.9198457681470726,-1.3426690172600915
1311,6,2.9763577180804313,-1.5463475783437697
1311,7,2.91195569311684,-1.5700338364365838
1311,8,3.05821372601577,-1.4464414972873587
1311,9,2.949096991765471,-1.5614988053039274
1311,10,3.0351253762977826,-1.4244347196317249
1311,11,3.0762327988603775,-1.5326782425356922
1311,12,3.0977515610674926,-1.5242232874091142
1311,13,2.8914345689593337,-1.5129987790976935
1311,14,3.1250611691979886,-1.471442472511723
1311,15,3.0243275651648265,-1.424273554477137
1311,16,3.0817772164635517,-1.5347692499245198
1311,17,3.0521008804340646,-1.540690423175483
1311,18,2.9275886092752264,-1.508727794401131
1311,19,2.935419169568752,-1.461997149703982
1312,0,3.0068150950152224,-1.5226864440957448
1312,1,3.0031274645523,-1.6604129943145118
1312,2,3.104802600249436,-1.4959225179447606
1312,3,3.0926077366029143,-1.5048657162342582
1312,4,2.9693529872427358,-1.520426918847678
1312,5,2.9198457681470726,-1.3426690172600915
1312,6,2.977787744212423,-1.5471823391661326
1312,7,2.9134477585468472,-1.5708397070677862
1312,8,3.059570773098425,-1.4473826928360038
1312,9,2.950553314223665,-1.5623153850663245
1312,10,3.0365073284314876,-1.4253958383879612
1312,11,3.0775642874167946,-1.5335354366801235
1312,12,3.099062588850663,-1.5250903413635148
1312,13,2.8914345689593337,-1.5129987790976935
1312,14,3.126349667594892,-1.4723641991818939
1312,15,3.0257212554467894,-1.4252325097892595
1312,16,3.0831275297134044,-1.535585573785192
1312,17,3.053455785003672,-1.5415374973347111
1312,18,2.9275886092752264,-1.508727794401131
1312,19,2.9368988418745627,-1.4629097698205944
1313,0,3.008217065931137,-1.523546930952276
1313,1,3.0045223055966175,-1.6611340459954118
1313,2,3.1061095774862886,-1.4968175546818143
1313,3,3.0939253557681603,-1.5057518943154682
1313,4,2.97079786690674,-1.5212773578350196
1313,5,2.9198457681470726,-1.3426690172600915
1313,6,2.979216345531232,-1.5480162682706706
1313,7,2.914938337333382,-1.571644774756779
1313,8,3.0609264680883412,-1.448322950625242
1313,9,2.9520081857333365,-1.5631311512621977
1313,10,3.037887903661163,-1.4263559995362918
1313,11,3.078894449313011,-1.5343917767388395
1313,12,3.1003723103938556,-1.5259565314303973
1313,13,2.8914345689593337,-1.5129987790976935
1313,14,3.127636882219986,-1.473285007506556
1313,15,3.0271135572500154,-1.4261905097319736
1313,16,3.084474084016386,-1.536405072199938
1313,17,3.054809339589182,-1.542383727496015
1313,18,2.9275886092752264,-1.508727794401131
1313,19,2.9383770401344473,-1.463821480787282
1314,0,3.0096176400249455,-1.5244065604821324
1314,1,3.005915757086487,-1.6618543793574938
1314,2,3.1074152525889374,-1.4977116996987094
1314,3,3.0939253557681603,-1.5057518943154682
1314,4,2.9722391581468246,-1.5221305916893328
1314,5,2.9198457681470726,-1.3426690172600915
1314,6,2.98064352346689,-1.5488493664921477
1314,7,2.916427430968515,-1.5724490403094358
1314,8,3.0622808123425704,-1.4492622715962722
1314,9,2.9534616077508127,-1.5639461047081298
1314,10,3.039267103368765,-1.4273152040378385
1314,11,3.080223285880519,-1.5352472635690375
1314,12,3.101680727008104,-1.526821858476819
1314,13,2.8914345689593337,-1.5129987790976935
1314,14,3.1289228143617724,-1.4742048984074396
1314,15,3.0285044719682004,-1.427147555264238
1314,16,3.0858169360744854,-1.5372276281812107
1314,17,3.0561615455455047,-1.543229114506472
1314,18,2.9275886092752264,-1.508727794401131
1314,19,2.9398515012413333,-1.4647359450186126
1315,0,3.0110168186986237,-1.5252653335458042
1315,1,3.007307820416756,-1.6625739951218121
1315,2,3.1087196268643646,-1.4986049538904862
1315,3,3.0939253557681603,-1.5057518943154682
1315,4,2.9736769164304078,-1.522986508859021
1315,5,2.9198457681470726,-1.3426690172600915
1315,6,2.9820692794480035,-1.549681634664496
1315,7,2.9179150409428316,-1.573252504530827
1315,8,3.0636338072168123,-1.4502006566893557
1315,9,2.954913581730971,-1.56476024621989
1315,10,3.040644928934874,-1.4282734528527663
1315,11,3.081550798449486,-1.5361018980270607
1315,12,3.1029878400031334,-1.5276863233689728
1315,13,2.8914345689593337,-1.5129987790976935
1315,14,3.1302074653074716,-1.4751238728053564
1315,15,3.0298940009936515,-1.4281036473440565
1315,16,3.0871561416737676,-1.538053128332239
1315,17,3.0575124042261987,-1.5440736592123154
1315,18,2.9275886092752264,-1.508727794401131
1315,19,2.9398515012413333,-1.4647359450186126
1316,0,3.0124146033527506,-1.526123251002924
1316,1,3.00869849698088,-1.663292894008703
1316,2,3.1100227016182505,-1.4994973181512927
1316,3,3.0939253557681603,-1.5057518943154682
1316,4,2.9751132424230775,-1.5238415733663397
1316,5,2.9198457681470726,-1.3426690172600915
1316,6,2.983493614901755,-1.5505130736208166
1316,7,2.9194011687454298,-1.5740551682252213
1316,8,3.064985454065416,-1.4511381068438167
1316,9,2.956364109127238,-1.5655735766124346
1316,10,3.042021381738695,-1.429230746940283
1316,11,3.0828769883487537,-1.5369556809683989
1316,12,3.104293650687366,-1.5285499269721892
1316,13,2.8914345689593337,-1.5129987790976935
1316,14,3.13149083634302,-1.4760419316202005
1316,15,3.0298940009936515,-1.4281036473440565
1316,16,3.0884917556769724,-1.5388814627300118
1316,17,3.0588619169834756,-1.5449173624589354
1316,18,2.9275886092752264,-1.508727794401131
1316,19,2.9398515012413333,-1.4647359450186126
1317,0,3.0138109953865104,-1.5269803137122677
1317,1,3.0100861777306323,-1.6640141835343882
1317,2,3.1113244781549736,-1.5003887933743867
1317,3,3.0939253557681603,-1.5057518943154682
1317,4,2.9765460933186154,-1.5246992106503363
1317,5,2.9198457681470726,-1.3426690172600915
1317,6,2.9849165312539063,-1.5513436841933808
1317,7,2.920885815863925,-1.5748570321960857
1317,8,3.066335754241382,-1.452074622998044
1317,9,2.957813191391594,-1.5663860966999081
1317,10,3.0433964631580586,-1.4301870872586409
1317,11,3.084201856905839,-1.5378086132476896
1317,12,3.105598160367919,-1.5294126701509358
1317,13,2.8914345689593337,-1.5129987790976935
1317,14,3.1327729287530732,-1.4769590757709496
1317,15,3.0298940009936515,-1.4281036473440565
1317,16,3.089823832018194,-1.5397125248122678
1317,17,3.060210085168199,-1.5457602250908795
1317,18,2.9275886092752264,-1.508727794401131
1317,19,2.9398515012413333,-1.4647359450186126
1318,0,3.0152059961976927,-1.5278365225317563
1318,1,3.0114724758334503,-1.664734754387027
1318,2,3.112624957777614,-1.5012793804521356
1318,3,3.0939253557681603,-1.5057518943154682
1318,4,2.977977516538948,-1.5255559933949743
1318,5,2.9198457681470726,-1.3426690172600915
1318,6,2.986338029928798,-1.5521734672136307
1318,7,2.922368983784451,-1.575658097246087
1318,8,3.067684709096361,-1.453010206089491
1318,9,2.959260829974571,-1.567197807295644
1318,10,3.0447701745694227,-1.4311424747651376
1318,11,3.0855254054469365,-1.538660695718719
1318,12,3.1069013703506085,-1.5302745537688198
1318,13,2.8930159445421713,-1.5137355919473734
1318,14,3.134053743821007,-1.4778753061756662
1318,15,3.0298940009936515,-1.4281036473440565
1318,16,3.091152423699476,-1.5405462112683532
1318,17,3.0615569101298856,-1.5466022479518542
1318,18,2.9275886092752264,-1.508727794401131
1318,19,2.9398515012413333,-1.4647359450186126
1319,0,3.0165996071826946,-1.5286918783184553
1319,1,3.0128573926770197,-1.6654546072879117
1319,2,3.113924141787953,-1.502169080276018
1319,3,3.0939253557681603,-1.5057518943154682
1319,4,2.979407513516932,-1.5264119224578938
1319,5,2.9198457681470726,-1.3426690172600915
1319,6,2.9877581123493515,-1.5530024235121798
1319,7,2.9238506739916597,-1.5764583641770917
1319,8,3.069032319980659,-1.4539448570546771
1319,9,2.960707026325257,-1.5680087092121655
1319,10,3.046142517347874,-1.432096910416117
1319,11,3.08684763529692,-1.5395119292344226
1319,12,3.1082032819399483,-1.5311355786885874
1319,13,2.8945922674699633,-1.5144791285541035
1319,14,3.135333282828919,-1.4787906237514976
1319,15,3.0298940009936515,-1.4281036473440565
1319,16,3.092477582789163,-1.5413824219338184
1319,17,3.0629023932167097,-1.547443431884725
1319,18,2.9275886092752264,-1.508727794401131
1319,19,2.9398515012413333,-1.4647359450186126
1320,0,3.017991829736522,-1.529546381928577
1320,1,3.014240929647643,-1.6661737429576158
1320,2,3.1152220314864745,-1.5030578937366241
1320,3,3.0939253557681603,-1.5057518943154682
1320,4,2.9808360856839946,-1.527266998695881
1320,5,2.9198457681470726,-1.3426690172600915
1320,6,2.989176779937071,-1.5538305539188142
1320,7,2.925330887968725,-1.5772578337901682
1320,8,3.0703785882432353,-1.4548785768291892
1320,9,2.9621517818912957,-1.568818803261186
1320,10,3.047513492867129,-1.43305039516697
1320,11,3.088168547779343,-1.5403623146468857
1320,12,3.1095038964391537,-1.5319957457721254
1320,13,2.8961636109178164,-1.5152291462309297
1320,14,3.136611547057629,-1.4797050294146776
1320,15,3.0298940009936515,-1.4281036473440565
1320,16,3.0937993604218583,-1.542221059688622
1320,17,3.0642465357755007,-1.5482837777315182
1320,18,2.9275886092752264,-1.508727794401131
1320,19,2.9398515012413333,-1.4647359450186126
1321,0,3.0193826652527913,-1.5304000342174804
1321,1,3.0156230881302424,-1.6668921621159947
1321,2,3.116518628172368,-1.5039458217236574
1321,3,3.0939253557681603,-1.5057518943154682
1321,4,2.982263234470139,-1.5281212229648675
1321,5,2.9198457681470726,-1.3426690172600915
1321,6,2.9905940341120436,-1.5546578592624933
1321,7,2.9268096271973425,-1.578056506885586
1321,8,3.071723515231706,-1.4558113663476815
1321,9,2.963595098118889,-1.5696280902536108
1321,10,3.047513492867129,-1.43305039516697
1321,11,3.089488144216439,-1.541211852807345
1321,12,3.110803215150141,-1.532855055880462
1321,13,2.897730047912184,-1.5159854104491532
1321,14,3.13788853778668,-1.4806185240805272
1321,15,3.0298940009936515,-1.4281036473440565
1321,16,3.095117806799858,-1.543062030358822
1321,17,3.0655893391517464,-1.5491232863334206
1321,18,2.9275886092752264,-1.508727794401131
1321,19,2.9398515012413333,-1.4647359450186126
1322,0,3.02077211512373,-1.531252836039672
1322,1,3.01700386950836,-1.6676098654821867
1322,2,3.1178139331435277,-1.5048328651259344
1322,3,3.0939253557681603,-1.5057518943154682
1322,4,2.9836889613039417,-1.528974596119933
1322,5,2.9198457681470726,-1.3426690172600915
1322,6,2.9920098762929426,-1.5554843403713505
1322,7,2.9282868931577313,-1.578854384262818
1322,8,3.073067102292345,-1.4567432265438773
1322,9,2.9650369764527986,-1.5704365709995367
1322,10,3.047513492867129,-1.43305039516697
1322,11,3.090806425929127,-1.5420605445661892
1322,12,3.112101239373529,-1.533713509873767
1322,13,2.899291651214101,-1.5167476945533722
1322,14,3.1391642562943414,-1.4815311086634555
1322,15,3.0298940009936515,-1.4281036473440565
1322,16,3.0964329711959233,-1.543905242621628
1322,17,3.0669308046895947,-1.549961958530781
1322,18,2.929125245634162,-1.5094946887842275
1322,19,2.9398515012413333,-1.4647359450186126
1323,0,3.0221601807401792,-1.5321047882488075
1323,1,3.018383275164159,-1.6683268537746136
1323,2,3.1191079476965555,-1.5057190248313865
1323,3,3.0939253557681603,-1.5057518943154682
1323,4,2.985113267612557,-1.529827119015305
1323,5,2.921416929191616,-1.343596057136975
1323,6,2.993424307897027,-1.5563099980726942
1323,7,2.9297626873286364,-1.5796514667205401
1323,8,3.074409350770083,-1.4576741583505697
1323,9,2.9664774183363454,-1.5712442463082537
1323,10,3.047513492867129,-1.43305039516697
1323,11,3.092123394237007,-1.5429083907729595
1323,12,3.113397970408642,-1.5345711086113543
1323,13,2.900848493213569,-1.5175157794862704
1323,14,3.1404387038576087,-1.4824427840769605
1323,15,3.0298940009936515,-1.4281036473440565
1323,16,3.0977449019572796,-1.5447506079137034
1323,17,3.0682709337318537,-1.5507997951631112
1323,18,2.9306570667337124,-1.5102673950466183
1323,19,2.9398515012413333,-1.4647359450186126
1324,0,3.0235468634915934,-1.5329558916976918
1324,1,3.0197613064784266,-1.6690431277109816
1324,2,3.120400673126761,-1.5066043017270605
1324,3,3.0939253557681603,-1.5057518943154682
1324,4,2.9865361548217173,-1.5306787925043595
1324,5,2.922982256788546,-1.3445293983718543
1324,6,2.9948373303401445,-1.5571348331930086
1324,7,2.9312370111873287,-1.5804477550566327
1324,8,3.075750262008513,-1.4586041626996222
1324,9,2.967916425211413,-1.5720511169882456
1324,10,3.047513492867129,-1.43305039516697
1324,11,3.093439050458366,-1.5437553922763507
1324,12,3.1146934095535084,-1.5354278529516807
1324,13,2.9024006458342746,-1.5182894535228937
1324,14,3.141711881752205,-1.4833535512336302
1324,15,3.0298940009936515,-1.4281036473440565
1324,16,3.0990555257484784,-1.5455951310369376
1324,17,3.069609727619994,-1.5516367970690865
1324,18,2.932184145193881,-1.5110457026019457
1324,19,2.9398515012413333,-1.4647359450186126
1325,0,3.0249321647660437,-1.5338061472382802
1325,1,3.0211379648305727,-1.6697586880082813
1325,2,3.1216921107281634,-1.5074886966991194
1325,3,3.0939253557681603,-1.5057518943154682
1325,4,2.9879576243557335,-1.5315296174396225
1325,5,2.9245418557511935,-1.3454687930262186
1325,6,2.996248945036732,-1.5579588465579544
1325,7,2.9327098662096085,-1.581243250068181
1325,8,3.0770898373498876,-1.45953324052197
1325,9,2.9693539985184487,-1.5728571838471908
1325,10,3.047513492867129,-1.43305039516697
1325,11,3.0947533959101774,-1.5446015499242123
1325,12,3.115987558104864,-1.5362837437523482
1325,13,2.903948180447869,-1.5190685120141552
1325,14,3.1429837912525826,-1.4842634110451436
1325,15,3.0298940009936515,-1.4281036473440565
1325,16,3.1003648438814553,-1.546438812836699
1325,17,3.0709471876941494,-1.5524729650865468
1325,18,2.9337065531035873,-1.5118294078544177
1325,19,2.9398515012413333,-1.4647359450186126
1326,0,3.026316085950218,-1.5346555557216794
1326,1,3.022513251598634,-1.6704735353827893
1326,2,3.1229822617934935,-1.5083722106328434
1326,3,3.0939253557681603,-1.5057518943154682
1326,4,2.9893776776374983,-1.5323795946727707
1326,5,2.9260958296269775,-1.3464140020488655
1326,6,2.997659153399817,-1.55878203899237
1326,7,2.9341812538698044,-1.5820379525514765
1326,8,3.078428078135124,-1.460461392747621
1326,9,2.970790139696465,-1.573662447691963
1326,10,3.047513492867129,-1.43305039516697
1326,11,3.096066431908102,-1.5454468645635488
1326,12,3.1172804173581534,-1.5371387818701046
1326,13,2.905491167797088,-1.5198527571393041
1326,14,3.1442544336319243,-1.485172364422271
1326,15,3.0298940009936515,-1.4281036473440565
1326,16,3.101672857666839,-1.547281654157514
1326,17,3.072283315293119,-1.5533083000524968
1326,18,2.9352243619427028,-1.5126183139558838
1326,19,2.9398515012413333,-1.4647359450186126
1327,0,3.0276986284294227,-1.5355041179981481
1327,1,3.023887168159274,-1.6711876705500686
1327,2,3.1242711276141932,-1.5092548444126308
1327,3,3.0939253557681603,-1.5057518943154682
1327,4,2.9907963160884865,-1.5332287250546321
1327,5,2.92764428061195,-1.3473647949397713
1327,6,2.9990679568410195,-1.5596044113202714
1327,7,2.9356511756407775,-1.5828318633020169
1327,8,3.0797649857038016,-1.4613886203056565
1327,9,2.9722248501830406,-1.574466909328632
1327,10,3.047513492867129,-1.43305039516697
1327,11,3.0973781597664902,-1.5462913370405211
1327,12,3.11857198860753,-1.5379929681608435
1327,13,2.9070296779270524,-1.520641997667095
1327,14,3.1455238101621443,-1.4860804122748756
1327,15,3.0298940009936515,-1.4281036473440565
1327,16,3.1029795684139527,-1.5481236558430675
1327,17,3.0736181117543677,-1.554142802803108
1327,18,2.9367376425122305,-1.5134122305713689
1327,19,2.9398515012413333,-1.4647359450186126
1328,0,3.029079793587584,-1.5363518349170981
1328,1,3.025259715887784,-1.6719010942249692
1328,2,3.1255567381663285,-1.5101394706530642
1328,3,3.0939253557681603,-1.5057518943154682
1328,4,2.9922135411287565,-1.5340770094351872
1328,5,2.929187309476371,-1.348320949426875
1328,6,3.0004753567705533,-1.5604259643648544
1328,7,2.937119632993921,-1.583624983114508
1328,8,3.081100561394167,-1.4623149241242321
1328,9,2.973658131414322,-1.575270569562465
1328,10,3.047513492867129,-1.43305039516697
1328,11,3.098688580798383,-1.547134968200447
1328,12,3.119862273145857,-1.5388463034796065
1328,13,2.9085637801241204,-1.5214360487253933
1328,14,3.14679192211389,-1.4869875555119145
1328,15,3.0298940009936515,-1.4281036473440565
1328,16,3.104283105651301,-1.5489677164954745
1328,17,3.074951578414028,-1.554976474173718
1328,18,2.938246464872026,-1.5142109736528158
1328,19,2.9398515012413333,-1.4647359450186126
1329,0,3.03045958280725,-1.5371987073270947
1329,1,3.026630896158086,-1.672613807121629
1329,2,3.126841067769197,-1.511023215474679
1329,3,3.0939253557681603,-1.5057518943154682
1329,4,2.9936293541769516,-1.5349244486635694
1329,5,2.9307250155003963,-1.3492822511553337
1329,6,3.001881354597227,-1.5612466989484943
1329,7,2.9385866273991614,-1.5844173127828631
1329,8,3.0824348065431324,-1.463240305130579
1329,9,2.975088096008467,-1.5760767885423257
1329,10,3.047513492867129,-1.43305039516697
1329,11,3.099997696315513,-1.5479777588878019
1329,12,3.121151272264711,-1.5396987886805829
1329,13,2.910093542861716,-1.5222347315789555
1329,14,3.1480587707565424,-1.4878937950414388
1329,15,3.0298940009936515,-1.4281036473440565
1329,16,3.1055853440799948,-1.5498109361490602
1329,17,3.076283716606902,-1.555809314998833
1329,18,2.939750898285482,-1.5150143652207853
1329,19,2.9398515012413333,-1.4647359450186126
1330,0,3.031837997469591,-1.5380447360758582
1330,1,3.0280007103427327,-1.673325809953474
1330,2,3.1281241177084143,-1.5119060797621047
1330,3,3.0939253557681603,-1.5057518943154682
1330,4,2.9950437566503028,-1.535771043588066
1330,5,2.9322574964190347,-1.3502484933888148
1330,6,3.003285951728446,-1.5620666158927474
1330,7,2.9400521603249623,-1.5852088531002053
1330,8,3.0837677224862787,-1.4641647642510043
1330,9,2.976516635807649,-1.5768822042178627
1330,10,3.047513492867129,-1.43305039516697
1330,11,3.101305507628306,-1.5488197099462202
1330,12,3.1224389872543816,-1.5405504246171111
1330,13,2.9116190337525927,-1.523037873415125
1330,14,3.1493243573582186,-1.488799131770595
1330,15,3.0313531130907188,-1.4289463983675987
1330,16,3.106886285003576,-1.550653315647888
1330,17,3.0776145276664604,-1.5566413261121275
1330,18,2.9412510111706465,-1.5158222331538678
1330,19,2.9398515012413333,-1.4647359450186126
1331,0,3.031837997469591,-1.5380447360758582
1331,1,3.0293691598129096,-1.67403710343322
1331,2,3.1294058892683143,-1.5127880643990894
1331,3,3.0939253557681603,-1.5057518943154682
1331,4,2.9964567499646275,-1.5366167950561196
1331,5,2.9337848483755846,-1.3512194767223973
1331,6,3.004689149570213,-1.5628857160183514
1331,7,2.941516233238323,-1.5859996048588672
1331,8,3.085099310557856,-1.4650883024108925
1331,9,2.977943752241838,-1.5776868173952978
1331,10,3.047513492867129,-1.43305039516697
1331,11,3.1026120160458825,-1.5496608222184958
1331,12,3.1237254194038724,-1.5414012121416798
1331,13,2.9131403195070353,-1.5238453071371878
1331,14,3.1505886831857715,-1.4897035666056262
1331,15,3.0328069224202996,-1.429794972458455
1331,16,3.108185929724288,-1.5514948558351809
1331,17,3.0789440129248464,-1.5574725083464451
1331,18,2.942746871057279,-1.5166344109855605
1331,19,2.9398515012413333,-1.4647359450186126
1332,0,3.031837997469591,-1.5380447360758582
1332,1,3.030736245938436,-1.6747476882728725
1332,2,3.1306863837319514,-1.5136691702685006
1332,3,3.0939253557681603,-1.5057518943154682
1332,4,2.997868335534334,-1.5374617039143281
1332,5,2.9353071658828283,-1.352195008806661
1332,6,3.0060909495271306,-1.563704000145226
1332,7,2.942978847604782,-1.586789568850392
1332,8,3.086429572090785,-1.4660109205347065
1332,9,2.9793694467395793,-1.5784906288800495
1332,10,3.047513492867129,-1.43305039516697
1332,11,3.103917222876059,-1.5505010965465829
1332,12,3.1250105700009034,-1.5422511521059281
1332,13,2.914657465896527,-1.5246568711651343
1332,14,3.1518497395980773,-1.490609903553202
1332,15,3.0342555142068446,-1.4306491565823123
1332,16,3.109484279543076,-1.5523355575533213
1332,17,3.0802721737128764,-1.5583028625338005
1332,18,2.944238544549384,-1.5174507377083677
1332,19,2.9398515012413333,-1.4647359450186126
1333,0,3.031837997469591,-1.5380447360758582
1333,1,3.0321019700877665,-1.6754575651837273
1333,2,3.1319656023811024,-1.514549398252326
1333,3,3.0939253557681603,-1.5057518943154682
1333,4,2.9992785147724206,-1.538305771008446
1333,5,2.936824541791307,-1.3531749040825523
1333,6,3.007491353002402,-1.5645214690924747
1333,7,2.9444400048884183,-1.5875787458655344
1333,8,3.0877585084166586,-1.4669326195459875
1333,9,2.980793720727994,-1.579293639476734
1333,10,3.047513492867129,-1.43305039516697
1333,11,3.1052211294253484,-1.5513405337715969
1333,12,3.126294440331912,-1.5431002453606466
1333,13,2.916170537722453,-1.525472409243582
1333,14,3.153109539526884,-1.4915153374504404
1333,15,3.035698972924045,-1.4315087448154333
1333,16,3.1107813357595897,-1.5531754216438525
1333,17,3.0815990113600407,-1.5591323895053786
1333,18,2.9457260972927948,-1.5182710575848875
1333,19,2.9398515012413333,-1.4647359450186126
1334,0,3.031837997469591,-1.5380447360758582
1334,1,3.033466333627992,-1.6761667348763722
1334,2,3.1332435464962662,-1.5154287492316747
1334,3,3.0939253557681603,-1.5057518943154682
1334,4,3.0006872890904783,-1.5391489971833856
1334,5,2.938337067264062,-1.354158983526626
1334,6,3.008890361397832,-1.5653381236783845
1334,7,2.9458997065518515,-1.5883671366942613
1334,8,3.089086120865744,-1.4678534003673576
1334,9,2.982216575632782,-1.5800958499891657
1334,10,3.047513492867129,-1.43305039516697
1334,11,3.106523736998963,-1.5521791347338152
1334,12,3.127577031682053,-1.5439484927557785
1334,13,2.917679598789432,-1.5262917702566146
1334,14,3.154368084233253,-1.4924198692036812
1334,15,3.0371373822171392,-1.4323735380951454
1334,16,3.1120770996721836,-1.5540144489474792
1334,17,3.082924527194505,-1.559961090091537
1334,18,2.9472095939474,-1.5190952199656516
1334,19,2.9398515012413333,-1.4647359450186126
1335,0,3.031837997469591,-1.5380447360758582
1335,1,3.034829337924842,-1.6768751980606869
1335,2,3.1345202173566657,-1.516307224086778
1335,3,3.0939253557681603,-1.5057518943154682
1335,4,3.0020946598986913,-1.5399913832832168
1335,5,2.939844831757259,-1.3551470744062717
1335,6,3.01028797611383,-1.5661539647204277
1335,7,2.947357954056244,-1.5891547421257528
1335,8,3.0904102824992794,-1.468776324972531
1335,9,2.9836380128782225,-1.580897261220358
1335,10,3.048955680792431,-1.4338889934547951
1335,11,3.1078250469008135,-1.5530169002726781
1335,12,3.128856479038309,-1.54479871034076
1335,13,2.919184711882909,-1.5271148080493002
1335,14,3.1556253749769887,-1.4933234997183615
1335,15,3.0385708248336583,-1.4332433439791026
1335,16,3.1133715725779183,-1.5548526403040688
1335,17,3.084248722543112,-1.5607889651218059
1335,18,2.948689098163652,-1.5199230791134888
1335,19,2.9398515012413333,-1.4647359450186126
1336,0,3.031837997469591,-1.5380447360758582
1336,1,3.036190984342685,-1.6775829554458432
1336,2,3.1357956162402503,-1.51718482369699
1336,3,3.0939253557681603,-1.5057518943154682
1336,4,3.003500628605839,-1.5408329301511692
1336,5,2.941347923006171,-1.3561390100445447
1336,6,3.011682308690237,-1.566972221959912
1336,7,2.9488147488613032,-1.5899415629484028
1336,8,3.0917331247689344,-1.4696983299970752
1336,9,2.9850580338871753,-1.5816978739725245
1336,10,3.050392605578032,-1.4347333360313457
1336,11,3.109125060433513,-1.55385383122679
1336,12,3.130134651596521,-1.545648080797715
1336,13,2.9206859387506516,-1.5279413812556588
1336,14,3.1568814130166403,-1.4942262298990168
1336,15,3.0399993825619633,-1.4341179764130632
1336,16,3.114664755772563,-1.5556899965526514
1336,17,3.0855715987313825,-1.5616160154248886
1336,18,2.9501646725630044,-1.5207544940341893
1336,19,2.9398515012413333,-1.4647359450186126
1337,0,3.031837997469591,-1.5380447360758582
1337,1,3.0375512742445303,-1.6782900077403073
1337,2,3.137069744423695,-1.518061548940789
1337,3,3.0939253557681603,-1.5057518943154682
1337,4,3.004905196619298,-1.541673638629632
1337,5,2.9428464270160304,-1.3571346295942301
1337,6,3.013075251988129,-1.5677896639081086
1337,7,2.9502682283739743,-1.5907310414870965
1337,8,3.0930546489988755,-1.470619416363918
1337,9,2.986476640081083,-1.5824976890470792
1337,10,3.0518243510944183,-1.435583214214105
1337,11,3.110423778898376,-1.5546899284339195
1337,12,3.131411550636142,-1.546496604976864
1337,13,2.9221833400878294,-1.5287713531328497
1337,14,3.158136199609503,-1.4951280606492803
1337,15,3.04142313617699,-1.4349972555069204
1337,16,3.1159566505505953,-1.5565265185314214
1337,17,3.0868913121436217,-1.562445185526826
1337,18,2.9516363787219575,-1.5215893283132513
1337,19,2.9398515012413333,-1.4647359450186126
1338,0,3.031837997469591,-1.5380447360758582
1338,1,3.0389102089920295,-1.6789963556518392
1338,2,3.1383426031824038,-1.5189374006957774
1338,3,3.0939253557681603,-1.5057518943154682
1338,4,3.0063083653450424,-1.542513509560155
1338,5,2.944340428057291,-1.3581337778207845
1338,6,3.014466807401845,-1.5686062913832775
1338,7,2.9517202596628733,-1.5915197334019835
1338,8,3.09437485651195,-1.4715395849950677
1338,9,2.987893832879972,-1.5832967072446378
1338,10,3.0532510004863536,-1.43643842623215
1338,11,3.1117193567009647,-1.5555280545866672
1338,12,3.132687177435348,-1.5473442837275806
1338,13,2.9236769755253804,-1.5296045914013618
1338,14,3.1593897360116197,-1.496028992871886
1338,15,3.0428421653926456,-1.4358810073187283
1338,16,3.117247258205203,-1.5573622070777384
1338,17,3.0882097106268525,-1.563273529464681
1338,18,2.953104277159419,-1.5224274499584982
1338,19,2.9398515012413333,-1.4647359450186126
1339,0,3.031837997469591,-1.5380447360758582
1339,1,3.0402677899454775,-1.6797019998874938
1339,2,3.1396141937905093,-1.519812379838684
1339,3,3.0939253557681603,-1.5057518943154682
1339,4,3.0077101361876446,-1.5433525437834499
1339,5,2.945830008664888,-1.3591363048938063
1339,6,3.015856976324333,-1.5694221052028636
1339,7,2.953170844181485,-1.5923076394825453
1339,8,3.0956937486296865,-1.472458836811614
1339,9,2.989309613702453,-1.5840949293650182
1339,10,3.054672636097249,-1.4372987769854988
1339,11,3.113013643627607,-1.556365345654954
1339,12,3.133961533271043,-1.548191117898392
1339,13,2.9251669036213777,-1.5304409680909907
1339,14,3.1606420234777812,-1.4969290274686675
1339,15,3.0442565488203406,-1.4367690636464676
1339,16,3.118536580028285,-1.5581970630281272
1339,17,3.0895267955007926,-1.5641010480676267
1339,18,2.9545684273270947,-1.5232687312483573
1339,19,2.9398515012413333,-1.4647359450186126
1340,0,3.031837997469591,-1.5380447360758582
1340,1,3.0416240184638146,-1.6804069411536218
1340,2,3.1408845175208753,-1.5206864872453636
1340,3,3.0939253557681603,-1.5057518943154682
1340,4,3.009110510550279,-1.5441907421393908
1340,5,2.947315249641107,-1.3601420661867
1340,6,3.0172457601471527,-1.5702371061834977
1340,7,2.954619983381846,-1.5930947605174763
1340,8,3.097011326672298,-1.4733771727337293
1340,9,2.9907239839657245,-1.5848923562072417
1340,10,3.0560893394016517,-1.4381640778128475
1340,11,3.114306640973885,-1.557201802476909
1340,12,3.135234619418859,-1.54903710833698
1340,13,2.9266531818551424,-1.5312803593923958
1340,14,3.1618930632615285,-1.4978281653405605
1340,15,3.04566636393318,-1.4376612618273004
1340,16,3.1198246173104547,-1.5590310872182795
1340,17,3.090842568083845,-1.5649277421640102
1340,18,2.956028887602656,-1.5241130485856007
1340,19,2.9398515012413333,-1.4647359450186126
1341,0,3.031837997469591,-1.5380447360758582
1341,1,3.0429788959046267,-1.6811111801558698
1341,2,3.1421535756450965,-1.5215597237907985
1341,3,3.0939253557681603,-1.5057518943154682
1341,4,3.010509489834722,-1.5450281054670152
1341,5,2.948796230061711,-1.361150922084209
1341,6,3.018633160260479,-1.571051295140996
1341,7,2.956067678714546,-1.5938810972946857
1341,8,3.0983275919586806,-1.4742945936806682
1341,9,2.9921369450855724,-1.5856889885695333
1341,10,3.0575011909452416,-1.4390341462674507
1341,11,3.1155983500340905,-1.5580374258898264
1341,12,3.1365064371531557,-1.5498822558901821
1341,13,2.9281358666238613,-1.5321226455140349
1341,14,3.163142856615154,-1.498726407387603
1341,15,3.047071687035364,-1.438557444544062
1341,16,3.1211113713410383,-1.5598642804830545
1341,17,3.0921570296931002,-1.565753612581353
1341,18,2.957485715285445,-1.5249602823563533
1341,19,2.9398515012413333,-1.4647359450186126
1342,0,3.031837997469591,-1.5380447360758582
1342,1,3.044332423624147,-1.681814717599182
1342,2,3.1434213694335016,-1.5224320903490995
1342,3,3.0939253557681603,-1.5057518943154682
1342,4,3.011907075441353,-1.5458646346045244
1342,5,2.9502730272849913,-1.3621627377975052
1342,6,3.0200191780531003,-1.571864672890363
1342,7,2.9575139316287293,-1.5946666506012974
1342,8,3.0996425458064176,-1.4752111005707702
1342,9,2.9935484984763723,-1.5864848272493228
1342,10,3.058908270291777,-1.4399088059009002
1342,11,3.1168887721012255,-1.558872216730166
1342,12,3.1377769877470243,-1.5507265614039916
1342,13,2.929615013241485,-1.5329677105442816
1342,14,3.164391404789702,-1.4996237545089361
1342,15,3.048472593236389,-1.4394574596387513
1342,16,3.1223968434080778,-1.560696643656479
1342,17,3.093470181644335,-1.566578660146352
1342,18,2.958938966594491,-1.5258103167941754
1342,19,2.9398515012413333,-1.4647359450186126
1343,0,3.031837997469591,-1.5380447360758582
1343,1,3.0456830673016317,-1.6825205008022635
1343,2,3.1446879001551538,-1.5233035877935066
1343,3,3.0939253557681603,-1.5057518943154682
1343,4,3.0133032687691568,-1.546700330389285
1343,5,2.951745716963444,-1.3631773831865317
1343,6,3.021403814912422,-1.5726772402457903
1343,7,2.9589587435720968,-1.595451421223651
1343,8,3.100956189531779,-1.4761266943214597
1343,9,2.9949586455510904,-1.5872798730432454
1343,10,3.0603106559764535,-1.4407878860545575
1343,11,3.1181779084670036,-1.5597061758335544
1343,12,3.1390462724722874,-1.5515700257235592
1343,13,2.931092686083806,-1.533811933578234
1343,14,3.16563870903497,-1.500520207602805
1343,15,3.049869156429654,-1.440361159932776
1343,16,3.123681034798332,-1.56152817757175
1343,17,3.094782025252016,-1.567402885684881
1343,18,2.9603886966686392,-1.52666303984904
1343,19,2.9398515012413333,-1.4647359450186126
1344,0,3.031837997469591,-1.5380447360758582
1344,1,3.0470323652419307,-1.6832255807860448
1344,2,3.1459531690778513,-1.5241742169963892
1344,3,3.0939253557681603,-1.5057518943154682
1344,4,3.0146980712157236,-1.5475351936578294
1344,5,2.953216939441352,-1.3641910177120415
1344,6,3.0227870722244665,-1.5734889980206586
1344,7,2.9604021159909064,-1.5962354099473026
1344,8,3.1022685244497237,-1.4770413758492469
1344,9,2.9963673877212855,-1.5880741267471428
1344,10,3.06170842546519,-1.4416712216583987
1344,11,3.119465760421852,-1.5605393040347855
1344,12,3.1403142925995,-1.5524126496931934
1344,13,2.932568886629976,-1.5346553154609603
1344,14,3.166884770599511,-1.5014157675665603
1344,15,3.051261449275119,-1.4412684030537226
1344,16,3.124963946797278,-1.5623588830612334
1344,17,3.0960925618293,-1.5682262900219903
1344,18,2.961836982384496,-1.5275149133405015
1344,19,2.9398515012413333,-1.4647359450186126
1345,0,3.031837997469591,-1.5380447360758582
1345,1,3.0483803187956924,-1.6839299582563119
1345,2,3.1472171774681295,-1.5250439788292482
1345,3,3.0939253557681603,-1.5057518943154682
1345,4,3.0160895427838734,-1.5483724601901925
1345,5,2.9546866961914104,-1.3652036423886837
1345,6,3.024168951373876,-1.5742999470275383
1345,7,2.9618440503299754,-1.5970186175570258
1345,8,3.1035795518738998,-1.4779551460697289
1345,9,2.9977747263971097,-1.5888675891560637
1345,10,3.0631016551193824,-1.4425586530370311
1345,11,3.1207523292549113,-1.5613716021678212
1345,12,3.141581049397951,-1.5532544341563619
1345,13,2.9340436163576737,-1.5354978570366866
1345,14,3.168129590730634,-1.5023104352966583
1345,15,3.0526495431856837,-1.4421790512684227
1345,16,3.126245580689112,-1.563188760956466
1345,17,3.0974017926880353,-1.5690488739819086
1345,18,2.963283825191796,-1.5283659381212864
1345,19,2.9398515012413333,-1.4647359450186126
1346,0,3.03327238487632,-1.5387884532815368
1346,1,3.04972692931222,-1.6846336339181471
1346,2,3.148479926591262,-1.525912874162716
1346,3,3.0939253557681603,-1.5057518943154682
1346,4,3.0174796279170875,-1.5492088924866303
1346,5,2.9561549886848475,-1.3662152582300966
1346,6,3.025549453743913,-1.57511008807819
1346,7,2.9632845480326817,-1.597801044836812
1346,8,3.104889273116647,-1.4788680058975905
1346,9,2.9991806629873103,-1.5896602610642647
1346,10,3.0644904201656953,-1.4434500257226501
1346,11,3.1220376162540386,-1.5622030710657928
1346,12,3.142846544135666,-1.5540953799556916
1346,13,2.9355168767431046,-1.5363395591487976
1346,14,3.1693731706744055,-1.5032042116886624
1346,15,3.0540335083169645,-1.4430929713220915
1346,16,3.12752593775675,-1.564017812088157
1346,17,3.098709719138763,-1.5698706383880432
1346,18,2.9647292265388305,-1.5292161150432713
1346,19,2.9413929563862475,-1.4655285360533552
1347,0,3.034702210995899,-1.5395374709135974
1347,1,3.0510721981394715,-1.6853366084759307
1347,2,3.1497414177112617,-1.5267809038665576
1347,3,3.095306374530603,-1.5065324050454085
1347,4,3.018868328006842,-1.5500444913844125
1347,5,2.957621818391425,-1.3672258662489087
1347,6,3.0269285807164614,-1.5759194219835662
1347,7,2.9647236105409647,-1.598582692569872
1347,8,3.106197689488998,-1.4797799562466052
1347,9,3.000585198899232,-1.5904521432652112
1347,10,3.0658747946704987,-1.4443451902747009
1347,11,3.123321622705807,-1.5630337115610016
1347,12,3.144110778079406,-1.55493548793297
1347,13,2.936988669261004,-1.5371804226398382
1347,14,3.1706155116756496,-1.5040970976372434
1347,15,3.0554134135601974,-1.4440100342833246
1347,16,3.1288050192818315,-1.5648460372861868
1347,17,3.1000163424907194,-1.570691584062981
1347,18,2.9661731878724478,-1.5300654449574842
1347,19,2.942929163075917,-1.4663275540368248
1348,0,3.0361275411333675,-1.54029160527245
1348,1,3.0524161266240624,-1.6860388826333408
1348,2,3.151001652090883,-1.5276480688096716
1348,3,3.096682718171283,-1.507317977698802
1348,4,3.0202556444432274,-1.5508792577199741
1348,5,2.959087186779441,-1.3682354674567396
1348,6,3.0283063336720293,-1.5767279495538105
1348,7,2.9661612392953276,-1.5993635615386357
1348,8,3.107504802300679,-1.4806909980296363
1348,9,3.0019883355388153,-1.591243236551578
1348,10,3.0672548515185745,-1.4452440021060229
1348,11,3.1246043498955087,-1.5638635244849195
1348,12,3.1453737524946708,-1.5557747589291462
1348,13,2.9384589953846376,-1.5380204483515134
1348,14,3.171856614977951,-1.5049890940361814
1348,15,3.056789326537983,-1.444930115394742
1348,16,3.130082826544718,-1.5656734373796097
1348,17,3.1013216640518353,-1.5715117118284894
1348,18,2.9676157106380545,-1.5309139287141051
1348,19,2.9444602022829303,-1.4671327640583578
1349,0,3.0375484401579675,-1.5410506784603668
1349,1,3.0537587161112665,-1.6867404570933546
1349,2,3.1522606309916212,-1.5285143698600911
1349,3,3.0980544558151766,-1.508108436395624
1349,4,3.021641578614949,-1.5517131923289174
1349,5,2.960551095315731,-1.369244062864201
1349,6,3.0296827139897484,-1.5775356715982598
1349,7,2.967597435734838,-1.6001436525247537
1349,8,3.1088106128601103,-1.4816011321586375
1349,9,3.003390074310602,-1.5920335417152505
1349,10,3.068630662395753,-1.446146321315252
1349,11,3.1258857991071545,-1.56469251066819
1349,12,3.146635468645699,-1.556613193784331
1349,13,2.9399278565858036,-1.5388596371246899
1349,14,3.1730964818236553,-1.5058802017783655
1349,15,3.058161313602638,-1.4458530939290741
1349,16,3.131359360824496,-1.5665000131966544
1349,17,3.102625685128739,-1.5723310225055172
1349,18,2.9690567962796175,-1.5317615671624671
1349,19,2.945986154523319,-1.4679439391431526
1350,0,3.038964972439247,-1.5418145181895724
1350,1,3.0550999679450173,-1.6874413325582487
1350,2,3.153518355673716,-1.5293798078849843
1350,3,3.0994216560175696,-1.5089036107817577
1350,4,3.023026131909328,-1.5525462960460117
1350,5,2.962013545465669,-1.370251653480898
1350,6,3.0310577230473768,-1.5783425889254448
1350,7,2.96903220129713,-1.6009229663090978
1350,8,3.11011512247441,-1.482510359544654
1350,9,3.0047904166177344,-1.5928230595473247
1350,10,3.0700022977751558,-1.4470520125252657
1350,11,3.127165971623476,-1.565520670940629
1350,12,3.1478959277954695,-1.5574507933377988
1350,13,2.941395254334833,-1.5396979897993963
1350,14,3.174335113453871,-1.5067704217557951
1350,15,3.059529439836911,-1.4467788530504933
1350,16,3.1326346233989772,-1.567325765564724
1350,17,3.103928407026756,-1.5731495169141951
1350,18,2.9690567962796175,-1.5317615671624671
1350,19,2.947507099754528,-1.4687608599721715
1351,0,3.0403772017894437,-1.5425829575966723
1351,1,3.056439883467909,-1.6881415097296002
1351,2,3.1547748273961504,-1.5302443837506552
1351,3,3.1007843867078417,-1.509703335846508
1351,4,3.024409305712304,-1.5533785697051945
1351,5,2.9634745386931685,-1.3712582403154296
1351,6,3.0324313622212995,-1.5791487023430903
1351,7,2.9704655374184052,-1.6017015036717621
1351,8,3.1114183324493943,-1.4834186810978234
1351,9,3.006189363861956,-1.5936117908381089
1351,10,3.0700022977751558,-1.4470520125252657
1351,11,3.128444868725928,-1.566348006131226
1351,12,3.149155131205703,-1.5582875584279874
1351,13,2.9428611901005928,-1.5405355072148246
1351,14,3.1755725111084687,-1.5076597548595818
1351,15,3.0608937690568543,-1.4477072796809982
1351,16,3.133908615544701,-1.568150695310397
1351,17,3.105229831049914,-1.573967195873837
1351,18,2.9690567962796175,-1.5317615671624671
1351,19,2.9490231172837307,-1.4695833146118353
1352,0,3.0417851914117113,-1.5433558350632448
1352,1,3.0577784640211987,-1.6888409893082872
1352,2,3.156030047416654,-1.5311080983225454
1352,3,3.102142715139008,-1.5105074517461643
1352,4,3.0257911014084344,-1.5542100141395727
1352,5,2.9649340764606853,-1.3722638243753906
1352,6,3.033803632886531,-1.5799540126581169
1352,7,2.971897445533435,-1.602479265392063
1352,8,3.1127202440895765,-1.4843260977273762
1352,9,3.0075869174436147,-1.5943997363771236
1352,10,3.0700022977751558,-1.4470520125252657
1352,11,3.1297224916946873,-1.5671745170681441
1352,12,3.1504130801368637,-1.5591234898924995
1352,13,2.944325665350486,-1.5413721902093305
1352,14,3.176808676026085,-1.5085482019799485
1352,15,3.062254363816656,-1.4486382643716647
1352,16,3.1351813385369347,-1.5689748032594293
1352,17,3.106529958500938,-1.5747840602029402
1352,18,2.9690567962796175,-1.5317615671624671
1352,19,2.9505342856857166,-1.4704110982532312
1353,0,3.0431890038537635,-1.5441329940424204
1353,1,3.0591157109448064,-1.6895397719944893
1353,2,3.157284016991704,-1.5319709524652338
1353,3,3.1034967078425986,-1.5113158036334384
1353,4,3.0271715203808993,-1.5550406301814228
1353,5,2.9663921602292183,-1.3732684066673713
1353,6,3.0351745364167155,-1.5807585206766408
1353,7,2.9733279270755597,-1.603256252248541
1353,8,3.114020858698172,-1.4852326103416376
1353,9,3.0089830787616627,-1.5951868969531033
1353,10,3.0700022977751558,-1.4470520125252657
1353,11,3.1309988418086556,-1.5680002045787218
1353,12,3.151669775848159,-1.5599585885681035
1353,13,2.9457886815504533,-1.5422080396204345
1353,14,3.1780436094441225,-1.509435764006232
1353,15,3.063611285415237,-1.4495717011785831
1353,16,3.1364527936496756,-1.5697980902367537
1353,17,3.1078287906812574,-1.5756001107191866
1353,18,2.9690567962796175,-1.5317615671624671
1353,19,2.952040682729622,-1.4712440129605584
1354,0,3.0445887009665475,-1.5449142828912756
1354,1,3.060451625577318,-1.6902378584876887
1354,2,3.158534859442111,-1.5328356698629617
1354,3,3.1048464305885,-1.5121282414926094
1354,4,3.0285505640114985,-1.5558704186621926
1354,5,2.9678487914583105,-1.3742719881969596
1354,6,3.036544074184129,-1.5815622272039755
1354,7,2.9747569834766936,-1.6040324650189604
1354,8,3.115320177577097,-1.4861382198480275
1354,9,3.010377849213659,-1.5959732733539966
1354,10,3.0700022977751558,-1.4470520125252657
1354,11,3.132273920345461,-1.568825069489473
1354,12,3.1529252195975435,-1.560792855290734
1354,13,2.947250240164976,-1.5430430562848227
1354,14,3.1792773125987503,-1.5103224418268824
1354,15,3.064964593904453,-1.4505074875433102
1354,16,3.137721198483236,-1.5706233051814282
1354,17,3.109126328891005,-1.5764153482394436
1354,18,2.9690567962796175,-1.5317615671624671
1354,19,2.9535423853138316,-1.4720818674285299
1355,0,3.0459843438675804,-1.5456995547088679
1355,1,3.061786209255985,-1.6909352494866707
1355,2,3.159784455592302,-1.5336995256833743
1355,3,3.106191948349396,-1.512944619980207
1355,4,3.0299282336806566,-1.5566993804125009
1355,5,2.9693014331363154,-1.375278244440077
1355,6,3.0379122475596803,-1.582365133044632
1355,7,2.9761846161673233,-1.6048079044803112
1355,8,3.1166182020269715,-1.4870429271530619
1355,9,3.01177123019577,-1.596758866366967
1355,10,3.0700022977751558,-1.4470520125252657
1355,11,3.1335477285814575,-1.569649112626088
1355,12,3.154179412641717,-1.5616262908954925
1355,13,2.9487103426570753,-1.5438772410383477
1355,14,3.180509786724907,-1.5112082363294652
1355,15,3.066314348098737,-1.4514455241776638
1355,16,3.1389883395213602,-1.5714476979099985
1355,17,3.1104225744290175,-1.577229773579765
1355,18,2.9690567962796175,-1.5317615671624671
1355,19,2.955039469408421,-1.4729244767484546
1356,0,3.0473759929086066,-1.5464886671797407
1356,1,3.0631194633167276,-1.6916319456895244
1356,2,3.1610328066931226,-1.5345625207911922
1356,3,3.1075333252694723,-1.5137647982710667
1356,4,3.031304530767422,-1.5575275162621391
1356,5,2.97075262740236,-1.3762834980496177
1356,6,3.0392790579129114,-1.5831672390023197
1356,7,2.9776108265765107,-1.605582571408809
1356,8,3.1179149333471186,-1.4879467331623537
1356,9,3.0131632231027714,-1.5975436767783935
1356,10,3.0700022977751558,-1.4470520125252657
1356,11,3.134820267791729,-1.5704723348134353
1356,12,3.155432356236128,-1.562458896216649
1356,13,2.9501689904883155,-1.5447105947160291
1356,14,3.1817410330563,-1.5120931484006617
1356,15,3.0676627574395767,-1.4523826261812496
1356,16,3.140254218032458,-1.5722712692476823
1356,17,3.111717528592838,-1.578043387555391
1356,18,2.9690567962796175,-1.5317615671624671
1356,19,2.9565320100045547,-1.473771662182725
1357,0,3.048763707647257,-1.5472814824227306
1357,1,3.064451389094134,-1.6923279477936433
1357,2,3.1622799139941744,-1.5354246560502742
1357,3,3.108870624637074,-1.5145886399095918
1357,4,3.0326794566494693,-1.5583548270400724
1357,5,2.9722023757090907,-1.3772877500318412
1357,6,3.0406445066120016,-1.5839685458799475
1357,7,2.9790356161318936,-1.606356466579896
1357,8,3.119210372835568,-1.4888496387806136
1357,9,3.0145520343771364,-1.5983308805363297
1357,10,3.0700022977751558,-1.4470520125252657
1357,11,3.136091539250089,-1.5712947368755608
1357,12,3.1566840516349743,-1.5632906720876423
1357,13,2.9516261851188044,-1.5455431181520547
1357,14,3.1829710528254083,-1.5129771789262694
1357,15,3.0690098232767307,-1.4533187944921075
1357,16,3.1415188352836743,-1.5730940200188754
1357,17,3.1130111926787167,-1.5788561909807504
1357,18,2.9690567962796175,-1.5317615671624671
1357,19,2.958020081070297,-1.474623250947436
1358,0,3.0501475468224095,-1.5480778668449093
1358,1,3.0657819879214627,-1.6930232564957262
1358,2,3.1635257787438125,-1.5362859323236189
1358,3,3.1102039088610196,-1.5154160126660607
1358,4,3.034053012703101,-1.5591813135744395
1358,5,2.9736506795077076,-1.378291001392005
1358,6,3.0420085950237663,-1.5847690544796245
1358,7,2.980458986259688,-1.6071295907682421
1358,8,3.120504521789056,-1.489751644911651
1358,9,3.01593946187614,-1.5991172999449559
1358,10,3.0700022977751558,-1.4470520125252657
1358,11,3.1373615442290808,-1.5721163196356898
1358,12,3.1579345000912045,-1.5641216193410807
1358,13,2.953081928007195,-1.5463748121797813
1358,14,3.1841979326099454,-1.513862986721037
1358,15,3.0703555469586132,-1.4542540300473432
1358,16,3.1427821925408925,-1.573915951047152
1358,17,3.114303567981613,-1.5796681846694598
1358,18,2.9690567962796175,-1.5317615671624671
1358,19,2.9595037555123285,-1.475479076002869
1359,0,3.0515275683329772,-1.5488776910004995
1359,1,3.067111261130645,-1.6937178724917779
1359,2,3.164770402189149,-1.5371463504733642
1359,3,3.111533239450298,-1.5162467883978203
1359,4,3.035425200303248,-1.5600069766925542
1359,5,2.975097540247964,-1.3792932531343647
1359,6,3.043371324513659,-1.5855687656026605
1359,7,2.981880938384689,-1.6079019447477456
1359,8,3.1217973815030264,-1.490652752458375
1359,9,3.0173255069885987,-1.599902935791479
1359,10,3.0700022977751558,-1.4470520125252657
1359,11,3.138630283999981,-1.5729370839162276
1359,12,3.159183702856519,-1.5649517388087435
1359,13,2.954536220610688,-1.5472056776317356
1359,14,3.1854235899716596,-1.5147479119259382
1359,15,3.071699929832295,-1.455188333783128
1359,16,3.1440442910687345,-1.5747370631552662
1359,17,3.1155946557951952,-1.580479369434326
1359,18,2.9690567962796175,-1.5317615671624671
1359,19,2.9609831051430966,-1.4763389758515773
1360,0,3.052903829219856,-1.5496808294546014
1360,1,3.068439210052284,-1.6944117964771095
1360,2,3.166013785576053,-1.5380059113607898
1360,3,3.1128586769968947,-1.5170808429152076
1360,4,3.0367960208234708,-1.5608318172209061
1360,5,2.9765429593781687,-1.3802945062621752
1360,6,3.0447326964457737,-1.586367680049567
1360,7,2.9833014739302715,-1.6086735292915333
1360,8,3.1230889532716337,-1.4915529623227952
1360,9,3.018710171101945,-1.600687788862321
1360,10,3.0700022977751558,-1.4470520125252657
1360,11,3.139897759832799,-1.5737570305387598
1360,12,3.1604298806763027,-1.5657837044894614
1360,13,2.9559890643850313,-1.5480357153396147
1360,14,3.1866480261374353,-1.515631955426784
1360,15,3.0730429732435045,-1.456121706634701
1360,16,3.1453051321305625,-1.5755573571651518
1360,17,3.116884457411844,-1.5812897460873456
1360,18,2.9690567962796175,-1.5317615671624671
1360,19,2.962458200652966,-1.4772027943438122
1361,0,3.054276385650795,-1.5504871606515762
1361,1,3.069765836015659,-1.6951050291463396
1361,2,3.1672559301491527,-1.538864615846317
1361,3,3.114180281161504,-1.5179180558520482
1361,4,3.038165475635963,-1.5616558359851613
1361,5,2.9779869383451882,-1.3812947617776918
1361,6,3.0460927121828445,-1.5871657986200582
1361,7,2.984720594318393,-1.6094443451719622
1361,8,3.1243792383877422,-1.4924522754060223
1361,9,3.020093455602229,-1.6014718599431208
1361,10,3.0700022977751558,-1.4470520125252657
1361,11,3.1411639729962793,-1.574576160324054
1361,12,3.161674816848013,-1.5666148412286203
1361,13,2.957440460784523,-1.548864926134287
1361,14,3.187871242332934,-1.5165151181085033
1361,15,3.07438467853663,-1.4570541495363694
1361,16,3.146564716988479,-1.5763768338979238
1361,17,3.1181729741226523,-1.5820993154397065
1361,18,2.9690567962796175,-1.5317615671624671
1361,19,2.963929111586957,-1.4780703804900395
1362,0,3.055645292907962,-1.5512965667879328
1362,1,3.0710911403487238,-1.695797571193395
1362,2,3.168496837151836,-1.5397224647895098
1362,3,3.115498110661909,-1.5187583105405802
1362,4,3.0395335661115497,-1.5624790338101635
1362,5,2.9794294785944464,-1.3822940206821712
1362,6,3.047449573206466,-1.5879661812569863
1362,7,2.9861383009695945,-1.6102143931606197
1362,8,3.1256662143873526,-1.4933535892329395
1362,9,3.0214753618741197,-1.6022551498187343
1362,10,3.0700022977751558,-1.4470520125252657
1362,11,3.142428924757903,-1.5753944740920598
1362,12,3.162918512617832,-1.5674451498581887
1362,13,2.9588904112620122,-1.5496933108457935
1362,14,3.189093239782597,-1.5173974008551423
1362,15,3.0757250470547186,-1.4579856634215094
1362,16,3.14782304690333,-1.5771954941738795
1362,17,3.1194602072174256,-1.5829080783017884
1362,18,2.9690567962796175,-1.5317615671624671
1362,19,2.965395906325697,-1.478941588280297
1363,0,3.0570106053779877,-1.5521089336895657
1363,1,3.0724151243781086,-1.6964894233115109
1363,2,3.169736507826252,-1.5405794590490758
1363,3,3.1168122232638154,-1.5196014938906592
1363,4,3.040900293619691,-1.5633014115199346
1363,5,2.9808705815699277,-1.3832922839758728
1363,6,3.048805082285866,-1.588765766411591
1363,7,2.9875545953030023,-1.6109836740283245
1363,8,3.1269519080825905,-1.4942540050177322
1363,9,3.022855891300907,-1.6030376592732354
1363,10,3.0700022977751558,-1.4470520125252657
1363,11,3.1436926163838876,-1.57621197266191
1363,12,3.1641609692307004,-1.5682746312093068
1363,13,2.960338917268901,-1.550520870303348
1363,14,3.1903140197096445,-1.518278804549867
1363,15,3.0770640801394817,-1.4589162492225674
1363,16,3.149080123134705,-1.5780133388124984
1363,17,3.120744399852078,-1.5837188270050615
1363,18,2.9690567962796175,-1.5317615671624671
1363,19,2.966858652070237,-1.4798162765101517
1364,0,3.058372376544298,-1.552924150693202
1364,1,3.073737789429123,-1.6971805861932319
1364,2,3.1709749434133125,-1.541435599482867
1364,3,3.118122675773947,-1.5204474962730987
1364,4,3.0422656595284825,-1.5641229699376753
1364,5,2.9823102487141773,-1.3842895526580588
1364,6,3.0501592407779095,-1.5895645548842583
1364,7,2.988969478736328,-1.6117521885451278
1364,8,3.1282363207604367,-1.4951535236617173
1364,9,3.0242350452645024,-1.6038193890899168
1364,10,3.0700022977751558,-1.4470520125252657
1364,11,3.144953288919138,-1.577031371396801
1364,12,3.1654021879303187,-1.5691032861122858
1364,13,2.961785980255145,-1.5513476053353383
1364,14,3.1915335833360783,-1.5191593300749633
1364,15,3.0784017791312923,-1.4598459078710606
1364,16,3.1503359469409387,-1.5788303686324439
1364,17,3.122027312957221,-1.5845287679036002
1364,18,2.9690567962796175,-1.5317615671624671
1364,19,2.9683174148303992,-1.4806943086130233
1365,0,3.0597306589815436,-1.553742110531914
1365,1,3.0750591368257556,-1.6978710605304126
1365,2,3.172212145152692,-1.542290886947881
1365,3,3.119429524035224,-1.5212962114070092
1365,4,3.0436296652046564,-1.5649437098857666
1365,5,2.9837484814683037,-1.3852858277269964
1365,6,3.051512050038111,-1.590362547474576
1365,7,2.990381181305481,-1.612523189770653
1365,8,3.12951945370659,-1.4960521460653138
1365,9,3.0256128251454397,-1.604600340051291
1365,10,3.0700022977751558,-1.4470520125252657
1365,11,3.1462127053667275,-1.5778499537129858
1365,12,3.1666421699591476,-1.5699311153966102
1365,13,2.9632316016692557,-1.5521735167693271
1365,14,3.192751931882683,-1.5200389783118384
1365,15,3.0797381453691886,-1.4607746402975783
1365,16,3.1515905195791114,-1.5796465844515637
1365,17,3.1233089478170526,-1.5853379018081561
1365,18,2.970548667185656,-1.5325125486977211
1365,19,2.9697722594163625,-1.4815755524986425
1366,0,3.0610855043519622,-1.5545627092245566
1366,1,3.076379167890677,-1.6985608470142186
1366,2,3.1734481142828317,-1.5431453223002616
1366,3,3.120732822923848,-1.5221475362509993
1366,4,3.044992312013584,-1.5657636321857697
1366,5,2.9851852812719795,-1.3862811101799577
1366,6,3.052863511420634,-1.5911597449813353
1366,7,2.991791477289967,-1.6132934227900941
1366,8,3.130801308205467,-1.4969498731280437
1366,9,3.026989232322878,-1.6053805129390903
1366,10,3.0714230001829756,-1.4478753583471131
1366,11,3.1474708669873332,-1.578667720429866
1366,12,3.1678809165584108,-1.5707581198909382
1366,13,2.964675782958302,-1.5529986054320524
1366,14,3.1939690665690263,-1.520917750141021
1366,15,3.081073180190874,-1.4617024474317826
1366,16,3.152843842305052,-1.5804619870868906
1366,17,3.1245893057144905,-1.5861462295286732
1366,18,2.9720359322482413,-1.5332689761749667
1366,19,2.971223249433198,-1.4824598803974258
1367,0,3.0624369634035062,-1.5553858459690006
1367,1,3.0776978839452394,-1.699249946335127
1367,2,3.174682852040937,-1.543998906395299
1367,3,3.1220326263481435,-1.523001370898108
1367,4,3.0463536013192765,-1.566582737658428
1367,5,2.9866206495634424,-1.3872754010132216
1367,6,3.0542136262782926,-1.591956148202532
1367,7,2.993200368101494,-1.6140628883744557
1367,8,3.1320818855402055,-1.4978467057485327
1367,9,3.028364268174603,-1.606159908534269
1367,10,3.072838509385151,-1.4487044035959376
1367,11,3.1487277750403764,-1.579484672366027
1367,12,3.1691184289680945,-1.5715843004231018
1367,13,2.9661165628239736,-1.5538262981513804
1367,14,3.1951849886134616,-1.5217956464421623
1367,15,3.0824068849327206,-1.4626293302024092
1367,16,3.154095916373338,-1.5812765773546433
1367,17,3.1258683879311735,-1.586953751874288
1367,18,2.9735186590183487,-1.5340306562961052
1367,19,2.9726704472780967,-1.483347168710547
1368,0,3.0637850859695916,-1.5562114230390265
1368,1,3.079013819674839,-1.699941158599112
1368,2,3.175916359662982,-1.544851640087432
1368,3,3.1233289872490015,-1.5238576184743386
1368,4,3.047713534484385,-1.5674010271236667
1368,5,2.9880545877794975,-1.388268701222074
1368,6,3.055562395962553,-1.5927517579353663
1368,7,2.9946078551503623,-1.6148315872939731
1368,8,3.133361186992665,-1.4987426448245111
1368,9,3.029737934077026,-1.6069385276170025
1368,10,3.0742489062665874,-1.4495389442368518
1368,11,3.149983430784023,-1.5803008103392384
1368,12,3.17035470842695,-1.5724096578201086
1368,13,2.9675559071146926,-1.554653166168084
1368,14,3.196399699233128,-1.5226726680940375
1368,15,3.083739260929767,-1.4635552895372685
1368,16,3.1553467430372963,-1.5820903560702275
1368,17,3.1271461957474647,-1.5877604696533314
1368,18,2.9749969145433424,-1.5347974020194277
1368,19,2.9741139141400526,-1.4842372978654996
1369,0,3.065129920970328,-1.5570393456847547
1369,1,3.0803284442524372,-1.7006316821635485
1369,2,3.177148638383709,-1.5457035242302475
1369,3,3.1246219576017933,-1.5247161850406723
1369,4,3.0490721128702045,-1.5682185014005943
1369,5,2.9894870973555183,-1.3892610118008097
1369,6,3.056909821823535,-1.5935465749762445
1369,7,2.996013939845468,-1.615599520318115
1369,8,3.1346392138434274,-1.4996376912528149
1369,9,3.031110231405188,-1.6077163709666895
1369,10,3.075654271078917,-1.4503787829019255
1369,11,3.1512378354751855,-1.5811161351664553
1369,12,3.1715897561724944,-1.5732341929081421
1369,13,2.968993817271244,-1.555479210309859
1369,14,3.1976131996439516,-1.523548815974546
1369,15,3.0850703095157237,-1.464480326363247
1369,16,3.1565963235490058,-1.5829033240482366
1369,17,3.128422730442451,-1.5885663836733286
1369,18,2.976470765300224,-1.5355690323474898
1369,19,2.975553710001766,-1.4851301521769462
1370,0,3.0664715164151,-1.5578695220364889
1370,1,3.0816417589939755,-1.7013215177196512
1370,2,3.17837968943663,-1.5465545596764827
1370,3,3.125911588419623,-1.5255769794984386
1370,4,3.050429337836673,-1.5690351613075033
1370,5,2.9909181797254485,-1.3902523337427324
1370,6,3.0582559052100136,-1.5943406001207792
1370,7,2.997418623594304,-1.616366688215583
1370,8,3.135915967371799,-1.5005318459293862
1370,9,3.0324811615327603,-1.6084934393619517
1370,10,3.077054683364831,-1.4512237286614316
1370,11,3.1524909903695244,-1.5819306476638184
1370,12,3.1728235734410117,-1.5740579065125628
1370,13,2.970430294732977,-1.556304431403576
1370,14,3.198825491060648,-1.524424090960713
1370,15,3.0864000320229716,-1.4654044416063077
1370,16,3.1578446591592977,-1.5837154821024524
1370,17,3.1296979932939446,-1.5893714947410003
1370,18,2.9779402771357497,-1.5363453721222045
1370,19,2.9769898936435735,-1.486025619712659
1371,0,3.0678117752839933,-1.5586988713179684
1371,1,3.0829537652140826,-1.7020106659579461
1371,2,3.179609514054029,-1.5474047472780248
1371,3,3.1271979297578034,-1.5264399134979274
1371,4,3.0517852107423744,-1.5698510076618712
1371,5,2.9923478363218026,-1.3912426680401562
1371,6,3.059600647469419,-1.5951338341637902
1371,7,2.998821907802959,-1.6171330917543127
1371,8,3.137191448855811,-1.5014251097492748
1371,9,3.0338507258320453,-1.6092697335806354
1371,10,3.0784502218902348,-1.4520735968029186
1371,11,3.1537428967214494,-1.5827443486466557
1371,12,3.1740561614675538,-1.574880799457909
1371,13,2.971865340937807,-1.5571288302752826
1371,14,3.200036574696722,-1.5252984939286893
1371,15,3.087728429782564,-1.4663276361914903
1371,16,3.1590917511177574,-1.5845268310458458
1371,17,3.1296979932939446,-1.5893714947410003
1371,18,2.979405515212907,-1.537126251826942
1371,19,2.978424646355863,-1.486920195056808
1372,0,3.069150698918609,-1.5595273943593724
1372,1,3.0842644642260786,-1.7026991275682715
1372,2,3.1808381134669608,-1.5482540878859123
1372,3,3.12848103071944,-1.5273049013501283
1372,4,3.0531378861976886,-1.5706691025879131
1372,5,2.9937760685756687,-1.3922320156844068
1372,6,3.0609440499478398,-1.5959262778993057
1372,7,3.0002237938761223,-1.6178987317014752
1372,8,3.1384656595722213,-1.5023174836066386
1372,9,3.0352189256739783,-1.610045254399812
1372,10,3.0798409645836626,-1.4529282086178854
1372,11,3.1549935557841193,-1.5835572389294825
1372,12,3.175287521485943,-1.5757028725678972
1372,13,2.973298957322217,-1.5579524077502025
1372,14,3.2012464517644696,-1.5261720257537534
1372,15,3.0890555041242282,-1.4672499110429138
1372,16,3.160337600672725,-1.5853373716905779
1372,17,3.1296979932939446,-1.5893714947410003
1372,18,2.9808665439632818,-1.5379115073954268
1372,19,2.9798579695748235,-1.4878138791048643
1373,0,3.0704882886592104,-1.5603550919900533
1373,1,3.085573857341974,-1.703386903239778
1373,2,3.182065488905255,-1.5491025823503362
1373,3,3.1297609394620243,-1.5281718599414895
1373,4,3.054489213881203,-1.5714863823847485
1373,5,2.9952028779167086,-1.3932203776658223
1373,6,3.062286113990023,-1.5967179321205627
1373,7,3.0016242832170836,-1.6186636088234767
1373,8,3.139738600796517,-1.503208968394745
1373,9,3.0365857624281283,-1.6108200025957786
1373,10,3.081226988482404,-1.4537873911958392
1373,11,3.1562429688094453,-1.5843693193260031
1373,12,3.1765176547287712,-1.5765241266654233
1373,13,2.974731145321258,-1.5587751646527377
1373,14,3.2024551234749787,-1.5270446873103114
1373,15,3.090381256376367,-1.4681712670837763
1373,16,3.1615822090712973,-1.5861471048480005
1373,17,3.1296979932939446,-1.5893714947410003
1373,18,2.982323427044877,-1.5387009800272267
1373,19,2.981289864735213,-1.4887066727514062
1374,0,3.0718245458447266,-1.5611819650385375
1374,1,3.0868819458724728,-1.7040739936609295
1374,2,3.1832916415975157,-1.5499502315206402
1374,3,3.1310395729399656,-1.5290379547199855
1374,4,3.055839195145599,-1.5723028478704753
1374,5,2.9966282657731593,-1.394207754973754
1374,6,3.0636268409393765,-1.5975087976200077
1374,7,3.0030233772277337,-1.6194277238859598
1374,8,3.1410102738029124,-1.5040995650059708
1374,9,3.0379512374627007,-1.6115939789440588
1374,10,3.0826083696848485,-1.4546509772255132
1374,11,3.1574911370480914,-1.5851805906491105
1374,12,3.1777465624274037,-1.5773445625725635
1374,13,2.9761619063685516,-1.5595971018064687
1374,14,3.203662591038131,-1.5279164794718982
1374,15,3.0917056878660603,-1.469091705236356
1374,16,3.162825577559328,-1.5869560313286575
1374,17,3.1296979932939446,-1.5893714947410003
1374,18,2.983776227304971,-1.539494516009626
1374,19,2.9827203332703602,-1.4895985768901214
1375,0,3.0731594718127524,-1.5620080143325255
1375,1,3.088188731126973,-1.7047603995195046
1375,2,3.184516572771123,-1.5507970362453218
1375,3,3.1323169324331777,-1.5299031865525778
1375,4,3.0571878313422083,-1.5731184998623762
1375,5,2.998052233571836,-1.3951941485965673
1375,6,3.064966232137969,-1.598298875189298
1375,7,3.0044210773085673,-1.6201910776538044
1375,8,3.1422806798643546,-1.5049892743318043
1375,9,3.039315352144537,-1.6123671842194036
1375,10,3.0839851833085845,-1.4555188048030259
1375,11,3.158738061749475,-1.585991053710888
1375,12,3.178974245811978,-1.5781641811105749
1375,13,2.9775912418962913,-1.5604182200341554
1375,14,3.2048688556626024,-1.528787403111179
1375,15,3.0930287999190647,-1.4700112264220122
1375,16,3.164067707381431,-1.5877641519422852
1375,17,3.1296979932939446,-1.5893714947410003
1375,18,2.9852250067476347,-1.5402919665456845
1375,19,2.9841493766121654,-1.4904895924138066
1376,0,3.07449306789955,-1.5628332406988934
1376,1,3.0894942144135675,-1.705446121502596
1376,2,3.1857402836522337,-1.5516429973720336
1376,3,3.1335930192202985,-1.5307675563053647
1376,4,3.058535123821017,-1.5739333391769197
1376,5,2.999474782738132,-1.3961795595216433
1376,6,3.066304288926532,-1.5990881656193017
1376,7,3.0058173848586835,-1.6209536708911285
1376,8,3.1435498202525203,-1.5058780972628454
1376,9,3.0406781078391174,-1.6131396191957925
1376,10,3.085357503453808,-1.4563907172467652
1376,11,3.1599837441617686,-1.5868007093226102
1376,12,3.180200706111407,-1.5789829830998965
1376,13,2.9790191533352433,-1.561238520157738
1376,14,3.206073918555865,-1.529657459099949
1376,15,3.0943505938598164,-1.4709298315611867
1376,16,3.1653085997809787,-1.5885714674978129
1376,17,3.1296979932939446,-1.5893714947410003
1376,18,2.9866698265055485,-1.5410931875882785
1376,19,2.985576996191102,-1.4913797202143693
1377,0,3.07582533544005,-1.5636576449636936
1377,1,3.0907983970390465,-1.706131160296612
1377,2,3.1869627754657843,-1.5524881157475834
1377,3,3.1348678345786922,-1.5316310648435807
1377,4,3.0598810739306668,-1.5747473666297607
1377,5,3.0008959146960197,-1.3971639887353795
1377,6,3.0676410126444624,-1.5998766697000997
1377,7,3.0072123012757874,-1.6217155043612888
1377,8,3.144817696237821,-1.5067660346888065
1377,9,3.042039505910562,-1.6139112846464334
1377,10,3.0867254031716476,-1.4572665629187829
1377,11,3.1612281855319018,-1.587609558294743
1377,12,3.1814259445533777,-1.57980096936015
1377,13,2.980445642114748,-1.5620580029983375
1377,14,3.2072777809241884,-1.5305266483091349
1377,15,3.095671071011433,-1.4718475215734041
1377,16,3.166548256000106,-1.5893779788033642
1377,17,3.1296979932939446,-1.5893714947410003
1377,18,2.9881107468157904,-1.5418980396799342
1377,19,2.987003193436219,-1.4922689611828281
1378,0,3.077156275767854,-1.5644812279521558
1378,1,3.0921012803088983,-1.7068155165872774
1378,2,3.1881840494354896,-1.5533323922179356
1378,3,3.1361413797844504,-1.532493713031599
1378,4,3.0612256830184545,-1.5755605830357415
1378,5,3.002315630868054,-1.3981474372231903
1378,6,3.068976404629822,-1.600664388220985
1378,7,3.008605827956192,-1.6224765788268811
1378,8,3.1460843090894013,-1.5076530874985141
1378,9,3.043399547721631,-1.6146821813437644
1378,10,3.088088954437014,-1.4581461950524868
1378,11,3.162471387105562,-1.5884176014369449
1378,12,3.1826499623643554,-1.5806181407101405
1378,13,2.9818707096627226,-1.5628766693762572
1378,14,3.2084804439726398,-1.5313949716087962
1378,15,3.0969902326957133,-1.4727642973772732
1378,16,3.16778667727971,-1.590183686666258
1378,17,3.1296979932939446,-1.5893714947410003
1378,18,2.989547826999282,-1.5427063877982572
1378,19,2.9884279697751412,-1.4931573162093141
1379,0,3.078485890215234,-1.5653039904886872
1379,1,3.0934028655273105,-1.7074991910596333
1379,2,3.1894023149952835,-1.554178413642255
1379,3,3.137413656112393,-1.533355501732931
1379,4,3.0625689524303357,-1.5763729892088927
1379,5,3.0037339326753725,-1.3991299059695086
1379,6,3.0703104662193383,-1.601451321970465
1379,7,3.009997966294818,-1.6232368950497418
1379,8,3.1473496600751423,-1.508539256579909
1379,9,3.0447582346337283,-1.6154523100594536
1379,10,3.089448228125631,-1.4590294715864263
1379,11,3.1637133501271943,-1.5892248395580681
1379,12,3.183872760769583,-1.5814344979678572
1379,13,2.983294357405661,-1.563694520110983
1379,14,3.209681908905086,-1.5322624298681253
1379,15,3.0983080802331395,-1.4736801598904872
1379,16,3.1690221624913257,-1.5909912025010229
1379,17,3.1296979932939446,-1.5893714947410003
1379,18,2.9909811254436054,-1.5435181012067731
1379,19,2.989851326634071,-1.4940447861830717
1380,0,3.079812340767432,-1.5661288984409825
1380,1,3.0947031539971706,-1.7081821843980385
1380,2,3.1906193667170037,-1.5550235921198063
1380,3,3.1386846648360693,-1.5342164318102283
1380,4,3.063910883510924,-1.5771845859624334
1380,5,3.0051508215376965,-1.4001113959577867
1380,6,3.0716431987484096,-1.6022374717362609
1380,7,3.0113887176851986,-1.6239964537909481
1380,8,3.1486137504616614,-1.509424542820047
1380,9,3.0461155680069,-1.6162216715644007
1380,10,3.0908032939949157,-1.4599162550039668
1380,11,3.1649540758400057,-1.5900312734661588
1380,12,3.185094340993083,-1.5822500419504744
1380,13,2.9847165867686356,-1.5645115560211842
1380,14,3.2108821769241946,-1.5331290239554487
1380,15,3.0996225138311844,-1.4745981259659784
1380,16,3.1702564167121903,-1.5917979137575424
1380,17,3.1296979932939446,-1.5893714947410003
1380,18,2.992410699588922,-1.544333053310998
1380,19,2.9912732654377905,-1.4949313719924593
1381,0,3.0811374696766314,-1.5669529844751007
1381,1,3.096002147020069,-1.70886449728617
1381,2,3.1918352058189203,-1.5558679284966144
1381,3,3.139954407227761,-1.5350765041252827
1381,4,3.0652514776034936,-1.5779953741087729
1381,5,3.006566298873333,-1.401091908170497
1381,6,3.072974603551102,-1.6030228383053093
1381,7,3.012778083519476,-1.6247552558108194
1381,8,3.1498765815143144,-1.5103089471051006
1381,9,3.0474715491998388,-1.6169902666287375
1381,10,3.0921542206684007,-1.4608064121786533
1381,11,3.1661935654859636,-1.5908369039684578
1381,12,3.1863147042576583,-1.5830647734743526
1381,13,2.9861373991752997,-1.5653277779247146
1381,14,3.2120812492314355,-1.533994754738228
1381,15,3.10093563775276,-1.4755151773976487
1381,16,3.171489441177793,-1.592603821243335
1381,17,3.1296979932939446,-1.5893714947410003
1381,18,2.9938366059167407,-1.5451511215195566
1381,19,2.992693787609661,-1.49581707452495
1382,0,3.082461278269287,-1.5677762494159528
1382,1,3.097299845896299,-1.7095461304070236
1382,2,3.193049833518089,-1.5567114236178605
1382,3,3.1412228845584815,-1.5359357195390275
1382,4,3.0665907360499807,-1.5788053544595109
1382,5,3.007980366099176,-1.4020714435891328
1382,6,3.0743046819601525,-1.603807422463763
1382,7,3.014166065188408,-1.6255133018689167
1382,8,3.1511381544971964,-1.5111924703203594
1382,9,3.048826179569883,-1.6177580960218283
1382,10,3.093501075623411,-1.4616998142250706
1382,11,3.1674318203057985,-1.5916417318714022
1382,12,3.187533851784894,-1.5838786933550386
1382,13,2.9875567960478877,-1.566143186638613
1382,14,3.2132791270270804,-1.5348596230830607
1382,15,3.1022474533123057,-1.4764313151034676
1382,16,3.1727212371223934,-1.5934089257651152
1382,17,3.1296979932939446,-1.5893714947410003
1382,18,2.9952588999413083,-1.5459721871101781
1382,19,2.9941128945716273,-1.4967018946671329
1383,0,3.0837837678705333,-1.5685986940876278
1383,1,3.098596251924858,-1.710227084442915
1383,2,3.1942632510303537,-1.5575540783278843
1383,3,3.1424900980979773,-1.536794078911538
1383,4,3.0679286601909843,-1.5796145278254385
1383,5,3.009393024630709,-1.4030500031942106
1383,6,3.0756334353069716,-1.6045912249969918
1383,7,3.0155526640813646,-1.6262705927240453
1383,8,3.152398470673143,-1.512075113350231
1383,9,3.0501777502504526,-1.61852816993433
1383,10,3.0948439251817357,-1.4625963363550105
1383,11,3.1686688415390045,-1.5924457579806257
1383,12,3.1887517847951576,-1.5846918024072674
1383,13,2.9889747788072176,-1.5669577829791046
1383,14,3.2144739847269097,-1.5357261544053147
1383,15,3.103557961822949,-1.47734654000049
1383,16,3.17395180577902,-1.594213228128793
1383,17,3.1296979932939446,-1.5893714947410003
1383,18,2.9966776362033967,-1.546796135100399
1383,19,2.9955305877442164,-1.4975858333047138
1384,0,3.0851049398041828,-1.5694203193133935
1384,1,3.09989136640345,-1.7109073600754798
1384,2,3.1954754595703463,-1.558395893470184
1384,3,3.1437560491147307,-1.5376515831020328
1384,4,3.069265251365768,-1.580422895016539
1384,5,3.0108042758820033,-1.4040275879652693
1384,6,3.0769608649216424,-1.6053742466895824
1384,7,3.0169378815863332,-1.627027129134254
1384,8,3.153657531303732,-1.512956877078242
1384,9,3.0515279742630415,-1.6192974765662922
1384,10,3.096182834503042,-1.4634958577387607
1384,11,3.169904630423841,-1.593248983100959
1384,12,3.1899685045076014,-1.5855041014449616
1384,13,2.9903913488726914,-1.5677715677616009
1384,14,3.2156676519142073,-1.5365918223474369
1384,15,3.104867164596511,-1.4782608530048567
1384,16,3.1751811483794734,-1.5950167291394763
1384,17,3.1296979932939446,-1.5893714947410003
1384,18,2.998092868266292,-1.5476228541228079
1384,19,2.996946868546541,-1.4984688913225164
1385,0,3.0864247953927304,-1.5702411259156979
1385,1,3.1011851906284864,-1.7115869579856744
1385,2,3.196686460351489,-1.5592368698874173
1385,3,3.14502073887596,-1.5385082329688744
1385,4,3.0706005109122607,-1.581230456841989
1385,5,3.012211720055019,-1.4050076562212173
1385,6,3.0782869721329233,-1.6061564883253405
1385,7,3.0183217190899176,-1.6277829118568363
1385,8,3.1549153376492844,-1.5138377623870387
1385,9,3.052876852959226,-1.620066016687792
1385,10,3.097517867580803,-1.464398261371335
1385,11,3.171139188197334,-1.5940514080364314
1385,12,3.191182312567367,-1.5863181312682701
1385,13,2.991806507662297,-1.5685845418007012
1385,14,3.2168601297838353,-1.5374566277759618
1385,15,3.106175062943505,-1.4791742550317961
1385,16,3.1764092661543266,-1.5958194296014703
1385,17,3.1296979932939446,-1.5893714947410003
1385,18,2.9995046487137955,-1.5484522363046753
1385,19,2.998361738396299,-1.4993510696044823
1386,0,3.0864247953927304,-1.5702411259156979
1386,1,3.102477725895086,-1.712265878853777
1386,2,3.1978962545859946,-1.5600770084214024
1386,3,3.146284168647621,-1.5393640293695703
1386,4,3.0719344401670585,-1.5820372141101584
1386,5,3.0136177618660795,-1.4059867479478922
1386,6,3.079611758268249,-1.6069379506872907
1386,7,3.019704177977341,-1.6285379416483317
1386,8,3.1561718909688654,-1.5147177701583883
1386,9,3.054224387689234,-1.6208337910681387
1386,10,3.0988490872405245,-1.4653034339434747
1386,11,3.172372516095277,-1.5948530335902709
1386,12,3.192394911237915,-1.5871313500252133
1386,13,2.99322025659261,-1.5693967059101934
1386,14,3.218051419529465,-1.5383205715565604
1386,15,3.107481658173138,-1.4800867469956245
1386,16,3.1776361603329266,-1.5966213303182786
1386,17,3.1296979932939446,-1.5893714947410003
1386,18,3.000913029150061,-1.5492841771518104
1386,19,2.9997751987097767,-1.500232369033673
1387,0,3.0864247953927304,-1.5702411259156979
1387,1,3.103768973497078,-1.712944123359388
1387,2,3.1991048434848683,-1.5609163099131187
1387,3,3.1475463396944074,-1.5402189731607736
1387,4,3.0732670404654256,-1.582843167628612
1387,5,3.015022402722635,-1.4069648641253658
1387,6,3.0809352246537314,-1.6077186345576775
1387,7,3.021085259632445,-1.6292922192645254
1387,8,3.1574271925202866,-1.5155969012731791
1387,9,3.05557057980195,-1.6216008004758753
1387,10,3.1001765551400733,-1.4662112657172441
1387,11,3.1736046153522324,-1.5956538605649053
1387,12,3.193606301733057,-1.5879437585298237
1387,13,2.9946325970787937,-1.5702080609030546
1387,14,3.2192415223435784,-1.5391836545540414
1387,15,3.1087869515933138,-1.480998329809747
1387,16,3.178861832143396,-1.597422432092605
1387,17,3.1296979932939446,-1.5893714947410003
1387,18,3.0023180602011084,-1.5501185754364983
1387,19,3.0011872509018493,-1.50111279049227
1388,0,3.0864247953927304,-1.5702411259156979
1388,1,3.1050589347270026,-1.7136216921814311
1388,2,3.200312228257909,-1.561754775202708
1388,3,3.1488072532797546,-1.5410730651982836
1388,4,3.074598313141297,-1.5836483182041103
1388,5,3.0164256440307318,-1.4079420057327334
1388,6,3.082255657445046,-1.6085014411057772
1388,7,3.022464965437695,-1.6300457454604504
1388,8,3.1586793160749242,-1.5164779024386408
1388,9,3.056915430644913,-1.6223670456787789
1388,10,3.101500331771918,-1.4671216504060647
1388,11,3.1748354872015327,-1.5964538897619636
1388,12,3.1948164852653966,-1.588755357595323
1388,13,2.996043530534603,-1.571018607591452
1388,14,3.22043043941747,-1.5400458776323516
1388,15,3.1100909445106315,-1.4819090043866592
1388,16,3.180086282812633,-1.5982227357263528
1388,17,3.1296979932939446,-1.5893714947410003
1388,18,3.0037216913029354,-1.5509521423408212
1388,19,3.0025978963859825,-1.5019923348615762
1389,0,3.0864247953927304,-1.5702411259156979
1389,1,3.106347610876112,-1.7142985859981532
1389,2,3.2015184101137097,-1.5625924051294746
1389,3,3.1500669106658377,-1.5419263063370474
1389,4,3.0759282595272768,-1.5844526666426095
1389,5,3.017827487195016,-1.4089181737481147
1389,6,3.0835747745934468,-1.609283467686964
1389,7,3.0238432967741766,-1.630798520990387
1389,8,3.159930192056563,-1.5173580258047332
1389,9,3.05825894156432,-1.6231325274438617
1389,10,3.102820476467116,-1.4680344850590206
1389,11,3.1760634526463587,-1.5972557011433175
1389,12,3.1960254630463285,-1.5895661480341228
1389,13,2.997453058372384,-1.5718283467867435
1389,14,3.221618171941247,-1.5409072416545773
1389,15,3.11139363823039,-1.482818771637947
1389,16,3.1813095135663145,-1.599022242020627
1389,17,3.1296979932939446,-1.5893714947410003
1389,18,3.0051239238605785,-1.5517848786991806
1389,19,3.004007136574234,-1.5028710030220163
1390,0,3.0864247953927304,-1.5702411259156979
1390,1,3.107635003234372,-1.7149748054871257
1390,2,3.20272339025966,-1.5634292005318873
1390,3,3.151325313113575,-1.5427786974311604
1390,4,3.0772568809546437,-1.5852562137492634
1390,5,3.0192279336187338,-1.4098933691486546
1390,6,3.084892577419372,-1.6100647150840477
1390,7,3.0252202550216016,-1.6315505466078644
1390,8,3.16117982171733,-1.5182372722524609
1390,9,3.0596011139050274,-1.6238972465373716
1390,10,3.104137047400881,-1.468949669949286
1390,11,3.1772901945977434,-1.5980567136333261
1390,12,3.1972332362860407,-1.590376130657825
1390,13,2.9988611820030746,-1.572637279299479
1390,14,3.2228047211038304,-1.5417677474829445
1390,15,3.1126950340565864,-1.4837276324742885
1390,16,3.1825315256288955,-1.5998209517757342
1390,17,3.1296979932939446,-1.5893714947410003
1390,18,3.0051239238605785,-1.5517848786991806
1390,19,3.0054149728772543,-1.503748795853138
1391,0,3.0864247953927304,-1.5702411259156979
1391,1,3.108921113090464,-1.7156503513252448
1391,2,3.203927169901946,-1.564265162247579
1391,3,3.152582461882629,-1.5436302393338666
1391,4,3.0785841787533483,-1.5860589603284234
1391,5,3.0206269847037333,-1.410867592910525
1391,6,3.0862090672419424,-1.6108451840790574
1391,7,3.0265941538306538,-1.6323049050760265
1391,8,3.1624282063081064,-1.5191156426619503
1391,9,3.0609419490105503,-1.6246612037247932
1391,10,3.1054501015995877,-1.4698671084665238
1391,11,3.1785157142836566,-1.5988569280338039
1391,12,3.1984398061935155,-1.591185306277223
1391,13,3.0002679028362085,-1.5734454059394005
1391,14,3.2239900880929575,-1.5426273959788206
1391,15,3.11399513329192,-1.4846355878054542
1391,16,3.1837523202236113,-1.6006188657911835
1391,17,3.1296979932939446,-1.5893714947410003
1391,18,3.0051239238605785,-1.5517848786991806
1391,19,3.006821406704289,-1.5046257142336126
1392,0,3.0864247953927304,-1.5702411259156979
1392,1,3.1102059417317856,-1.7163252241887326
1392,2,3.2051297502455522,-1.5651002911133478
1392,3,3.1538383582314062,-1.5444809328975604
1392,4,3.0799101542520178,-1.5868609071836397
1392,5,3.022024641850466,-1.4118408460089247
1392,6,3.0875242453789666,-1.6116248754532434
1392,7,3.0279666837216244,-1.6330585119204593
1392,8,3.1636753470785264,-1.5199931379124512
1392,9,3.0622814482230662,-1.6254243997708484
1392,10,3.10675969494907,-1.4707867070131095
1392,11,3.1797400129308446,-1.599656345145766
1392,12,3.1996451739765304,-1.5919936757023023
1392,13,3.0016732222799143,-1.5742527275154437
1392,14,3.2251742740951816,-1.5434861880027144
1392,15,3.115293937237791,-1.4855426385403083
1392,16,3.184971898572478,-1.6014159848656877
1392,17,3.1296979932939446,-1.5893714947410003
1392,18,3.0051239238605785,-1.5517848786991806
1392,19,3.008224359638772,-1.5055050859537324
1393,0,3.0864247953927304,-1.5702411259156979
1393,1,3.111488089035743,-1.7170020860577908
1393,2,3.2063311324942627,-1.565934587965159
1393,3,3.155093003417061,-1.545330778973787
1393,4,3.081234808777954,-1.5876620551176617
1393,5,3.023420906457989,-1.412813129418081
1393,6,3.088838113146939,-1.6124037899870773
1393,7,3.029337846068417,-1.6338113678955235
1393,8,3.1649212452769793,-1.520869758882337
1393,9,3.063619612883415,-1.6261868354394973
1393,10,3.1080679836837986,-1.4717053894571264
1393,11,3.180963091764832,-1.6004549657694296
1393,12,3.20084934084166,-1.5928012397422417
1393,13,3.0030771417409183,-1.5750592448357381
1393,14,3.2263572802958738,-1.5443441244142777
1393,15,3.116591447194303,-1.4864487855868094
1393,16,3.1861902618962956,-1.6022123097971637
1393,17,3.1296979932939446,-1.5893714947410003
1393,18,3.0051239238605785,-1.5517848786991806
1393,19,3.009625914696801,-1.5063835814840734
1394,0,3.0864247953927304,-1.5702411259156979
1394,1,3.1127689588622576,-1.7176782735302594
1394,2,3.2075313178506626,-1.5667680536381443
1394,3,3.1563463986954936,-1.546179778413243
1394,4,3.0825581436571383,-1.5884624049324394
1394,5,3.0248157799239634,-1.4137844441112506
1394,6,3.0901506718610423,-1.6131819284602535
1394,7,3.0307076422435673,-1.6345634737548287
1394,8,3.16616590215061,-1.5217455064491061
1394,9,3.0649564443311017,-1.6269485114939388
1394,10,3.1093728697218084,-1.4726261391985747
1394,11,3.1821849520099215,-1.601252790704215
1394,12,3.2020523079942764,-1.5936079992054135
1394,13,3.0044796626245454,-1.5758649587076086
1394,14,3.227539107879225,-1.5452012060723057
1394,15,3.1178876644602656,-1.4873540298520116
1394,16,3.1874074114146462,-1.6030078413827336
1394,17,3.1296979932939446,-1.5893714947410003
1394,18,3.0051239238605785,-1.5517848786991806
1394,19,3.0110260732813345,-1.5072612017040101
1395,0,3.0864247953927304,-1.5702411259156979
1395,1,3.114048552493482,-1.7183537872830026
1395,2,3.2087303075161384,-1.5676006889666039
1395,3,3.1575985453213544,-1.5470279320657778
1395,4,3.0838801602142296,-1.5892619574291236
1395,5,3.0262092636446596,-1.4147547910607203
1395,6,3.0914619228351494,-1.6139592916516896
1395,7,3.0320760736182417,-1.6353148302512337
1395,8,3.1674093189453214,-1.5226203814893828
1395,9,3.066291943904295,-1.6277094286966112
1395,10,3.110676455597474,-1.4735459715234
1395,11,3.1834055948891966,-1.6020498207487455
1395,12,3.203254076638551,-1.5944139548993848
1395,13,3.0058789218108273,-1.5766731068802518
1395,14,3.228719758028245,-1.546057433834738
1395,15,3.119182590333193,-1.4882583722420655
1395,16,3.188623348345898,-1.6038025804187253
1395,17,3.1296979932939446,-1.5893714947410003
1395,18,3.0051239238605785,-1.5517848786991806
1395,19,3.0124248367939326,-1.5081379474920413
1396,0,3.0864247953927304,-1.5702411259156979
1396,1,3.115326871210291,-1.7190286279922105
1396,2,3.20992810269088,-1.5684324947840063
1396,3,3.1588494445480433,-1.547875240780394
1396,4,3.085200859772568,-1.5900607134080673
1396,5,3.0276013590149558,-1.4157241712378086
1396,6,3.0914619228351494,-1.6139592916516896
1396,7,3.0334431415622416,-1.6360654381368471
1396,8,3.168651496905775,-1.523494384878918
1396,9,3.0676261129398315,-1.6284695878091935
1396,10,3.111978742615687,-1.4744648873523558
1396,11,3.184625021624522,-1.6028460567008491
1396,12,3.204454647977455,-1.595219107630918
1396,13,3.0072767868046855,-1.577480449831053
1396,14,3.2298992319247666,-1.5469128085586592
1396,15,3.120476226109307,-1.4891618136622184
1396,16,3.189838073907205,-1.6045965277006733
1396,17,3.1296979932939446,-1.5893714947410003
1396,18,3.0051239238605785,-1.5517848786991806
1396,19,3.0138222066347584,-1.5090138197257905
1397,0,3.0864247953927304,-1.5702411259156979
1397,1,3.1166039162922825,-1.719702796333399
1397,2,3.2111247045738813,-1.5692634719229899
1397,3,3.1600990976277115,-1.5487217054052484
1397,4,3.086520243654175,-1.590858673668826
1397,5,3.028992067428341,-1.4166925856128656
1397,6,3.0914619228351494,-1.6139592916516896
1397,7,3.0348088474440034,-1.6368152981630284
1397,8,3.169892437275392,-1.5243675174925897
1397,9,3.0689589527732157,-1.6292289895926055
1397,10,3.1132797320800365,-1.4753828876052775
1397,11,3.1858432334365454,-1.6036414993575587
1397,12,3.2056540232127615,-1.5960234582059716
1397,13,3.0086732590053846,-1.5782869883681636
1397,14,3.231077530749444,-1.5477673311003006
1397,15,3.1217685730835387,-1.4900643550168164
1397,16,3.191051589314509,-1.6053896840233197
1397,17,3.1296979932939446,-1.5893714947410003
1397,18,3.0051239238605785,-1.5517848786991806
1397,19,3.015218184202581,-1.5098888192820068
1398,0,3.0864247953927304,-1.5702411259156979
1398,1,3.11787968901778,-1.7203762929814117
1398,2,3.2123201143629423,-1.5700936212153638
1398,3,3.1613475058112632,-1.549567326787653
1398,4,3.0878365536510466,-1.5916587410708753
1398,5,3.0303813902769154,-1.4176600351552755
1398,6,3.0914619228351494,-1.6139592916516896
1398,7,3.0361731926306,-1.6375644110803877
1398,8,3.1711321412963547,-1.5252397802044046
1398,9,3.0702904647386213,-1.6299876348070095
1398,10,3.114579425292815,-1.4762999732010842
1398,11,3.1870602315446974,-1.6044361495151134
1398,12,3.2068522035450466,-1.5968270074297015
1398,13,3.0100683398107946,-1.5790927232989291
1398,14,3.2322546556817553,-1.54862100231504
1398,15,3.123059632549529,-1.4909659972093041
1398,16,3.1922638957825393,-1.6061820501806148
1398,17,3.1296979932939446,-1.5893714947410003
1398,18,3.0051239238605785,-1.5517848786991806
1398,19,3.0166127708947754,-1.5107629470365653
1399,0,3.0864247953927304,-1.5702411259156979
1399,1,3.119154190663833,-1.721049118610419
1399,2,3.213514333254669,-1.5709229434921084
1399,3,3.162592846516894,-1.5504147920939528
1399,4,3.0891515521139543,-1.5924580113084474
1399,5,3.031769328951393,-1.4186265208334559
1399,6,3.0914619228351494,-1.6139592916516896
1399,7,3.0375361784877426,-1.6383127776387882
1399,8,3.1723706102096085,-1.5261111738874986
1399,9,3.0716206501688936,-1.6307455242118096
1399,10,3.1158778235550173,-1.4772161450577797
1399,11,3.1882760171671944,-1.6052300079689585
1399,12,3.2080491901736896,-1.5976297561064612
1399,13,3.0114620306173925,-1.5798976554298911
1399,14,3.233430607900004,-1.5494738230574028
1399,15,3.1243494057996286,-1.4918667411422262
1399,16,3.1922638957825393,-1.6061820501806148
1399,17,3.1296979932939446,-1.5893714947410003
1399,18,3.0051239238605785,-1.5517848786991806
1399,19,3.0180059681073237,-1.511636203864469
1400,0,3.0864247953927304,-1.5702411259156979
1400,1,3.120427422506219,-1.7217212738939205
1400,2,3.2147073624444764,-1.5717514395833758
1400,3,3.163836946409644,-1.5512614130161708
1400,4,3.0904652403592134,-1.5932564851816124
1400,5,3.031769328951393,-1.4186265208334559
1400,6,3.0914619228351494,-1.6139592916516896
1400,7,3.038897806379781,-1.6390603985873453
1400,8,3.1736078452548617,-1.5269816994141376
1400,9,3.0729495103955493,-1.6315026585656542
1400,10,3.1171749281663406,-1.4781314040924525
1400,11,3.1894905915210394,-1.6060230755137472
1400,12,3.2092449842968755,-1.598431705039803
1400,13,3.0128543328202646,-1.5807017855667875
1400,14,3.2346053885813193,-1.5503257941810638
1400,15,3.125637894124903,-1.4927665877172283
1400,16,3.1922638957825393,-1.6061820501806148
1400,17,3.1296979932939446,-1.5893714947410003
1400,18,3.0051239238605785,-1.5517848786991806
1400,19,3.019397777234818,-1.5125085906398488
1401,0,3.087806198052349,-1.5709501093749212
1401,1,3.1216993858194444,-1.722392759504744
1401,2,3.215899203126587,-1.5725791103184916
1401,3,3.165079806734858,-1.5521071904017754
1401,4,3.091777619701827,-1.5940541634896435
1401,5,3.031769328951393,-1.4186265208334559
1401,6,3.0914619228351494,-1.6139592916516896
1401,7,3.0402580776697063,-1.6398072746744285
1401,8,3.174843847670588,-1.5278513576557184
1401,9,3.074277046748779,-1.6322590386264355
1401,10,3.1184707404251877,-1.4790457512212782
1401,11,3.190703955822022,-1.6068153529433409
1401,12,3.210439587111596,-1.5992328550324784
1401,13,3.0142452478131063,-1.5815051145145533
1401,14,3.2346053885813193,-1.5503257941810638
1401,15,3.1269250988151294,-1.4936655378350576
1401,16,3.1922638957825393,-1.6061820501806148
1401,17,3.1296979932939446,-1.5893714947410003
1401,18,3.0051239238605785,-1.5517848786991806
1401,19,3.02078819967046,-1.5133801082359646
1402,0,3.089183204923672,-1.57166427407385
1402,1,3.122970081876746,-1.723063576115047
1402,2,3.217089856494035,-1.573405956525955
1402,3,3.166321428736641,-1.5529521250973906
1402,4,3.0930886914554887,-1.594851047031017
1402,5,3.031769328951393,-1.4186265208334559
1402,6,3.0914619228351494,-1.6139592916516896
1402,7,3.0416169937191513,-1.6405534066476615
1402,8,3.176078618694027,-1.52872014948277
1402,9,3.0756032605574473,-1.6330146651512907
1402,10,3.119765261628668,-1.479959187359519
1402,11,3.1919161112847214,-1.6076068410508102
1402,12,3.2116329998136486,-1.6000332068864394
1402,13,3.0156347769882252,-1.5823076430773215
1402,14,3.2346053885813193,-1.5503257941810638
1402,15,3.1282110211588017,-1.494563592395564
1402,16,3.1922638957825393,-1.6061820501806148
1402,17,3.1296979932939446,-1.5893714947410003
1402,18,3.0051239238605785,-1.5517848786991806
1402,19,3.022177236806065,-1.5142507575252062
1403,0,3.0905558752497453,-1.572383447011948
1403,1,3.124239511950091,-1.723733724396318
1403,2,3.218279323738665,-1.5742319790334398
1403,3,3.1675618136578567,-1.5537962179487967
1403,4,3.094398456932582,-1.5956471366034148
1403,5,3.031769328951393,-1.4186265208334559
1403,6,3.0914619228351494,-1.6139592916516896
1403,7,3.0429745558883923,-1.6412987952539229
1403,8,3.1773121595611857,-1.5295880757649536
1403,9,3.076928153149096,-1.6337695388966025
1403,10,3.1210584930725993,-1.4808717134215255
1403,11,3.1931270591225065,-1.6083975406284352
1403,12,3.2128252235976413,-1.600832761402839
1403,13,3.017022921736541,-1.583109372058424
1403,14,3.2346053885813193,-1.5503257941810638
1403,15,3.1294956624431287,-1.4954607522977013
1403,16,3.1922638957825393,-1.6061820501806148
1403,17,3.1296979932939446,-1.5893714947410003
1403,18,3.0051239238605785,-1.5517848786991806
1403,19,3.02356489003206,-1.5151205393790947
1404,0,3.0919242680026087,-1.5731074604660122
1404,1,3.1255076773101806,-1.724403205019376
1404,2,3.2194658955361843,-1.5750596363659168
1404,3,3.1688009627401326,-1.5546394698009316
1404,4,3.0957069174441836,-1.596442433003723
1404,5,3.031769328951393,-1.4186265208334559
1404,6,3.0914619228351494,-1.6139592916516896
1404,7,3.0443307655363503,-1.6420434412393474
1404,8,3.17854447150684,-1.5304551373710644
1404,9,3.078251725849944,-1.6345236606180005
1404,10,3.122350436051507,-1.481783330320737
1404,11,3.194336800547537,-1.6091874524677072
1404,12,3.214016259656991,-1.601631519382032
1404,13,3.018409683447589,-1.5839103022603922
1404,14,3.2346053885813193,-1.5503257941810638
1404,15,3.1307790239540383,-1.4963570184395272
1404,16,3.1922638957825393,-1.6061820501806148
1404,17,3.1296979932939446,-1.5893714947410003
1404,18,3.0051239238605785,-1.5517848786991806
1404,19,3.024951160737487,-1.5159894546682826
1405,0,3.093288441820581,-1.5738361518220496
1405,1,3.12677457922645,-1.7250720186543718
1405,2,3.2206512850829543,-1.575886469055078
1405,3,3.170038877223858,-1.5554818814978912
1405,4,3.097014074300064,-1.5972369370280342
1405,5,3.031769328951393,-1.4186265208334559
1405,6,3.0914619228351494,-1.6139592916516896
1405,7,3.0456856240205923,-1.6427873453493267
1405,8,3.1797755557645346,-1.531321335169032
1405,9,3.0795739799848882,-1.635277031070361
1405,10,3.123641091858627,-1.482694038969683
1405,11,3.195545336770765,-1.6099765773593286
1405,12,3.215206109183926,-1.602429481623576
1405,13,3.0197950635095174,-1.5847104344849583
1405,14,3.2346053885813193,-1.5503257941810638
1405,15,3.132061106976176,-1.497252391718205
1405,16,3.1922638957825393,-1.6061820501806148
1405,17,3.1296979932939446,-1.5893714947410003
1405,18,3.0065807890642677,-1.5525142293087437
1405,19,3.0263360503100047,-1.5168575042625547
1406,0,3.093288441820581,-1.5738361518220496
1406,1,3.128040218967069,-1.7257401659707883
1406,2,3.2218354935655507,-1.5767124779285837
1406,3,3.1712755583481864,-1.5563234538829305
1406,4,3.0983199288086882,-1.5980306494716476
1406,5,3.031769328951393,-1.4186265208334559
1406,6,3.0914619228351494,-1.6139592916516896
1406,7,3.0470391326973334,-1.6435305083285092
1406,8,3.1810054135665866,-1.532186670025921
1406,9,3.080894916877507,-1.636029651007809
1406,10,3.1249304617859073,-1.4836038402799838
1406,11,3.1967526690019374,-1.6107649160932143
1406,12,3.2163947733694873,-1.603226648926232
1406,13,3.021179063309094,-1.5855097695330553
1406,14,3.2346053885813193,-1.5503257941810638
1406,15,3.1333419127929085,-1.4981468730300043
1406,16,3.1922638957825393,-1.6061820501806148
1406,17,3.131025659153407,-1.5900837254251965
1406,18,3.0080331508997538,-1.5532489488418715
1406,19,3.027719560135889,-1.5177246890308298
1407,0,3.093288441820581,-1.5738361518220496
1407,1,3.1293045977989435,-1.7264076476374417
1407,2,3.2230185221693675,-1.5775376638132697
1407,3,3.1725110073510367,-1.557164187798464
1407,4,3.0996244822772177,-1.5988235711290701
1407,5,3.031769328951393,-1.4186265208334559
1407,6,3.0914619228351494,-1.6139592916516896
1407,7,3.048391292921437,-1.644272930920802
1407,8,3.182234046144085,-1.5330511428079325
1407,9,3.082214537850059,-1.6367815211837173
1407,10,3.1262185471240085,-1.4845127351623513
1407,11,3.1979587984495943,-1.611552469458492
1407,12,3.217582253403528,-1.604023022087965
1407,13,3.022561684231704,-1.5863083082048184
1407,14,3.2346053885813193,-1.5503257941810638
1407,15,3.134619444451196,-1.4990433177454054
1407,16,3.1922638957825393,-1.6061820501806148
1407,17,3.132349254806148,-1.59080037153367
1407,18,3.0094810730397485,-1.553988851118866
1407,19,3.0291016916000344,-1.5185910098411606
1408,0,3.093288441820581,-1.5738361518220496
1408,1,3.130567716987719,-1.7270744643224818
1408,2,3.224200372078618,-1.5783620275351475
1408,3,3.1737452254690948,-1.5580040840860676
1408,4,3.100927736011512,-1.5996157027940172
1408,5,3.031769328951393,-1.4186265208334559
1408,6,3.0914619228351494,-1.6139592916516896
1408,7,3.0497421060464163,-1.6450146138693706
1408,8,3.1834614547268916,-1.5339147543804048
1408,9,3.0835328442234866,-1.637532642350709
1408,10,3.127505349162305,-1.4854207245265902
1408,11,3.199163726321072,-1.6123392382435033
1408,12,3.2187685504747177,-1.6048186019059456
1408,13,3.023942927661352,-1.5871060512995854
1408,14,3.2346053885813193,-1.5503257941810638
1408,15,3.135895703211573,-1.4999388692675948
1408,16,3.1922638957825393,-1.6061820501806148
1408,17,3.1336688351149653,-1.5915212869797857
1408,18,3.0109246187652476,-1.5547337558568428
1408,19,3.030482446085956,-1.519456467560735
1409,0,3.093288441820581,-1.5738361518220496
1409,1,3.1318295777977787,-1.7277406166933928
1409,2,3.2253810444763342,-1.5791855699194064
1409,3,3.174978213937814,-1.558843143586478
1409,4,3.1022296913161296,-1.6004070452594135
1409,5,3.031769328951393,-1.4186265208334559
1409,6,3.0914619228351494,-1.6139592916516896
1409,7,3.0510915734244373,-1.6457555579166407
1409,8,3.184687640543644,-1.534777505607814
1409,9,3.084848206904581,-1.6382858696275815
1409,10,3.1287908691888875,-1.4863278092815988
1409,11,3.2003674538225053,-1.6131252232358049
1409,12,3.219952040979557,-1.6056158065815864
1409,13,3.0253227949806645,-1.5879029996158982
1409,14,3.2346053885813193,-1.5503257941810638
1409,15,3.1371706903515757,-1.50083352849302
1409,16,3.1922638957825393,-1.6061820501806148
1409,17,3.1349844545242163,-1.5922463300116727
1409,18,3.012363850899378,-1.555483488474369
1409,19,3.0318618249757896,-1.520321063055877
1410,0,3.093288441820581,-1.5738361518220496
1410,1,3.1330901814922463,-1.728406105416994
1410,2,3.226560540544371,-1.5800082917904128
1410,3,3.1762099739914174,-1.5596813671395948
1410,4,3.1035303494943287,-1.6011975993173932
1410,5,3.031769328951393,-1.4186265208334559
1410,6,3.0914619228351494,-1.6139592916516896
1410,7,3.0524396964063176,-1.6464957638042979
1410,8,3.185912604821756,-1.5356393973537745
1410,9,3.086162259002508,-1.6390383464141105
1410,10,3.1300751084905625,-1.4872339903353697
1410,11,3.2015699821588264,-1.6139104252221683
1410,12,3.2211343523053393,-1.606412216956763
1410,13,3.0267012875708894,-1.5886991539515027
1410,14,3.2346053885813193,-1.5503257941810638
1410,15,3.138444407147467,-1.5017272963172361
1410,16,3.1922638957825393,-1.6061820501806148
1410,17,3.1362961670189167,-1.5929753630771455
1410,18,3.0137988317476965,-1.5562378799025554
1410,19,3.0332398296502956,-1.5211847971920476
1411,0,3.093288441820581,-1.5738361518220496
1411,1,3.1343495293329875,-1.7290709311594399
1411,2,3.227738861463405,-1.5808301939717124
1411,3,3.1774405068628977,-1.5605187555844804
1411,4,3.1048297118480694,-1.6019873657593022
1411,5,3.031769328951393,-1.4186265208334559
1411,6,3.0914619228351494,-1.6139592916516896
1411,7,3.05378647634153,-1.6472352322732888
1411,8,3.187136348787417,-1.536500430481041
1411,9,3.087475001832636,-1.6397900734635265
1411,10,3.1313580683528546,-1.4881392685949912
1411,11,3.202771312533767,-1.6146948449885814
1411,12,3.22231548563556,-1.6072078338286828
1411,13,3.0280784068118995,-1.5894945151033502
1411,14,3.2346053885813193,-1.5503257941810638
1411,15,3.1397168548742393,-1.5026201736349054
1411,16,3.1922638957825393,-1.6061820501806148
1411,17,3.1376040260877933,-1.5937082526928552
1411,18,3.0152296230444784,-1.5569967664024302
1411,19,3.034616461488858,-1.5220476708338455
1412,0,3.093288441820581,-1.5738361518220496
1412,1,3.1356076225806104,-1.729735094586222
1412,2,3.2289160084129365,-1.58165127728603
1412,3,3.1786698137840195,-1.5613553097593615
1412,4,3.106127779678015,-1.6027763453756971
1412,5,3.031769328951393,-1.4186265208334559
1412,6,3.0928213182409707,-1.6146456507676552
1412,7,3.0551319145782023,-1.6479739640638225
1412,8,3.1883588736655963,-1.5373606058515086
1412,9,3.0887864367090208,-1.6405410515283085
1412,10,3.132639750060008,-1.4890436449666478
1412,11,3.2039714461498603,-1.6154784833202493
1412,12,3.223495442152534,-1.6080026579937594
1412,13,3.029454154082192,-1.5902890838675978
1412,14,3.2346053885813193,-1.5503257941810638
1412,15,3.1409880348056136,-1.503512161339799
1412,16,3.1922638957825393,-1.6061820501806148
1412,17,3.138908084690021,-1.5944448693175621
1412,18,3.016656285904571,-1.5577599893884098
1412,19,3.0359917218694865,-1.522909684845008
1413,0,3.093288441820581,-1.5738361518220496
1413,1,3.136864462494468,-1.7303985963621684
1413,2,3.230091982571291,-1.5824715425552707
1413,3,3.17989789598532,-1.5621910305016298
1413,4,3.1074245542835324,-1.6035645389563475
1413,5,3.031769328951393,-1.4186265208334559
1413,6,3.0941767377925,-1.6153365206929207
1413,7,3.0564760124631194,-1.64871195991537
1413,8,3.189578341992364,-1.5382225316397964
1413,9,3.0900965649444108,-1.6412912813601868
1413,10,3.1339201548949873,-1.4899471203556207
1413,11,3.2051687778937445,-1.6162637955591976
1413,12,3.2246742230373995,-1.6087966902476123
1413,13,3.030828530758892,-1.59108286103961
1413,14,3.2346053885813193,-1.5503257941810638
1413,15,3.1422579482140427,-1.5044032603247974
1413,16,3.1922638957825393,-1.6061820501806148
1413,17,3.1402083952253927,-1.5951850872294115
1413,18,3.0180788807804015,-1.5585273952576935
1413,19,3.037365612168818,-1.5237708400884122
1414,0,3.093288441820581,-1.5738361518220496
1414,1,3.1381200503326583,-1.7310614371514452
1414,2,3.2312667851156194,-1.5832909906005208
1414,3,3.1811247546961114,-1.5630259186478423
1414,4,3.108720036962694,-1.604351947290236
1414,5,3.0332265851917524,-1.4194816089731408
1414,6,3.095528233669544,-1.6160317526695778
1414,7,3.057818771341725,-1.6494492205666655
1414,8,3.1907965952847346,-1.539083598636218
1414,9,3.091405387850245,-1.6420407637101417
1414,10,3.135199284139479,-1.49084969566629
1414,11,3.206364916668617,-1.6170483253473584
1414,12,3.2258518294701175,-1.6095899313850688
1414,13,3.032201538217752,-1.591875847413958
1414,14,3.2346053885813193,-1.5503257941810638
1414,15,3.1435265963707106,-1.5052934714818917
1414,16,3.1922638957825393,-1.6061820501806148
1414,17,3.1415050095076893,-1.5959287844071044
1414,18,3.0194974674237725,-1.559298835225406
1414,19,3.038738133762118,-1.5246311374260753
1415,0,3.093288441820581,-1.5738361518220496
1415,1,3.1393743873520257,-1.7317236176175566
1415,2,3.2324404172219006,-1.5841096222420488
1415,3,3.18235039114448,-1.5638599750337232
1415,4,3.11001422901228,-1.6051385711655588
1415,5,3.034678516761894,-1.4203424434510319
1415,6,3.096875857702047,-1.6167312023612468
1415,7,3.0591601925581218,-1.6501857467557082
1415,8,3.1920136347621813,-1.539943807702702
1415,9,3.092712906736657,-1.6427894993284062
1415,10,3.136477139073893,-1.4917513718021345
1415,11,3.207559863671813,-1.6178320734700466
1415,12,3.2270282626294726,-1.6103823822001637
1415,13,3.0335731778331527,-1.5926680437844225
1415,14,3.2346053885813193,-1.5503257941810638
1415,15,3.144793980545536,-1.506182795702184
1415,16,3.1935322889855495,-1.6068781339778808
1415,17,3.1427979787410254,-1.5966758424148488
1415,18,3.020912104852085,-1.5600741651653118
1415,19,3.0401092880232827,-1.5254905777191554
1416,0,3.093288441820581,-1.5738361518220496
1416,1,3.140627474808163,-1.7323851384233457
1416,2,3.233612880064941,-1.5849274382993055
1416,3,3.183574806557289,-1.5646932004941636
1416,4,3.111307131727777,-1.6059244113697275
1416,5,3.0361252104158063,-1.4212088126887603
1416,6,3.0982196613265396,-1.6174347297153708
1416,7,3.060500277455074,-1.6509215392197611
1416,8,3.1932294616429613,-1.5408031597003187
1416,9,3.094019122912474,-1.6435374889644652
1416,10,3.137753720977363,-1.4926521496657328
1416,11,3.2087536200994764,-1.6186150407117952
1416,12,3.228203523693076,-1.6111740434861415
1416,13,3.034943450978108,-1.5934594509439926
1416,14,3.2346053885813193,-1.5503257941810638
1416,15,3.146060102007171,-1.507071233875889
1416,16,3.1947967202648098,-1.607578447526067
1416,17,3.144087353498966,-1.5974261462909847
1416,18,3.0223228513186697,-1.5608532454559307
1416,19,3.041479076324838,-1.5263491618279534
1417,0,3.093288441820581,-1.5738361518220496
1417,1,3.141877972871665,-1.7330485343628659
1417,2,3.2347841748183774,-1.585744439590926
1417,3,3.1847980021601794,-1.5655255958632228
1417,4,3.112598746403383,-1.6067094686893688
1417,5,3.037566752078835,-1.4220805121958693
1417,6,3.0995596955466875,-1.618142198829812
1417,7,3.0618374184443353,-1.6516595214369854
1417,8,3.194444077144119,-1.5416616554892804
1417,9,3.0953240376852196,-1.644284733367057
1417,10,3.139029031127749,-1.4935520301587644
1417,11,3.209946187146558,-1.6193972278563549
1417,12,3.2293776138373653,-1.6119649160354554
1417,13,3.0363123590242616,-1.5942500696848676
1417,14,3.2358370980687217,-1.5510904262432779
1417,15,3.147324962023005,-1.5079587868923336
1417,16,3.1960572411073946,-1.6082828550210941
1417,17,3.1453731837062167,-1.5981795844401725
1417,18,3.0237297642869136,-1.5616359408318856
1417,19,3.042847500037943,-1.5272068906119127
1418,0,3.093288441820581,-1.5738361518220496
1418,1,3.1431272249965767,-1.7337112693252714
1418,2,3.235954302654677,-1.586560626934729
1418,3,3.1860199791775714,-1.5663571619741297
1418,4,3.1138890743320045,-1.6074937439103258
1418,5,3.0390032267736564,-1.4229573443198582
1418,6,3.100896010897664,-1.6188534778236334
1418,7,3.0631732271464887,-1.6523967683509007
1418,8,3.1956574824814856,-1.542519295928942
1418,9,3.096627652361115,-1.645031233284174
1418,10,3.1403030708016377,-1.4944510141820104
1418,11,3.211137566006819,-1.6201786356866958
1418,12,3.2305505342376053,-1.61275500063977
1418,13,3.037679903341892,-1.5950399007984577
1418,14,3.2370647056004076,-1.5518589323156533
1418,15,3.1485885618591642,-1.5088454556399598
1418,16,3.197313902652486,-1.6089912245631999
1418,17,3.14665551862271,-1.598936048529039
1418,18,3.0251329004078973,-1.5624221202403157
1418,19,3.0442145605323923,-1.528063764929621
1419,0,3.093288441820581,-1.5738361518220496
1419,1,3.1443752324334002,-1.7343733439739606
1419,2,3.2371232647451387,-1.587376001147719
1419,3,3.1872407388326653,-1.5671878996592825
1419,4,3.1151781168052612,-1.6082772378176589
1419,5,3.0404347185545153,-1.4238391180050909
1419,6,3.102228657414089,-1.6195684387119564
1419,7,3.0645077048986797,-1.6531332806994918
1419,8,3.196869678869681,-1.5433760818778026
1419,9,3.0979299682450803,-1.6457769894630636
1419,10,3.141575841274344,-1.495349102635355
1419,11,3.2123277578728304,-1.6209592649850082
1419,12,3.2317222860678907,-1.6135442980899606
1419,13,3.0390460852999133,-1.5958289450753846
1419,14,3.2382882689285504,-1.5526311834561495
1419,15,3.149850902780513,-1.5097312410063237
1419,16,3.1985667556534003,-1.609703428039132
1419,17,3.14793440682991,-1.5996954333851767
1419,18,3.0265323155012775,-1.5632116567021919
1419,19,3.045578281965396,-1.528922932023123
1420,0,3.093288441820581,-1.5738361518220496
1420,1,3.1456219964313923,-1.7350347589716708
1420,2,3.238291062259895,-1.5881905630460862
1420,3,3.1884602823474424,-1.5680178097502508
1420,4,3.1164658751134864,-1.609059951195646
1420,5,3.0418613104491103,-1.424725648560301
1420,6,3.103557684601283,-1.6202869572847758
1420,7,3.0658408530367223,-1.6538690592200085
1420,8,3.198080667522115,-1.5442320141935058
1420,9,3.0992309866407344,-1.646522002650228
1420,10,3.1428473438199123,-1.4962462964177854
1420,11,3.2135167639359756,-1.6217391165327024
1420,12,3.2328928705011464,-1.6143328091761149
1420,13,3.040410906265874,-1.5966172033054824
1420,14,3.2395078452173776,-1.5534070544854124
1420,15,3.1511119860506556,-1.5106161438780974
1420,16,3.1998158504430827,-1.6104193410078975
1420,17,3.1492098962191792,-1.6004576368993944
1420,18,3.0279280645391644,-1.564004427178376
1420,19,3.0469406446138603,-1.5297812430598565
1421,0,3.093288441820581,-1.5738361518220496
1421,1,3.146867518238565,-1.7356955149804791
1421,2,3.239457696367912,-1.589004313445208
1421,3,3.189678610942667,-1.5688468930777753
1421,4,3.117752350545727,-1.6098418848277842
1421,5,3.04328308440753,-1.4256167574344245
1421,6,3.1048831414096187,-1.6210089129896228
1421,7,3.0671726728950985,-1.6546041046489655
1421,8,3.199290449650988,-1.5450870937328405
1421,9,3.100530708850398,-1.6472662735914265
1421,10,3.144115582994024,-1.4971454195037857
1421,11,3.214704585386451,-1.6225181911104107
1421,12,3.2340622887091284,-1.615120534687533
1421,13,3.0417743676059614,-1.5974046762777983
1421,14,3.2407234910150717,-1.554186423870678
1421,15,3.152371812931938,-1.5115001651410693
1421,16,3.2010612369028415,-1.611138842589975
1421,17,3.150482033982057,-1.6012225599311167
1421,18,3.029320201632759,-1.5648003124402659
1421,19,3.048301649841512,-1.5306386988989917
1422,0,3.093288441820581,-1.5738361518220496
1422,1,3.1481117991016867,-1.736355612661803
1422,2,3.2406231682369917,-1.5898172531596495
1422,3,3.1908957258378874,-1.569675150471769
1422,4,3.1190375443897462,-1.6106230394967898
1422,5,3.0447001212576974,-1.4265122720004955
1422,6,3.1062050762117432,-1.621734188817965
1422,7,3.0685031658069617,-1.6553384177221442
1422,8,3.2004990264672935,-1.5459413213517421
1422,9,3.1018291361750943,-1.648009803031675
1422,10,3.1453825585310287,-1.4980436467293532
1422,11,3.215891223413267,-1.6232964894979875
1422,12,3.2352305418624256,-1.6159074754127292
1422,13,3.043134696570437,-1.5981944285850258
1422,14,3.2419352622287136,-1.5549691736133198
1422,15,3.1536303846854477,-1.5123833056801457
1422,16,3.202302964434113,-1.6118618153599038
1422,17,3.1517508666023075,-1.6019901062168374
1422,18,3.030708780021539,-1.5655991969448755
1422,19,3.049661299010719,-1.5314953003988427
1423,0,3.093288441820581,-1.5738361518220496
1423,1,3.149354840266284,-1.7370150526764006
1423,2,3.2417874790337726,-1.590629383003164
1423,3,3.192111628251437,-1.5705025827613184
1423,4,3.1203214579320244,-1.6114034159845991
1423,5,3.046112500666814,-1.4274120253473428
1423,6,3.107523536782481,-1.6224626711952337
1423,7,3.0698323331041366,-1.6560719991745927
1423,8,3.2017063991808183,-1.5467946979052936
1423,9,3.1031262699145503,-1.648752591715247
1423,10,3.1466482716991706,-1.4989409789936146
1423,11,3.2170766792042493,-1.6240740124745106
1423,12,3.2363976311304605,-1.6166936321394316
1423,13,3.0444936701405436,-1.5989833940047737
1423,14,3.243143214102058,-1.5557551891399388
1423,15,3.154887702571017,-1.513265566379351
1423,16,3.2035410819330545,-1.612588145242157
1423,17,3.1530164398496057,-1.6027601822815267
1423,18,3.0320938520647833,-1.5664009687142002
1423,19,3.0510195934824904,-1.5323510484168685
1424,0,3.094660836010405,-1.5745459187834836
1424,1,3.150596642976642,-1.7376738356843722
1424,2,3.242950629923731,-1.5914407037886942
1424,3,3.1933245787781486,-1.571331742827267
1424,4,3.121602415076203,-1.6121857681169804
1424,5,3.0475203011083307,-1.428315856078829
1424,6,3.1088385702812182,-1.6231942498743694
1424,7,3.0711601761171208,-1.6568048497406267
1424,8,3.2029125690001434,-1.5476472242477255
1424,9,3.1044221113671986,-1.649494640385675
1424,10,3.147912723765429,-1.4998374171948001
1424,11,3.2182609539460403,-1.6248507608182807
1424,12,3.2375635576814905,-1.617479005654584
1424,13,3.045851289676615,-1.5997715733267974
1424,14,3.2443474011959483,-1.5565443591968957
1424,15,3.1561437678472215,-1.5141469481218295
1424,16,3.2047756377677827,-1.6133177214102135
1424,17,3.154278798774737,-1.6035326973529036
1424,18,3.033475469235253,-1.5672055192187238
1424,19,3.052376534616481,-1.5332059438096737
1425,0,3.0960288964234515,-1.575260718624546
1425,1,3.151837208475807,-1.7383319623451603
1425,2,3.244112622071182,-1.592251216328373
1425,3,3.194536320769996,-1.5721600767516497
1425,4,3.122882095921252,-1.6129673407421394
1425,5,3.0489235998340005,-1.429223608120377
1425,6,3.110150223236599,-1.6239288178327829
1425,7,3.072486696175086,-1.6575369701538305
1425,8,3.204117537132646,-1.5484989012324177
1425,9,3.1057166618301775,-1.6502359497857502
1425,10,3.1491759159955226,-1.5007329622302454
1425,11,3.2194440488241,-1.6256267353068241
1425,12,3.2387283226826096,-1.6182635967443462
1425,13,3.0472075565376295,-1.6005589673400649
1425,14,3.245547877371188,-1.5573365757481843
1425,15,3.1573985817713845,-1.5150274517898448
1425,16,3.2060066797580746,-1.6140504361887356
1425,17,3.155537987706197,-1.6043075632784771
1425,18,3.034853682114849,-1.5680127432649251
1425,19,3.0537321237709905,-1.5340599874330094
1426,0,3.097392681531925,-1.5759803835471915
1426,1,3.1530765380055854,-1.7389894333175504
1426,2,3.245273456639281,-1.5930609214335245
1426,3,3.1957468554399346,-1.5729875853636295
1426,4,3.1241605017481335,-1.613748134642431
1426,5,3.0503224728506093,-1.4301351305325387
1426,6,3.111458541533364,-1.6246662711726239
1426,7,3.073811894605881,-1.6582683611470572
1426,8,3.2053213047845004,-1.5493497297118997
1426,9,3.107009922599333,-1.650976520657524
1426,10,3.1504378496539074,-1.5016276149963919
1426,11,3.220625965022708,-1.6264019367168918
1426,12,3.239891927299748,-1.6190474061940945
1426,13,3.048562472081212,-1.6013455768327585
1426,14,3.2467446957736996,-1.55813173387655
1426,15,3.1586521455995755,-1.5159070782647819
1426,16,3.20723425515737,-1.6147861849587724
1426,17,3.1567940502480787,-1.6050846944452715
1426,18,3.0362285403920857,-1.5688225388866486
1426,19,3.0550863623029643,-1.5349131801417741
1427,0,3.098752249502406,-1.5767047508482013
1427,1,3.1543146328065483,-1.7396462492596714
1427,2,3.2464331347900246,-1.5938698199146641
1427,3,3.1969561839997107,-1.5738142694915433
1427,4,3.1254376338365333,-1.6145281505994307
1427,5,3.051716994900999,-1.431050277331358
1427,6,3.1127635704011793,-1.6254065090242595
1427,7,3.0751357727360302,-1.6589990234524299
1427,8,3.206523873160679,-1.5501997105378513
1427,9,3.1083018949692205,-1.6517163537423087
1427,10,3.1516985260037806,-1.502521376388788
1427,11,3.221806703724963,-1.6271763658244611
1427,12,3.241054372697676,-1.619830434788423
1427,13,3.0499160376636336,-1.602131402592275
1427,14,3.2479379088218074,-1.5589297316877562
1427,15,3.1599044605866133,-1.5167858284271478
1427,16,3.208458410636919,-1.6155248660658967
1427,17,3.158047029279152,-1.6058640077021458
1427,18,3.0376000928612217,-1.5696348072402042
1427,19,3.056439251567997,-1.5357655227900144
1428,0,3.1001076581377545,-1.5774336627574432
1428,1,3.155551494118029,-1.7403024108289968
1428,2,3.2475900222699883,-1.5946802521532542
1428,3,3.198164307659863,-1.574640129962903
1428,4,3.1267134934648615,-1.6153073893939351
1428,5,3.05310723944903,-1.4319689073152944
1428,6,3.114065354405301,-1.6261494334528606
1428,7,3.076458331890737,-1.6597289578013423
1428,8,3.2077252434649544,-1.5510488445611046
1428,9,3.1095925802331057,-1.652455449780678
1428,10,3.15295794630708,-1.5034142473020895
1428,11,3.222986266112786,-1.6279500234047364
1428,12,3.242215660040002,-1.6206126833111438
1428,13,3.0512682546398153,-1.602916445405227
1428,14,3.2491275681954948,-1.5597304702179042
1428,15,3.1611555279860664,-1.5176637031565725
1428,16,3.209679192271924,-1.616266380731195
1428,17,3.1592969669530344,-1.6066454222846258
1428,18,3.038968387422916,-1.5704494525030699
1428,19,3.0577907929203314,-1.5366170162309263
1429,0,3.101458964824334,-1.5781669662812248
1429,1,3.1567871231781277,-1.740957918682345
1429,2,3.2487457570803713,-1.5954898769143628
1429,3,3.1993712276297246,-1.5754651676043954
1429,4,3.127988081910255,-1.6160858518059633
1429,5,3.0544932786681573,-1.4328908838984733
1429,6,3.115363937438953,-1.6268949493679985
1429,7,3.077779573393884,-1.6604581649244594
1429,8,3.208925416899899,-1.5518971326316433
1429,9,3.110881979682966,-1.6531938095124679
1429,10,3.154216111824487,-1.5043062286300612
1429,11,3.22416465336692,-1.6287229102321497
1429,12,3.243375790489176,-1.6213941525452888
1429,13,3.0526191243633276,-1.6037007060574426
1429,14,3.2503137248274934,-1.560533853343715
1429,15,3.1624053490502546,-1.5185407033318092
1429,16,3.2108966455295462,-1.6170106329650245
1429,17,3.160543904699369,-1.6074288597421655
1429,18,3.0403353188619335,-1.5712632861998719
1429,19,3.059140987712863,-1.5374676613168556
1430,0,3.1028062264841987,-1.5789045130506056
1430,1,3.1580215212237093,-1.74161277347588
1430,2,3.249900340378065,-1.5962986950084253
1430,3,3.2005769451174237,-1.576289383241884
1430,4,3.1292614004485775,-1.6168635386147567
1430,5,3.0544932786681573,-1.4328908838984733
1430,6,3.1166593627172756,-1.6276429644361592
1430,7,3.079099498568036,-1.6611866455517184
1430,8,3.2101243946668876,-1.5527445755986047
1430,9,3.1121700946094912,-1.6539314336767768
1430,10,3.1554730238154263,-1.5051973212655774
1430,11,3.2253418666669322,-1.6294950270803614
1430,12,3.244534765206489,-1.6221748432731096
1430,13,3.0539686481863924,-1.604484185333968
1430,14,3.2514964288960724,-1.561339787695679
1430,15,3.16365392503025,-1.519416829830736
1430,16,3.212110815258635,-1.6177575294834587
1430,17,3.161787883225922,-1.6082142438677576
1430,18,3.041700888546574,-1.5720763091452588
1430,19,3.060489837297137,-1.5383174588992987
1431,0,3.1041494995319026,-1.5796461591745403
1431,1,3.159254689490408,-1.742266975865112
1431,2,3.2510537733188087,-1.597106707245069
1431,3,3.2017814613298845,-1.57711277770041
1431,4,3.130533450354423,-1.6176404505987807
1431,5,3.0544932786681573,-1.4328908838984733
1431,6,3.117951672772737,-1.62839338899608
1431,7,3.080418108734439,-1.6619144004123287
1431,8,3.2113221779660983,-1.55359117431028
1431,9,3.113456926302086,-1.6546683230119674
1431,10,3.156728683538068,-1.5060875261006224
1431,11,3.2265179071912136,-1.6302663747222614
1431,12,3.2456925853520766,-1.622954756276078
1431,13,3.055316827459884,-1.6052668840190665
1431,14,3.252675729819403,-1.5621481825739896
1431,15,3.164901257175878,-1.5202920835303564
1431,16,3.213321745681071,-1.6185069796273397
1431,17,3.1630289425215277,-1.6090015006298177
1431,18,3.0430650978437748,-1.572888522153067
1431,19,3.0618373430233534,-1.539166409828904
1432,0,3.1054888398356115,-1.58039176509772
1432,1,3.1604866292126266,-1.7429205265048981
1432,2,3.2522060570571902,-1.5979139144331154
1432,3,3.202984777472829,-1.5779353518041914
1432,4,3.130533450354423,-1.6176404505987807
1432,5,3.0544932786681573,-1.4328908838984733
1432,6,3.119240909451888,-1.6291461359768198
1432,7,3.0817354052130232,-1.662641430234774
1432,8,3.2125187679965133,-1.5544369296141152
1432,9,3.11474247604887,-1.6554044782556667
1432,10,3.157983092249329,-1.5069768440262923
1432,11,3.227692776116982,-1.6310369539299694
1432,12,3.246849252084918,-1.6237338923348879
1432,13,3.0566636635333317,-1.6060488028962203
1432,14,3.2538516762513803,-1.5629589498671694
1432,15,3.1661473467357197,-1.5211664653068002
1432,16,3.2145294803846034,-1.6192588952838585
1432,17,3.1642687654259527,-1.6097879730963003
1432,18,3.0444279481191097,-1.5736999260363231
1432,19,3.063183506240367,-1.540014514955472
1433,0,3.106824302682226,-1.581141195462984
1433,1,3.161717341623538,-1.7435734260494435
1433,2,3.253357192746646,-1.5987203173805793
1433,3,3.204186894750778,-1.578757106376626
1433,4,3.130533450354423,-1.6176404505987807
1433,5,3.0544932786681573,-1.4328908838984733
1433,6,3.120527113913356,-1.6299011208184744
1433,7,3.0830513893224034,-1.6633677357468117
1433,8,3.21371416595592,-1.5552818423567123
1433,9,3.116026745136679,-1.6561399001447668
1433,10,3.1592362512048733,-1.5078652759327953
1433,11,3.2288664746202826,-1.6318067654748358
1433,12,3.248003212496593,-1.6245145543631938
1433,13,3.0580091577549195,-1.606829942748131
1433,14,3.2550243160787926,-1.5637720039733074
1433,15,3.167390291496897,-1.5220426824076445
1433,16,3.2157340623170696,-1.620013190810588
1433,17,3.1655073531802618,-1.6105736620544648
1433,18,3.0457876002945072,-1.5745136048977537
1433,19,3.064528328295688,-1.540861775127957
1434,0,3.108155942746228,-1.581894318978171
1434,1,3.1629468279550856,-1.744225675152301
1434,2,3.2545071815394646,-1.599525916894671
1434,3,3.2053878143670516,-1.5795780422402907
1434,4,3.130533450354423,-1.6176404505987807
1434,5,3.0544932786681573,-1.4328908838984733
1434,6,3.121810326626988,-1.6306582613954514
1434,7,3.0843660623798814,-1.6640933176754744
1434,8,3.2149083730409136,-1.5561259133838299
1434,9,3.1173081781170233,-1.6568773012896927
1434,10,3.1604881616591145,-1.5087528227094524
1434,11,3.230039003875989,-1.6325758101274428
1434,12,3.249156023159386,-1.6252944385786001
1434,13,3.059353311471489,-1.6076103043567203
1434,14,3.256193696419739,-1.5645872617238223
1434,15,3.1686319978285606,-1.522918026474423
1434,16,3.2169355337819043,-1.6207697829618928
1434,17,3.166744707024282,-1.6113585682907867
1434,18,3.0471458977428907,-1.5753264730277676
1434,19,3.0658718105354854,-1.541708191194467
1435,0,3.1094838140619996,-1.5826510082872818
1435,1,3.1641750894379874,-1.744877274466373
1435,2,3.2556560245867856,-1.6003307137817964
1435,3,3.206587537523772,-1.5803981602169435
1435,4,3.130533450354423,-1.6176404505987807
1435,5,3.0544932786681573,-1.4328908838984733
1435,6,3.1230905873740373,-1.631417477942222
1435,7,3.085679425701446,-1.6648181767470704
1435,8,3.2161013904468962,-1.5569691435403838
1435,9,3.1185883343250937,-1.6576139677154793
1435,10,3.161738824865216,-1.509639485244699
1435,11,3.2312103650578035,-1.633344088657605
1435,12,3.2503076852272623,-1.6260735457617714
1435,13,3.0606961260285384,-1.608389888503131
1435,14,3.257359863623192,-1.5654046423096741
1435,15,3.1698724669736595,-1.5237924983833564
1435,16,3.218133936434839,-1.6215285908176438
1435,17,3.1679808281966055,-1.6121426925909579
1435,18,3.048502841823917,-1.5761385312400464
1435,19,3.0672139543045858,-1.5425537640022655
1436,0,3.110807969999356,-1.583411139845828
1436,1,3.1654021273017343,-1.7455282246439106
1436,2,3.256803723038602,-1.6011347088475578
1436,3,3.207786065421863,-1.581217461127523
1436,4,3.130533450354423,-1.6176404505987807
1436,5,3.0544932786681573,-1.4328908838984733
1436,6,3.1243679352483205,-1.6321786929814677
1436,7,3.086991480601775,-1.6655423136871843
1436,8,3.2172932193680794,-1.5578115336704483
1436,9,3.119867215042328,-1.6583499001595305
1436,10,3.1629882420750928,-1.510525264426085
1436,11,3.23238055933826,-1.6341116018343695
1436,12,3.2514581998530363,-1.626851876692595
1436,13,3.0620376027702267,-1.6091686959677274
1436,14,3.2585228632696253,-1.5662240672099423
1436,15,3.171111700173905,-1.5246660990097916
1436,16,3.219329311281704,-1.6222895357141642
1436,17,3.1692157179345917,-1.6129260357398876
1436,18,3.049858433895888,-1.5769497803474612
1436,19,3.0685547609464763,-1.5433984943977717
1437,0,3.112128463242076,-1.5841745938002394
1437,1,3.166627942774592,-1.7461785263365155
1437,2,3.2579502780437615,-1.6019379028967553
1437,3,3.2089833992610526,-1.5820359457921502
1437,4,3.130533450354423,-1.6176404505987807
1437,5,3.0544932786681573,-1.4328908838984733
1437,6,3.1256440105424943,-1.6329391496469472
1437,7,3.088302228394237,-1.6662657292206777
1437,8,3.2184838609974853,-1.5586530846172568
1437,9,3.1211448215488873,-1.6590850993585153
1437,10,3.1642364145394133,-1.5114101611402762
1437,11,3.233548051480439,-1.634880687819515
1437,12,3.2526075681883744,-1.6276294321501807
1437,13,3.0633777430393736,-1.609946727530097
1437,14,3.2596827401726065,-1.5670454601226977
1437,15,3.17234969866977,-1.5255388292282037
1437,16,3.220521698677251,-1.6230525411773398
1437,17,3.1704493774743656,-1.6137085985217032
1437,18,3.0512126753157536,-1.5777602211620734
1437,19,3.0698942318033056,-1.5442423832265615
1438,0,3.113445345769207,-1.584941253871211
1438,1,3.167852537083603,-1.7468281801951406
1438,2,3.2590956907499664,-1.602740296733387
1438,3,3.210179540239873,-1.5828536150301291
1438,4,3.130533450354423,-1.6176404505987807
1438,5,3.0544932786681573,-1.4328908838984733
1438,6,3.1269188145339113,-1.6336988486998787
1438,7,3.0896116703908914,-1.6669884240716906
1438,8,3.2196715615932465,-1.5594962746534837
1438,9,3.122421155123657,-1.659819566048369
1438,10,3.165483343507599,-1.5122941762730553
1438,11,3.2347143803915426,-1.6356490075256553
1438,12,3.2537557913837953,-1.6284062129128625
1438,13,3.064716548177461,-1.6107239839690497
1438,14,3.2608395383812954,-1.5678687468980905
1438,15,3.173586463700493,-1.5264106899121967
1438,16,3.2217111383249133,-1.6238175328578242
1438,17,3.171681808050822,-1.6144903817197507
1438,18,3.05256556743911,-1.5785698544951348
1438,19,3.0712323682158855,-1.5450854313333684
1439,0,3.114758668838944,-1.5857110072408651
1439,1,3.1690759114545877,-1.74747718687009
1439,2,3.260239962303776,-1.6035418911606498
1439,3,3.210179540239873,-1.5828536150301291
1439,4,3.130533450354423,-1.6176404505987807
1439,5,3.0544932786681573,-1.4328908838984733
1439,6,3.128192348498651,-1.6344577909007214
1439,7,3.090919807902491,-1.667710398963641
1439,8,3.220858078814163,-1.5603386245706758
1439,9,3.123696217044248,-1.6605533009642932
1439,10,3.1667290302278266,-1.513177310709322
1439,11,3.2347143803915426,-1.6356490075256553
1439,12,3.254902870588672,-1.6291822197581987
1439,13,3.0660540195246337,-1.61150046606262
1439,14,3.261993301183756,-1.5686938554735863
1439,15,3.1748219965040767,-1.5272816819345039
1439,16,3.222897669277439,-1.6245844384682735
1439,17,3.172911378729739,-1.6152739531992049
1439,18,3.053917111620204,-1.5793786811570891
1439,19,3.072569171523692,-1.5459276395620845
1440,0,3.116068482974894,-1.5864837444436113
1440,1,3.170296781882315,-1.7481279638843945
1440,2,3.261383093850607,-1.6043426869809405
1440,3,3.210179540239873,-1.5828536150301291
1440,4,3.130533450354423,-1.6176404505987807
1440,5,3.0544932786681573,-1.4328908838984733
1440,6,3.129464613711523,-1.6352159770091774
1440,7,3.092226642238483,-1.6684316546192266
1440,8,3.22204341384794,-1.5611801352120265
1440,9,3.124970008586999,-1.6612863048407576
1440,10,3.1679734759470306,-1.514059565333095
1440,11,3.2347143803915426,-1.6356490075256553
1440,12,3.2560488069512314,-1.6299574534629726
1440,13,3.0673901584197023,-1.6122761745880674
1440,14,3.2631440711110242,-1.569520715811276
1440,15,3.1760562983172904,-1.528151806166989
1440,16,3.22408132993832,-1.6253531877225464
1440,17,3.1741397243158493,-1.6160567439608038
1440,18,3.0552673092119327,-1.5801867019575728
1440,19,3.073904643064866,-1.546769008755761
1441,0,3.116068482974894,-1.5864837444436113
1441,1,3.1715164358917245,-1.7487780924948528
1441,2,3.262525086534736,-1.6051426849958563
1441,3,3.210179540239873,-1.5828536150301291
1441,4,3.130533450354423,-1.6176404505987807
1441,5,3.0544932786681573,-1.4328908838984733
1441,6,3.1307356114460654,-1.6359734077841916
1441,7,3.0935321747070095,-1.6691521917604248
1441,8,3.223227567881099,-1.5620208074198885
1441,9,3.126242531026976,-1.6620185784114996
1441,10,3.1692166819109016,-1.514940941027512
1441,11,3.2347143803915426,-1.6356490075256553
1441,12,3.257193601618557,-1.6307319148031942
1441,13,3.068724966200143,-1.6130511103218768
1441,14,3.264291889941861,-1.5703492598371953
1441,15,3.177289370375672,-1.5290210634806474
1441,16,3.2252621580639587,-1.6261237122768073
1441,17,3.1753668460387274,-1.6168387547881218
1441,18,3.0566161615658447,-1.5809939177054153
1441,19,3.0752387841762165,-1.5476095397566094
1442,0,3.116068482974894,-1.5864837444436113
1442,1,3.172734874703691,-1.7494275733522444
1442,2,3.263665941499298,-1.6059418860061963
1442,3,3.210179540239873,-1.5828536150301291
1442,4,3.130533450354423,-1.6176404505987807
1442,5,3.0544932786681573,-1.4328908838984733
1442,6,3.1320053429745487,-1.636730083983953
1442,7,3.09483640661491,-1.6698720111084941
1442,8,3.2244105420989793,-1.5628606420357756
1442,9,3.1275137856379756,-1.6627501224095258
1442,10,3.17045864936389,-1.515821438674831
1442,11,3.2347143803915426,-1.6356490075256553
1442,12,3.2583372557365897,-1.6315056045541
1442,13,3.0700584442020995,-1.6138252740397596
1442,14,3.2654367987081327,-1.571179421382585
1442,15,3.1785212139135273,-1.5298894547456066
1442,16,3.2264401907665063,-1.626895945672471
1442,17,3.1765927451267237,-1.6176199864639524
1442,18,3.057963670032143,-1.5818003292086404
1442,19,3.0765715961932196,-1.5484492334060018
1443,0,3.116068482974894,-1.5864837444436113
1443,1,3.173952099537873,-1.7500764071067003
1443,2,3.2648056598862905,-1.6067402908119612
1443,3,3.210179540239873,-1.5828536150301291
1443,4,3.130533450354423,-1.6176404505987807
1443,5,3.0544932786681573,-1.4328908838984733
1443,6,3.1332738095679753,-1.6374860063658951
1443,7,3.0961378046108434,-1.6705938870234174
1443,8,3.225592337685739,-1.563699639900363
1443,9,3.1287837736925246,-1.6634809375671125
1443,10,3.1716993795492074,-1.5167010591564307
1443,11,3.2347143803915426,-1.6356490075256553
1443,12,3.2583372557365897,-1.6315056045541
1443,13,3.0713905937603845,-1.6145986665166547
1443,14,3.26657883770076,-1.57201113612703
1443,15,3.179751830163933,-1.530756980831127
1443,16,3.2276154645173243,-1.627669823280932
1443,17,3.177817422806964,-1.6184004397703093
1443,18,3.059309835959685,-1.582605937274467
1443,19,3.077903080450022,-1.5492880905444726
1444,0,3.116068482974894,-1.5864837444436113
1444,1,3.175168111612714,-1.7507245944077037
1444,2,3.265944242836572,-1.6075379002123553
1444,3,3.210179540239873,-1.5828536150301291
1444,4,3.130533450354423,-1.6176404505987807
1444,5,3.0544932786681573,-1.4328908838984733
1444,6,3.134541012496081,-1.6382411756866972
1444,7,3.0974379059453643,-1.671315043689774
1444,8,3.2267729558243574,-1.5645378018534886
1444,9,3.1300524964618828,-1.6642110246158062
1444,10,3.172938873708825,-1.5175798033528125
1444,11,3.2347143803915426,-1.6356490075256553
1444,12,3.2583372557365897,-1.6315056045541
1444,13,3.0727214162084815,-1.6153712885267284
1444,14,3.2677180464761846,-1.5728443415434148
1444,15,3.1809812203587375,-1.531623642605603
1444,16,3.228789567446951,-1.6284429299436427
1444,17,3.1790408803053523,-1.619180115488427
1444,18,3.0606546606959837,-1.5834107427093094
1444,19,3.07923323827944,-1.5501261120117185
1445,0,3.116068482974894,-1.5864837444436113
1445,1,3.176382912145443,-1.7513721359040906
1445,2,3.2670816914898655,-1.6083347150057863
1445,3,3.210179540239873,-1.5828536150301291
1445,4,3.130533450354423,-1.6176404505987807
1445,5,3.055926280584663,-1.4337347706024335
1445,6,3.1358069530273376,-1.6389955927022843
1445,7,3.0987367119198757,-1.6720354818294423
1445,8,3.2279523976966336,-1.565375128734153
1445,9,3.1313199552160422,-1.664940384286425
1445,10,3.1741771330834783,-1.5184576721435998
1445,11,3.2347143803915426,-1.6356490075256553
1445,12,3.2583372557365897,-1.6315056045541
1445,13,3.0740509128785445,-1.6161431408433762
1445,14,3.268856120258299,-1.5736767168375305
1445,15,3.182209385728561,-1.532489440936564
1445,16,3.229962500730665,-1.629215266434484
1445,17,3.1802631188465704,-1.6199590143987619
1445,18,3.0619981455872103,-1.5842147463187788
1445,19,3.0805620710129635,-1.5509632986465998
1446,0,3.116068482974894,-1.5864837444436113
1446,1,3.1775965023520767,-1.7520190322440508
1446,2,3.2682180069847586,-1.6091307359898666
1446,3,3.210179540239873,-1.5828536150301291
1446,4,3.130533450354423,-1.6176404505987807
1446,5,3.057354079969304,-1.4345842258979882
1446,6,3.137071632428953,-1.6397492581678286
1446,7,3.1000342238344833,-1.6727552021635816
1446,8,3.2291306644831903,-1.5662116213805217
1446,9,3.132586151223731,-1.6656690173090585
1446,10,3.1754141589126657,-1.5193346664075404
1446,11,3.2347143803915426,-1.6356490075256553
1446,12,3.2583372557365897,-1.6315056045541
1446,13,3.0753790851014013,-1.6169142242392232
1446,14,3.269993060186316,-1.5745082628425855
1446,15,3.1834363275027986,-1.5333543766906748
1446,16,3.231134265542573,-1.6299868335265655
1446,17,3.1814841396540805,-1.6207371372809922
1446,18,3.0633402919781942,-1.5850179489076834
1446,19,3.0818876991513826,-1.5518026292355445
1447,0,3.116068482974894,-1.5864837444436113
1447,1,3.1775965023520767,-1.7520190322440508
1447,2,3.2693531904587037,-1.6099259639614139
1447,3,3.210179540239873,-1.5828536150301291
1447,4,3.130533450354423,-1.6176404505987807
1447,5,3.058776760171726,-1.4354390471957537
1447,6,3.138335051966872,-1.64050217283775
1447,7,3.1013304429879986,-1.673474205412633
1447,8,3.230307757363474,-1.5670472806299243
1447,9,3.1338510857524127,-1.6663969244130692
1447,10,3.1766480503100927,-1.5202134638701592
1447,11,3.2347143803915426,-1.6356490075256553
1447,12,3.2583372557365897,-1.6315056045541
1447,13,3.076705934206554,-1.6176845394861243
1447,14,3.271128867398313,-1.575338980390958
1447,15,3.18466204690962,-1.534218450733737
1447,16,3.2323033153824507,-1.630759977293328
1447,17,3.1827039439501252,-1.6215144849140197
1447,18,3.0646811012124253,-1.58582035128003
1447,19,3.0832120064698665,-1.5526411235382471
1448,0,3.116068482974894,-1.5864837444436113
1448,1,3.1775965023520767,-1.7520190322440508
1448,2,3.270487243048021,-1.610720399716452
1448,3,3.210179540239873,-1.5828536150301291
1448,4,3.1318570114960766,-1.6183227000271003
1448,5,3.060194403757254,-1.4362990385981096
1448,6,3.1395956284446274,-1.6412569899063145
1448,7,3.102625370677938,-1.6741924922963192
1448,8,3.2314836775157554,-1.5678821073188565
1448,9,3.135114760068287,-1.6671241063270927
1448,10,3.177880712301341,-1.521091385729761
1448,11,3.2347143803915426,-1.6356490075256553
1448,12,3.2583372557365897,-1.6315056045541
1448,13,3.078029770742008,-1.6184569923420402
1448,14,3.2722635430312357,-1.5761688703141974
1448,15,3.185886545175972,-1.53508166393069
1448,16,3.233471200434598,-1.6315323507350428
1448,17,3.18392253295573,-1.6222910580759704
1448,18,3.0660205746320552,-1.5866219542390239
1448,19,3.0845349942940476,-1.5534787823940412
1449,0,3.116068482974894,-1.5864837444436113
1449,1,3.1775965023520767,-1.7520190322440508
1449,2,3.271620165887898,-1.6115140440502123
1449,3,3.210179540239873,-1.5828536150301291
1449,4,3.133176625853025,-1.6190093727520025
1449,5,3.0616070924379075,-1.4371640106664971
1449,6,3.1408549489362945,-1.6420110549064768
1449,7,3.1039190082005246,-1.674910063533646
1449,8,3.232658426117132,-1.5687161022829808
1449,9,3.136377175436294,-1.6678505637790388
1449,10,3.1791121461203065,-1.5219684328651464
1449,11,3.2347143803915426,-1.6356490075256553
1449,12,3.2583372557365897,-1.6315056045541
1449,13,3.0793522882486166,-1.6192286755503664
1449,14,3.2733970882208943,-1.576997933443024
1449,15,3.187109823527578,-1.5359440171456105
1449,16,3.2346379218680688,-1.6323039546248568
1449,17,3.1851399078907043,-1.6230668575441947
1449,18,3.067358713577898,-1.5874227585870704
1449,19,3.0858566639482383,-1.554315606641424
1450,0,3.116068482974894,-1.5864837444436113
1450,1,3.1775965023520767,-1.7520190322440508
1450,2,3.272751960112392,-1.6123068977571333
1450,3,3.210179540239873,-1.5828536150301291
1450,4,3.134492344450253,-1.6197003251722981
1450,5,3.0630149070110098,-1.438033780196854
1450,6,3.142113014702454,-1.6427643685930569
1450,7,3.1052113568506914,-1.675626919842903
1450,8,3.2338320043435282,-1.5695492663571269
1450,9,3.1376383331201123,-1.6685762974960923
1450,10,3.1803423529996557,-1.5228446061542404
1450,11,3.2347143803915426,-1.6356490075256553
1450,12,3.2583372557365897,-1.6315056045541
1450,13,3.080673488050221,-1.6199995898835589
1450,14,3.2745295041019684,-1.5778261706073309
1450,15,3.1883318831889413,-1.536805511241715
1450,16,3.2358034808507523,-1.633074789735146
1450,17,3.186356069973641,-1.6238418840952684
1450,18,3.0686955193894323,-1.5882227651257756
1450,19,3.0871770167554313,-1.5551515971180576
1451,0,3.116068482974894,-1.5864837444436113
1451,1,3.1775965023520767,-1.7520190322440508
1451,2,3.2738810609170503,-1.6131011923086287
1451,3,3.210179540239873,-1.5828536150301291
1451,4,3.1358042179930434,-1.620395417885327
1451,5,3.064417927304828,-1.4389081700029436
1451,6,3.1433698270024317,-1.6435169317201221
1451,7,3.106502417922081,-1.6763430619416642
1451,8,3.235004413369697,-1.5703816003752928
1451,9,3.1388982343821623,-1.669301308204713
1451,10,3.181571334170827,-1.5237199064740934
1451,11,3.2347143803915426,-1.6356490075256553
1451,12,3.2583372557365897,-1.6315056045541
1451,13,3.0819933714693444,-1.6207697361133033
1451,14,3.2756607918080083,-1.5786535826361843
1451,15,3.189552725383345,-1.53766614708136
1451,16,3.2369678785493745,-1.6338448568375175
1451,17,3.186356069973641,-1.6238418840952684
1451,18,3.0700309934048016,-1.5890219746559469
1451,19,3.0884960540373005,-1.5559867546607693
1452,0,3.116068482974894,-1.5864837444436113
1452,1,3.1775965023520767,-1.7520190322440508
1452,2,3.2750090367385214,-1.6138946954622146
1452,3,3.210179540239873,-1.5828536150301291
1452,4,3.137112296824847,-1.621094515558351
1452,5,3.0658162321307074,-1.4397870087073348
1452,6,3.144625387094297,-1.6442687450409892
1452,7,3.107792192707046,-1.6770584905467882
1452,8,3.236175654369221,-1.5712131051706457
1452,9,3.140156880483606,-1.6700255966306377
1452,10,3.1827990908640316,-1.5245943347008817
1452,11,3.2347143803915426,-1.6356490075256553
1452,12,3.2583372557365897,-1.6315056045541
1452,13,3.0833119398271904,-1.621539115010517
1452,14,3.2767909524714334,-1.5794801703578245
1452,15,3.1907723513328525,-1.5385259255260428
1452,16,3.2381311161294986,-1.6346141567028087
1452,17,3.186356069973641,-1.6238418840952684
1452,18,3.071365136960817,-1.5898203879775936
1452,19,3.089813777114204,-1.5568210801055524
1453,0,3.116068482974894,-1.5864837444436113
1453,1,3.1775965023520767,-1.7520190322440508
1453,2,3.2761358887059098,-1.6146874080121887
1453,3,3.210179540239873,-1.5828536150301291
1453,4,3.138416630889005,-1.6217974868038838
1453,5,3.0672098992412056,-1.4406701305397938
1453,6,3.1458796962348674,-1.645019809308224
1453,7,3.109080682496653,-1.6777732063744202
1453,8,3.237345728514513,-1.5720437815755228
1453,9,3.14141427268435,-1.6707491634988796
1453,10,3.1840256243082554,-1.525467891709909
1453,11,3.2347143803915426,-1.6356490075256553
1453,12,3.2583372557365897,-1.6315056045541
1453,13,3.084629194443648,-1.6223077273453488
1453,14,3.277919987223536,-1.5803059345996666
1453,15,3.1919907622583112,-1.5393848474364027
1453,16,3.2392931947555264,-1.63538269010109
1453,17,3.186356069973641,-1.6238418840952684
1453,18,3.072697951392957,-1.5906180058899286
1453,19,3.091130187305184,-1.5576545742875676
1454,0,3.116068482974894,-1.5864837444436113
1454,1,3.1775965023520767,-1.7520190322440508
1454,2,3.2772616179471954,-1.6154793307520567
1454,3,3.210179540239873,-1.5828536150301291
1454,4,3.139717269694071,-1.6225042040588609
1454,5,3.0685990052937644,-1.4415573751428485
1454,6,3.1471327556797073,-1.6457701252736425
1454,7,3.110367888580681,-1.678487210139991
1454,8,3.238514636976819,-1.572873630421432
1454,9,3.1426704122430444,-1.6714720095337299
1454,10,3.1852509357312595,-1.5263405783756068
1454,11,3.2347143803915426,-1.6356490075256553
1454,12,3.2583372557365897,-1.6315056045541
1454,13,3.0859451366372896,-1.6230755738871805
1454,14,3.2790478971944808,-1.5811308761883016
1454,15,3.1932079593793516,-1.540242913672221
1454,16,3.2404541155906994,-1.6361504578016635
1454,17,3.186356069973641,-1.6238418840952684
1454,18,3.074029438035371,-1.591414829191368
1454,19,3.092445285927968,-1.5584872380411434
1455,0,3.116068482974894,-1.5864837444436113
1455,1,3.1775965023520767,-1.7520190322440508
1455,2,3.2783862255892346,-1.6162704644745343
1455,3,3.210179540239873,-1.5828536150301291
1455,4,3.1410142622824972,-1.6232145434675431
1455,5,3.0699836258194884,-1.4424485873842954
1455,6,3.1483845666831303,-1.6465196936883117
1455,7,3.111653812247625,-1.6792005025582193
1455,8,3.239682380926218,-1.5737026525390527
1455,9,3.1439253004170866,-1.6721941354587582
1455,10,3.1864750263595814,-1.527212395571535
1455,11,3.235941390345253,-1.6363132362514785
1455,12,3.2583372557365897,-1.6315056045541
1455,13,3.0872597677253752,-1.6238426554046275
1455,14,3.280174683513307,-1.5819549959494965
1455,15,3.194423943914389,-1.5411001250924232
1455,16,3.241613879797101,-1.6369174605730659
1455,17,3.186356069973641,-1.6238418840952684
1455,18,3.075359598220878,-1.5922108586795325
1455,19,3.092445285927968,-1.5584872380411434
1456,0,3.116068482974894,-1.5864837444436113
1456,1,3.1775965023520767,-1.7520190322440508
1456,2,3.2795097127577604,-1.6170608099715469
1456,3,3.210179540239873,-1.5828536150301291
1456,4,3.142307657202451,-1.623928384768058
1456,5,3.0713638351966286,-1.4433436171764153
1456,6,3.1496351304982007,-1.6472685153025504
1456,7,3.112938454784696,-1.6799130843431116
1456,8,3.240848961531622,-1.574530848758237
1456,9,3.145178938462621,-1.6729155419968134
1456,10,3.1876978974185373,-1.5280833441703838
1456,11,3.2371645761827454,-1.6369816189817996
1456,12,3.2583372557365897,-1.6315056045541
1456,13,3.0885730890238516,-1.6246089726655388
1456,14,3.2813003473079285,-1.5827782947081963
1456,15,3.195638717080625,-1.5419564825550787
1456,16,3.2427724885356564,-1.6376836991830674
1456,17,3.186356069973641,-1.6238418840952684
1456,18,3.076688433280969,-1.5930060951512486
1456,19,3.092445285927968,-1.5584872380411434
1457,0,3.116068482974894,-1.5864837444436113
1457,1,3.1775965023520767,-1.7520190322440508
1457,2,3.280632080577385,-1.617850368034231
1457,3,3.210179540239873,-1.5828536150301291
1457,4,3.1435975024825593,-1.6246456111824743
1457,5,3.072739706628401,-1.4442423193016747
1457,6,3.150884448376734,-1.6480165908659297
1457,7,3.1142218174778216,-1.6806249562079627
1457,8,3.24201437996078,-1.57535821990801
1457,9,3.14643132763454,-1.673636229870024
1457,10,3.1889195501322227,-1.5289534250439734
1457,11,3.2383839848580336,-1.6376540269473663
1457,12,3.2583372557365897,-1.6315056045541
1457,13,3.0898851018473548,-1.625374526436999
1457,14,3.282424889705136,-1.5836007732885238
1457,15,3.1968522800940486,-1.542811986917402
1457,16,3.2439299429661337,-1.638449174398674
1457,17,3.186356069973641,-1.6238418840952684
1457,18,3.0780159445458106,-1.5938005394025487
1457,19,3.092445285927968,-1.5584872380411434
1458,0,3.1174077286449373,-1.5872010747109662
1458,1,3.1775965023520767,-1.7520190322440508
1458,2,3.281753330171599,-1.6186391394529356
1458,3,3.210179540239873,-1.5828536150301291
1458,4,3.144883845609378,-1.625366109310316
1458,5,3.0741113121247845,-1.445144553244692
1458,6,3.152132521569299,-1.648763921127274
1458,7,3.1155039016116497,-1.6813361188653573
1458,8,3.243178637380276,-1.5761847668165712
1458,9,3.147682469186487,-1.6743561997997993
1458,10,3.190139985723513,-1.5298226390632557
1458,11,3.2395996630915573,-1.6383303349646865
1458,12,3.2583372557365897,-1.6315056045541
1458,13,3.091195807509211,-1.6261393174853278
1458,14,3.283548311830598,-1.5844224325137806
1458,15,3.1980628181369615,-1.5436692093472169
1458,16,3.245086244247146,-1.6392138869861268
1458,17,3.186356069973641,-1.6238418840952684
1458,18,3.079342133344242,-1.5945941922286724
1458,19,3.092445285927968,-1.5584872380411434
1459,0,3.118742907447476,-1.5879227945041068
1459,1,3.1775965023520767,-1.7520190322440508
1459,2,3.282873462662775,-1.6194271250172212
1459,3,3.210179540239873,-1.5828536150301291
1459,4,3.146166733507399,-1.6260897690254117
1459,5,3.075478722487985,-1.4460501830302523
1459,6,3.153379351325217,-1.6495105068346616
1459,7,3.1167847084695475,-1.6820465730271696
1459,8,3.2443417349555337,-1.5770104903112945
1459,9,3.148930877217547,-1.6750780306778192
1459,10,3.1913592054140647,-1.5306909870983147
1459,11,3.2408116573324643,-1.6390104213315406
1459,12,3.2595433528176576,-1.6321749873917963
1459,13,3.0925052073214374,-1.626903346576082
1459,14,3.2846706148088605,-1.5852432732064485
1459,15,3.1992721500428685,-1.544525577671123
1459,16,3.2462413935361525,-1.639977837710904
1459,17,3.186356069973641,-1.6238418840952684
1459,18,3.0806670010037793,-1.595387054424067
1459,19,3.092445285927968,-1.5584872380411434
1460,0,3.1200740747555744,-1.5886487574307733
1460,1,3.1775965023520767,-1.7520190322440508
1460,2,3.2839924791721664,-1.620214325515862
1460,3,3.210179540239873,-1.5828536150301291
1460,4,3.1474462125214204,-1.6268164833759886
1460,5,3.0768420073012552,-1.4469590770671605
1460,6,3.1546249388925673,-1.6502563487354256
1460,7,3.118064239333604,-1.6827563194045652
1460,8,3.2455036738508145,-1.5778353912187302
1460,9,3.150178041391083,-1.6757991423560694
1460,10,3.192577210424319,-1.5315584700183678
1460,11,3.242020013724063,-1.6396941677255061
1460,12,3.2607456194349567,-1.6328484505807932
1460,13,3.0938133025947447,-1.6276666144740557
1460,14,3.285790167887642,-1.586065522740683
1460,15,3.200480277022312,-1.5453810927463463
1460,16,3.2473953919894583,-1.640741027337721
1460,17,3.186356069973641,-1.6238418840952684
1460,18,3.0819887970986666,-1.5961820466298304
1460,19,3.092445285927968,-1.5584872380411434
1461,0,3.1214012854893616,-1.5893788214690818
1461,1,3.1775965023520767,-1.7520190322440508
1461,2,3.28511038081991,-1.6210007417368468
1461,3,3.210179540239873,-1.5828536150301291
1461,4,3.148722328401121,-1.627546148487913
1461,5,3.0782012349207966,-1.447871107997728
1461,6,3.1558692855181834,-1.6510014475761545
1461,7,3.119342495484631,-1.6834653587080008
1461,8,3.2466644552292205,-1.5786594703646049
1461,9,3.1514239629555076,-1.6765195355563831
1461,10,3.193794001973499,-1.532425088691766
1461,11,3.2432247780722525,-1.6403814591054273
1461,12,3.2619441027177993,-1.6335258681482983
1461,13,3.095120094638538,-1.6284291219432805
1461,14,3.285790167887642,-1.586065522740683
1461,15,3.201687200284628,-1.546235755429258
1461,16,3.248548240762217,-1.6415034566305313
1461,17,3.186356069973641,-1.6238418840952684
1461,18,3.0833092761989613,-1.5969762467312443
1461,19,3.092445285927968,-1.5584872380411434
1462,0,3.1227245940763244,-1.5901128488304084
1462,1,3.1775965023520767,-1.7520190322440508
1462,2,3.286227168725026,-1.6217863744673788
1462,3,3.210179540239873,-1.5828536150301291
1462,4,3.1499951262876733,-1.6282786634709847
1462,5,3.0795564724704785,-1.4487861525526933
1462,6,3.1571123924476576,-1.651745804102693
1462,7,3.1206194782021646,-1.6841736916472256
1462,8,3.24782240269966,-1.5794850864556635
1462,9,3.15266864315799,-1.6772392109998748
1462,10,3.1950095812796153,-1.5332908439859958
1462,11,3.2444259958167416,-1.641072183615757
1462,12,3.2631388495511335,-1.6342071176071051
1462,13,3.096425584760917,-1.6291908697470272
1462,14,3.285790167887642,-1.586065522740683
1462,15,3.2028929210379484,-1.5470895665753763
1462,16,3.2496999410084313,-1.6422651263525276
1462,17,3.186356069973641,-1.6238418840952684
1462,18,3.0846284396264645,-1.5977696555233036
1462,19,3.092445285927968,-1.5584872380411434
1463,0,3.1240440544155406,-1.5908507058266121
1463,1,3.1775965023520767,-1.7520190322440508
1463,2,3.287342844005421,-1.6225712244938775
1463,3,3.210179540239873,-1.5828536150301291
1463,4,3.151264650702261,-1.6290139303281943
1463,5,3.0809077858391363,-1.4497040914113826
1463,6,3.1583542609253414,-1.6524894190601422
1463,7,3.121895188764465,-1.6848813189312815
1463,8,3.2489791964436097,-1.5803098799401885
1463,9,3.1539120832444554,-1.6779581694069403
1463,10,3.1962239495594633,-1.5341557367676788
1463,11,3.245623712004885,-1.641766232493702
1463,12,3.2643299065392877,-1.6348920798546114
1463,13,3.0977297742686787,-1.6299518586478061
1463,14,3.285790167887642,-1.586065522740683
1463,15,3.2040974404892006,-1.547942527039367
1463,16,3.250850493880954,-1.6430260372661418
1463,17,3.186356069973641,-1.6238418840952684
1463,18,3.0859462887016598,-1.5985622738002114
1463,19,3.092445285927968,-1.5584872380411434
1464,0,3.125359719845579,-1.5915922627414794
1464,1,3.178856186717225,-1.7525673976785168
1464,2,3.2884574077778863,-1.623355292601978
1464,3,3.210179540239873,-1.5828536150301291
1464,4,3.1525309455363595,-1.6297518538678522
1464,5,3.082255239680221,-1.4506248090669214
1464,6,3.159594892194346,-1.653232293192862
1464,7,3.121895188764465,-1.6848813189312815
1464,8,3.2501348376190213,-1.581133851643799
1464,9,3.1551542844595892,-1.6786764114972577
1464,10,3.1974371080286272,-1.5350197679025734
1464,11,3.246817971267967,-1.6424634999791023
1464,12,3.2655173199727567,-1.6355806390747314
1464,13,3.099032664467318,-1.630712089407368
1464,14,3.285790167887642,-1.586065522740683
1464,15,3.2053007598441097,-1.5487946376750443
1464,16,3.2519999005314904,-1.6437861901330466
1464,17,3.186356069973641,-1.6238418840952684
1464,18,3.0872628247437155,-1.5993541023553792
1464,19,3.092445285927968,-1.5584872380411434
1465,0,3.1266716431158184,-1.5923373937062681
1465,1,3.180112585257142,-1.753119892278279
1465,2,3.2884574077778863,-1.623355292601978
1465,3,3.210179540239873,-1.5828536150301291
1465,4,3.1537940540436544,-1.6304923416185033
1465,5,3.0835988974135926,-1.451548193696316
1465,6,3.160834287496545,-1.65397442724447
1465,7,3.121895188764465,-1.6848813189312815
1465,8,3.2512893273826924,-1.5819570023912914
1465,9,3.156395248046836,-1.679393937989788
1465,10,3.1986490579014797,-1.535882938255576
1465,11,3.248008817799783,-1.643163883226973
1465,12,3.2667011357978493,-1.6362726826426384
1465,13,3.100334256661029,-1.6314715627867042
1465,14,3.285790167887642,-1.586065522740683
1465,15,3.2065028803071995,-1.5496458993353721
1465,16,3.2531481621105973,-1.6445455857141555
1465,17,3.186356069973641,-1.6238418840952684
1465,18,3.088578049070486,-1.6001451419814283
1465,19,3.092445285927968,-1.5584872380411434
1466,0,3.1279798763609397,-1.5930859765792387
1466,1,3.1813657316144353,-1.7536763949010015
1466,2,3.2884574077778863,-1.623355292601978
1466,3,3.210179540239873,-1.5828536150301291
1466,4,3.155054018833475,-1.6312353037465417
1466,5,3.084938821229262,-1.4524741370352259
1466,6,3.1620724480725744,-1.654715821957843
1466,7,3.121895188764465,-1.6848813189312815
1466,8,3.2524426668902686,-1.5827793330066406
1466,9,3.157634975248401,-1.6801107496027758
1466,10,3.1998598003911836,-1.5367452486907207
1466,11,3.249196295337365,-1.6438672822226388
1466,12,3.2678813995890112,-1.6369681010322676
1466,13,3.1016345521527073,-1.6322302795460488
1466,14,3.285790167887642,-1.586065522740683
1466,15,3.207703803081794,-1.5504963128724638
1466,16,3.254295279767686,-1.6453042247696246
1466,17,3.186356069973641,-1.6238418840952684
1466,18,3.0898919629985113,-1.60093539347019
1466,19,3.092445285927968,-1.5584872380411434
1467,0,3.129284471078382,-1.593837892829051
1467,1,3.1826156594459434,-1.7542367876401224
1467,2,3.2884574077778863,-1.623355292601978
1467,3,3.210179540239873,-1.5828536150301291
1467,4,3.1563108818656342,-1.6319806529764382
1467,5,3.086275072092905,-1.4534025342572572
1467,6,3.1633093751618335,-1.655456478075118
1467,7,3.121895188764465,-1.6848813189312815
1467,8,3.253594857296244,-1.583600844313
1467,9,3.158873467305253,-1.6808268470537504
1467,10,3.2010693367096934,-1.5376067000711813
1467,11,3.2503804471437188,-1.644573599699395
1467,12,3.2690581565236654,-1.637666787726515
1467,13,3.10293355224395,-1.632988240444878
1467,14,3.285790167887642,-1.586065522740683
1467,15,3.2089035293700174,-1.5513458791375843
1467,16,3.2554412546510214,-1.646062108058852
1467,17,3.1876285256165633,-1.6245174809569747
1467,18,3.091204567843021,-1.601724857612707
1467,19,3.092445285927968,-1.5584872380411434
1468,0,3.1305854781085403,-1.594593027421918
1468,1,3.1838624023842885,-1.7548009557352366
1468,2,3.2884574077778863,-1.623355292601978
1468,3,3.210179540239873,-1.5828536150301291
1468,4,3.157564684446569,-1.6327283045135033
1468,5,3.087607709752976,-1.4543332838576102
1468,6,3.1645450700024877,-1.6561963963376922
1468,7,3.121895188764465,-1.6848813189312815
1468,8,3.2547458997539622,-1.5844215371327037
1468,9,3.1601107254571237,-1.681542231059526
1468,10,3.2022776680677563,-1.5384672932592711
1468,11,3.251561315992436,-1.6452827410586248
1468,12,3.2702314513594026,-1.6383686391300623
1468,13,3.104231258235057,-1.633745446241911
1468,14,3.285790167887642,-1.586065522740683
1468,15,3.210102060372798,-1.5521945989811503
1468,16,3.2565860879077264,-1.6468192363404799
1468,17,3.18889707990656,-1.62519737230121
1468,18,3.0925158649179334,-1.6025135351992335
1468,19,3.092445285927968,-1.5584872380411434
1469,0,3.1318829476175183,-1.5953512687123987
1469,1,3.1851059940022717,-1.7553687874848976
1469,2,3.2884574077778863,-1.623355292601978
1469,3,3.210179540239873,-1.5828536150301291
1469,4,3.158815467226682,-1.6334781759691024
1469,5,3.088936792749271,-1.4552662875409217
1469,6,3.165779533831469,-1.6569355774862249
1469,7,3.121895188764465,-1.6848813189312815
1469,8,3.255895795415618,-1.5852414122872656
1469,9,3.1613467509425095,-1.6822569023362026
1469,10,3.203484795674913,-1.5393270291164451
1469,11,3.2527389441540664,-1.6459946142923054
1469,12,3.271401328413382,-1.6390735544847643
1469,13,3.1055276714250333,-1.6345018976951118
1469,14,3.285790167887642,-1.586065522740683
1469,15,3.2112993972898654,-1.553042473252731
1469,16,3.25772978068378,-1.6475756103723942
1469,17,3.1901617821306743,-1.625881421857891
1469,18,3.093825855535859,-1.6033014270192367
1469,19,3.092445285927968,-1.5584872380411434
1470,0,3.133176929082248,-1.5961125083377241
1470,1,3.186346467779945,-1.7559401741617862
1470,2,3.2884574077778863,-1.623355292601978
1470,3,3.210179540239873,-1.5828536150301291
1470,4,3.1600632701987914,-1.6342301872882488
1470,5,3.0902623784227945,-1.456201450113146
1470,6,3.1670127678844766,-1.6576740222606368
1470,7,3.121895188764465,-1.6848813189312815
1470,8,3.2570445454322576,-1.5860604705973818
1470,9,3.1613467509425095,-1.6822569023362026
1470,10,3.2046907207395,-1.5401859085032996
1470,11,3.2539133733841266,-1.6467091299078385
1470,12,3.2725678315437965,-1.6397814357875302
1470,13,3.10682279311159,-1.635257595561689
1470,14,3.285790167887642,-1.586065522740683
1470,15,3.212495541319756,-1.5538895028010498
1470,16,3.258870851713502,-1.648333467660011
1470,17,3.1914226812984823,-1.62656949724634
1470,18,3.0951345410080986,-1.604088533861397
1470,19,3.0938220201343944,-1.5592101425134697
1471,0,3.1344674712778096,-1.596876641115545
1471,1,3.1875838570742,-1.7565150099302
1471,2,3.2884574077778863,-1.623355292601978
1471,3,3.210179540239873,-1.5828536150301291
1471,4,3.1613081326976062,-1.6349842606794946
1471,5,3.091586643338344,-1.4571356809286007
1471,6,3.1682447733959793,-1.6584117314001119
1471,7,3.121895188764465,-1.6848813189312815
1471,8,3.2581921509537812,-1.5868787128829303
1471,9,3.1613467509425095,-1.6822569023362026
1471,10,3.2058954444686485,-1.5410439322795737
1471,11,3.2550846449126385,-1.6474262008551381
1471,12,3.2737310041332717,-1.6404921877106338
1471,13,3.1081166245911453,-1.636012540598097
1471,14,3.285790167887642,-1.586065522740683
1471,15,3.21369049365981,-1.5547356884739836
1471,16,3.2600107858348233,-1.6490905698550047
1471,17,3.192679826102031,-1.6272614698590298
1471,18,3.0964419226446487,-1.6048748565136093
1471,19,3.095194316966257,-1.5599381692706114
1472,0,3.135754622266782,-1.5976435649449976
1472,1,3.188818195090729,-1.7570931917658092
1472,2,3.2884574077778863,-1.623355292601978
1472,3,3.210179540239873,-1.5828536150301291
1472,4,3.1625500934001414,-1.635740320547051
1472,5,3.092909588821509,-1.458068980922452
1472,6,3.1694740364637197,-1.6591512301023938
1472,7,3.121895188764465,-1.6848813189312815
1472,8,3.2593386131289432,-1.5876961399629723
1472,9,3.1613467509425095,-1.6822569023362026
1472,10,3.2070971532065187,-1.541903643801487
1472,11,3.256252799435099,-1.6481457424559136
1472,12,3.274890889074074,-1.6412057175243875
1472,13,3.1094091671588258,-1.6367667335600364
1472,14,3.285790167887642,-1.586065522740683
1472,15,3.214884255506177,-1.5555810311185654
1472,16,3.261149584188819,-1.6498469177152355
1472,17,3.1939332648792877,-1.6279572147487822
1472,18,3.0977480017541987,-1.605660395762983
1472,19,3.0965622373358808,-1.5606711462025913
1473,0,3.137038429390486,-1.5984131807109803
1473,1,3.190049514858209,-1.7576746193776314
1473,2,3.2884574077778863,-1.623355292601978
1473,3,3.210179540239873,-1.5828536150301291
1473,4,3.1637891903269995,-1.6364982934250611
1473,5,3.09423121619656,-1.4590013510289344
1473,6,3.170702074746705,-1.659889992000032
1473,7,3.121895188764465,-1.6848813189312815
1473,8,3.2604839331053532,-1.5885127526557534
1473,9,3.1613467509425095,-1.6822569023362026
1473,10,3.208297664608218,-1.542762498740046
1473,11,3.257417877104776,-1.6488676723350821
1473,12,3.2760475287550106,-1.6419219350221173
1473,13,3.1106988082416054,-1.6375229342814797
1473,14,3.285790167887642,-1.586065522740683
1473,15,3.2160768280538137,-1.556425531580984
1473,16,3.262287247915428,-1.6506025119978085
1473,17,3.195183045580883,-1.6286566105193412
1473,18,3.099052779644136,-1.6064451523958438
1473,19,3.09792584182375,-1.561408906468942
1474,0,3.138318939261964,-1.599185392191543
1474,1,3.1912778492045883,-1.7582591951321718
1474,2,3.2884574077778863,-1.623355292601978
1474,3,3.2114415524021314,-1.5835624737296399
1474,4,3.165025460844449,-1.6372581079139608
1474,5,3.095551526786447,-1.4599327921813507
1474,6,3.1719288894742035,-1.660628017832528
1474,7,3.121895188764465,-1.6848813189312815
1474,8,3.2616281120294777,-1.5893285517787037
1474,9,3.1613467509425095,-1.6822569023362026
1474,10,3.20949697987546,-1.5436204979549653
1474,11,3.25857991752625,-1.649591910354252
1474,12,3.277200965049909,-1.6426407524473725
1474,13,3.111987164368714,-1.6382783815495638
1474,14,3.285790167887642,-1.586065522740683
1474,15,3.2172682124964855,-1.5572691907065852
1474,16,3.263423778153452,-1.6513573534590742
1474,17,3.1964292157399297,-1.6293595392192326
1474,18,3.1003562576205437,-1.607229127197734
1474,19,3.099285190618039,-1.562151288329958
1475,0,3.1395961977605786,-1.599960105968289
1475,1,3.1925032307353343,-1.7588468239796804
1475,2,3.2884574077778863,-1.623355292601978
1475,3,3.2126993836214144,-1.5842758399497865
1475,4,3.1662604996928807,-1.6380171654164632
1475,5,3.096870521912802,-1.460863305312075
1475,6,3.1731544818742576,-1.6613653083386462
1475,7,3.121895188764465,-1.6848813189312815
1475,8,3.262771151046641,-1.5901435381484388
1475,9,3.1613467509425095,-1.6822569023362026
1475,10,3.2106951002087603,-1.544477642305103
1475,11,3.2597389597501043,-1.6503183785472144
1475,12,3.278351239307573,-1.6433620844233106
1475,13,3.1132742368297968,-1.6390330761204925
1475,14,3.285790167887642,-1.586065522740683
1475,15,3.2184584100267704,-1.5581120093398724
1475,16,3.264559176040559,-1.6521114428546295
1475,17,3.1976718224447183,-1.6300658862388275
1475,18,3.1016584369882048,-1.608012320953413
1475,19,3.100640343459751,-1.5628981349833038
1476,0,3.1408702500280934,-1.6007372313396904
1476,1,3.1937256918135373,-1.7594374133824735
1476,2,3.2884574077778863,-1.623355292601978
1476,3,3.213953088790956,-1.5849935688348988
1476,4,3.1674943081085702,-1.6387754666923857
1476,5,3.098188202895941,-1.4617928913525513
1476,6,3.1743788531736863,-1.6621018642564152
1476,7,3.121895188764465,-1.6848813189312815
1476,8,3.2639130513010257,-1.5909577125807608
1476,9,3.1613467509425095,-1.6822569023362026
1476,10,3.2118920268074382,-1.5453339326484614
1476,11,3.2608950422686918,-1.6510470010573852
1476,12,3.2794983923431174,-1.6440858478841949
1476,13,3.1145600269132148,-1.6397870187497159
1476,14,3.285790167887642,-1.586065522740683
1476,15,3.2196474218360565,-1.558953988324508
1476,16,3.2656934427132835,-1.6528647809393189
1476,17,3.198910912314108,-1.6307755402105253
1476,18,3.102959319050602,-1.6087947344468585
1476,19,3.101991359593066,-1.563649294405843
1477,0,3.142141140466131,-1.6015166802372276
1477,1,3.1949452645417473,-1.7600308732452687
1477,2,3.2884574077778863,-1.623355292601978
1477,3,3.215202722491859,-1.585715519727038
1477,4,3.1687268873265606,-1.6395330125007885
1477,5,3.0995045710548634,-1.4627215512332965
1477,6,3.175602004598087,-1.662837686323128
1477,7,3.121895188764465,-1.6848813189312815
1477,8,3.2650538139356757,-1.5917710758906594
1477,9,3.1613467509425095,-1.6822569023362026
1477,10,3.2130877608696187,-1.546189369842188
1477,11,3.2620482030128994,-1.6517777040771395
1477,12,3.280642464430584,-1.6448119620089445
1477,13,3.1158445359060454,-1.640540210191931
1477,14,3.286972984776402,-1.5867911911290442
1477,15,3.220835249114546,-1.559795128503314
1477,16,3.266826579307028,-1.6536173684672344
1477,17,3.2001465314754274,-1.6314883929119712
1477,18,3.10425890510992,-1.6095763684612672
1477,19,3.1033382977205552,-1.564404619200548
1478,0,3.143408912734893,-1.6022983671442579
1478,1,3.196161980745444,-1.7606271158474858
1478,2,3.2884574077778863,-1.623355292601978
1478,3,3.216448338947735,-1.5864415560385672
1478,4,3.1699582385806653,-1.640289803599976
1478,5,3.1008196277072555,-1.4636492858839
1478,6,3.176823937371835,-1.6635727752753435
1478,7,3.121895188764465,-1.6848813189312815
1478,8,3.2661934400924952,-1.5925836288923116
1478,9,3.1613467509425095,-1.6822569023362026
1478,10,3.2142823035922325,-1.5470439547425763
1478,11,3.263198479349837,-1.6525104157889812
1478,12,3.281783495296761,-1.6455403481566786
1478,13,3.117127765094083,-1.6412926512010835
1478,14,3.288151849199443,-1.5875206665262818
1478,15,3.2220218930512554,-1.5606354307182724
1478,16,3.267958586956063,-1.6543692061917168
1478,17,3.2013787255447235,-1.6322043391722276
1478,18,3.1055571964670454,-1.6103572237790555
1478,19,3.104681215962916,-1.5651639664483519
1479,0,3.144673609753045,-1.6030822090175243
1479,1,3.197375871958037,-1.7612260557774595
1479,2,3.2884574077778863,-1.623355292601978
1479,3,3.217689991983356,-1.587171545128553
1479,4,3.1711883631034676,-1.6410458407474966
1479,5,3.10213337416949,-1.4645760962330252
1479,6,3.1780446527180866,-1.6643071318488865
1479,7,3.121895188764465,-1.6848813189312815
1479,8,3.2673319309122513,-1.5933953723990841
1479,9,3.1613467509425095,-1.6822569023362026
1479,10,3.215475656171018,-1.5478976882050666
1479,11,3.263198479349837,-1.6525104157889812
1479,12,3.282921524116111,-1.646270929804196
1479,13,3.1184097157618416,-1.6420443425303672
1479,14,3.2893268135241938,-1.5882538274492075
1479,15,3.2232073548340163,-1.5614748958105265
1479,16,3.2690894667935293,-1.6551202948653565
1479,17,3.202607539609202,-1.6329232767808164
1479,18,3.1068541944215693,-1.6111373011818606
1479,19,3.106020171822912,-1.5659271975648053
1480,0,3.145935273698668,-1.603868125211219
1480,1,3.198586969407301,-1.76182760986852
1480,2,3.2884574077778863,-1.623355292601978
1480,3,3.2189277349870595,-1.5879053581829063
1480,4,3.172417262126324,-1.6418011247001443
1480,5,3.1034458117566284,-1.4655019832084097
1480,6,3.1792641518587788,-1.6650407567788483
1480,7,3.123223315379489,-1.6854813317591626
1480,8,3.2684692875345744,-1.594206307223533
1480,9,3.1613467509425095,-1.6822569023362026
1480,10,3.2166678198005227,-1.548750571084247
1480,11,3.263198479349837,-1.6525104157889812
1480,12,3.284056589506742,-1.6470036324853345
1480,13,3.119690389192555,-1.642795284932226
1480,14,3.2904979296823855,-1.5889905558307929
1480,15,3.2243916356494773,-1.5623135246203814
1480,16,3.2702192199514384,-1.655870635239994
1480,17,3.2038330182117125,-1.6336451063995518
1480,18,3.1081499002717874,-1.6119166014505404
1480,19,3.1073552221532292,-1.5666941781614
1481,0,3.1471939460111904,-1.6046560374035175
1481,1,3.1997953040031577,-1.7624316971368867
1481,2,3.2884574077778863,-1.623355292601978
1481,3,3.2201616208766626,-1.588642870098167
1481,4,3.1736449368793633,-1.642555656213959
1481,5,3.104756941782422,-1.4664269477368679
1481,6,3.180482436014631,-1.6657736507995884
1481,7,3.1245477020657044,-1.6860861048842537
1481,8,3.2696055110979594,-1.5950164341774047
1481,9,3.1613467509425095,-1.6822569023362026
1481,10,3.217858795674103,-1.5496026042338542
1481,11,3.263198479349837,-1.6525104157889812
1481,12,3.285188729527342,-1.6477383837321546
1481,13,3.1209697866681783,-1.6435454791583541
1481,14,3.2916652491409626,-1.5897307369188973
1481,15,3.2255747366831042,-1.5631513179873058
1481,16,3.2713478475606745,-1.6566202280667206
1481,17,3.2050552053371346,-1.6343697314770833
1481,18,3.109444315314703,-1.6126951253651753
1481,19,3.1086864231279643,-1.5674647779114248
1482,0,3.148449667394219,-1.6054458695255003
1482,1,3.2010009063267195,-1.7630382387213344
1482,2,3.2896232003372234,-1.6240583179379482
1482,3,3.221391702068654,-1.5893839593688406
1482,4,3.1748713885914888,-1.6433094360442275
1482,5,3.106066765559313,-1.4673509907442897
1482,6,3.1816995064051476,-1.6665058146447345
1482,7,3.1258683911077902,-1.6866954910716354
1482,8,3.2707406027397674,-1.595825754071637
1482,9,3.1613467509425095,-1.6822569023362026
1482,10,3.219048584983928,-1.550453788506774
1482,11,3.263198479349837,-1.6525104157889812
1482,12,3.2863179816750074,-1.648475113017892
1482,13,3.12224790946939,-1.6442949259596966
1482,14,3.292828822875774,-1.590474259178019
1482,15,3.2267566591191827,-1.5639882767499316
1482,16,3.2724753507509954,-1.6573690740958795
1482,17,3.2062741444005445,-1.6350970581660722
1482,18,3.110737440846027,-1.6134728737050688
1482,19,3.110013830217489,-1.5682388704202164
1483,0,3.1497041377536346,-1.6062349147701964
1483,1,3.2022038066205134,-1.7636471578245758
1483,2,3.2907853771462943,-1.6247647192262453
1483,3,3.2226180304504526,-1.590128507978195
1483,4,3.17609661849038,-1.6440624649454842
1483,5,3.107375284398437,-1.4682741131556432
1483,6,3.182915364248617,-1.6672372490471832
1483,7,3.127185424795034,-1.6873093472619933
1483,8,3.271874563596226,-1.59663426771636
1483,9,3.1613467509425095,-1.6822569023362026
1483,10,3.2202371889209767,-1.5513041247550425
1483,11,3.263198479349837,-1.6525104157889812
1483,12,3.287444382883908,-1.649213751701629
1483,13,3.123524758875592,-1.6450436260864505
1483,14,3.293988701347855,-1.5912210141939895
1483,15,3.2279356705843494,-1.564826844445628
1483,16,3.2736017306510323,-1.6581171740770666
1483,17,3.207489878237029,-1.6358269952429232
1483,18,3.112029278160179,-1.6142498472487472
1483,19,3.1113374981664483,-1.569016333099677
1484,0,3.1509573583451633,-1.607023173927441
1484,1,3.203404034779813,-1.7642583796563236
1484,2,3.2919439846600724,-1.6254743898949933
1484,3,3.2226180304504526,-1.590128507978195
1484,4,3.177320627802494,-1.6448147436715117
1484,5,3.108682499609622,-1.469196315894975
1484,6,3.184130010762114,-1.667967954739101
1484,7,3.128498845367974,-1.6879275344488158
1484,8,3.273007394802432,-1.5974419759208967
1484,9,3.1613467509425095,-1.6822569023362026
1484,10,3.221424608675043,-1.5521536138298475
1484,11,3.263198479349837,-1.6525104157889812
1484,12,3.2885679695247187,-1.6499542329746302
1484,13,3.1248003361649115,-1.6457915802880652
1484,14,3.295144934482143,-1.591970896581536
1484,15,3.2291135073331474,-1.5656645766285007
1484,16,3.274726988388293,-1.6588645287591304
1484,17,3.208702449093041,-1.6365594540299968
1484,18,3.1133198285502894,-1.6150260467739623
1484,19,3.112657480974663,-1.569797047046925
1485,0,3.1522093304232803,-1.607810647786282
1485,1,3.204601620345005,-1.7648718313779783
1485,2,3.293099068900812,-1.6261872262931296
1485,3,3.2226180304504526,-1.590128507978195
1485,4,3.1785434177530645,-1.6455662729753417
1485,5,3.109988412501392,-1.4701175998854108
1485,6,3.1853434471615008,-1.6686979324519253
1485,7,3.129808694969234,-1.6885499175591008
1485,8,3.274139097492349,-1.5982488794937637
1485,9,3.1613467509425095,-1.6822569023362026
1485,10,3.222610845434736,-1.5530022565815282
1485,11,3.263198479349837,-1.6525104157889812
1485,12,3.2896887774047694,-1.6506964918082951
1485,13,3.126074642614203,-1.6465387893132437
1485,14,3.2962975716484557,-1.5927238038946343
1485,15,3.2302901705445928,-1.5665014741371206
1485,16,3.275851125089161,-1.6596111388901738
1485,17,3.209911898619181,-1.6372943483202287
1485,18,3.114607421662061,-1.6158042456662802
1485,19,3.1139738318807257,-1.570580896926952
1486,0,3.153460055241211,-1.6085973371349815
1486,1,3.205796592494922,-1.765487442048902
1486,2,3.294250675437292,-1.6269031276058419
1486,3,3.2226180304504526,-1.590128507978195
1486,4,3.1797649895661055,-1.646317053609256
1486,5,3.111293024380967,-1.4710379660491568
1486,6,3.1865556746614287,-1.6694271829163643
1486,7,3.1311150155982923,-1.6891763653374994
1486,8,3.275268068417317,-1.5990572247042747
1486,9,3.1626383285569823,-1.682862114246282
1486,10,3.223795900387479,-1.553850053859577
1486,11,3.263198479349837,-1.6525104157889812
1486,12,3.2908068417688523,-1.651440464903677
1486,13,3.127347679499049,-1.6472852539099432
1486,14,3.297446661644599,-1.593479636539578
1486,15,3.2314656613965265,-1.5673375378092231
1486,16,3.276974141878899,-1.6603570052175542
1486,17,3.2111182678643067,-1.6380315943040833
1486,18,3.1158937318583932,-1.6165816691868096
1486,19,3.1152866033480873,-1.5713677708591607
1487,0,3.1547095340509324,-1.6093832427610166
1487,1,3.2069889800410833,-1.7661051425742318
1487,2,3.295398849366143,-1.627621995772493
1487,3,3.2226180304504526,-1.590128507978195
1487,4,3.1809838049164068,-1.6470695855315396
1487,5,3.112596336554265,-1.4719574153075003
1487,6,3.1877666944753384,-1.6701557068623982
1487,7,3.1324178490699395,-1.6898067502338188
1487,8,3.276395914494861,-1.5998647645220092
1487,9,3.163926190217733,-1.6834719174432702
1487,10,3.224979774719514,-1.5546970065126395
1487,11,3.263198479349837,-1.6525104157889812
1487,12,3.2919221973006416,-1.6521860906425194
1487,13,3.12861944809376,-1.6480309748253752
1487,14,3.298592252681449,-1.5942382976906897
1487,15,3.2326399810656157,-1.5681727684817086
1487,16,3.2780960398816474,-1.6611021284878846
1487,17,3.212321597270878,-1.638771110498771
1487,18,3.1171787604268837,-1.617358318113752
1487,19,3.116595847053454,-1.572157560307661
1488,0,3.1559577681031734,-1.6101683654510794
1488,1,3.20817881142278,-1.766724865654192
1488,2,3.2965436352951167,-1.628343735406971
1488,3,3.2226180304504526,-1.590128507978195
1488,4,3.1822014058915586,-1.6478213676634097
1488,5,3.113898350325902,-1.4728759485808112
1488,6,3.1889765078154624,-1.6708835050192805
1488,7,3.1337172369761865,-1.6904409482938065
1488,8,3.277522636853956,-1.6006714997553155
1488,9,3.165210377958572,-1.6840861715321807
1488,10,3.2261624696159,-1.5555431153885164
1488,11,3.263198479349837,-1.6525104157889812
1488,12,3.293034878124674,-1.6529333090397689
1488,13,3.1298899496713775,-1.648775952806007
1488,14,3.2997343923698885,-1.5949996932085977
1488,15,3.233813130727356,-1.5690071669906438
1488,16,3.2792168202204275,-1.661846509447034
1488,17,3.2135219266714405,-1.639512817679661
1488,18,3.118462508653847,-1.6181341932245341
1488,19,3.117901613877314,-1.572950159975203
1489,0,3.157204758647418,-1.6109527059910786
1489,1,3.209366114702945,-1.7673465457348603
1489,2,3.2976850773281865,-1.6290682537204009
1489,3,3.2226180304504526,-1.590128507978195
1489,4,3.1834177937103805,-1.6485724007574007
1489,5,3.1151990669991956,-1.473793566788542
1489,6,3.1901851158928243,-1.671610578115538
1489,7,3.1350132206514165,-1.6910788390531417
1489,8,3.2786482366224523,-1.6014774312117364
1489,9,3.166490933790698,-1.6847047400408424
1489,10,3.2273439862605153,-1.5563883813341635
1489,11,3.263198479349837,-1.6525104157889812
1489,12,3.294144917808849,-1.6536820616975114
1489,13,3.1311591855036753,-1.6495201885975626
1489,14,3.300873127709466,-1.5957637315610094
1489,15,3.2349851115560715,-1.5698407341712624
1489,16,3.280336484017141,-1.6625901488401287
1489,17,3.21471929528617,-1.6402566388138204
1489,18,3.119744977824317,-1.6189092952958073
1489,19,3.119203953896436,-1.5737454677006313
1490,0,3.1584505069319047,-1.61173626516614
1490,1,3.2105509175647655,-1.767970118960348
1490,2,3.298823219052346,-1.6297954604461506
1490,3,3.2226180304504526,-1.590128507978195
1490,4,3.1846329695904783,-1.6493226855652976
1490,5,3.1151990669991956,-1.473793566788542
1490,6,3.1913925199172426,-1.6723369268789712
1490,7,3.136305841140565,-1.6917203054345515
1490,8,3.279772714927076,-1.60228255969801
1490,9,3.166490933790698,-1.6847047400408424
1490,10,3.22852432583606,-1.5572328051956927
1490,11,3.263198479349837,-1.6525104157889812
1490,12,3.2952523493674066,-1.654432291760295
1490,13,3.1324271568611595,-1.6502636829450226
1490,14,3.302008505078663,-1.596530323745907
1490,15,3.2361559247249154,-1.570673470857966
1490,16,3.2814550323925733,-1.6633330474115522
1490,17,3.215913741721394,-1.6410024989956178
1490,18,3.121026169222046,-1.6196836251034497
1490,19,3.1205029163781783,-1.5745433843597445
1491,0,3.1596950142036286,-1.6125190437606067
1491,1,3.211733247308974,-1.768595523126356
1491,2,3.2999581035260057,-1.630525267767073
1491,3,3.2226180304504526,-1.590128507978195
1491,4,3.185846934748244,-1.6500722228381361
1491,5,3.1151990669991956,-1.473793566788542
1491,6,3.1925987210973297,-1.6730625520366562
1491,7,3.137595139170141,-1.6923652336479775
1491,8,3.2808960728934315,-1.6030868860200707
1491,9,3.166490933790698,-1.6847047400408424
1491,10,3.22852432583606,-1.5572328051956927
1491,11,3.263198479349837,-1.6525104157889812
1491,12,3.2963572052643393,-1.6551839438717935
1491,13,3.1336938650130706,-1.6510064365926254
1491,14,3.303140570226662,-1.5972993832170974
1491,15,3.2373255714058735,-1.5715053778843249
1491,16,3.282572466466392,-1.6640752059049468
1491,17,3.217105303969023,-1.6417503253843222
1491,18,3.1223060841295074,-1.620457183422566
1491,19,3.1217985497764826,-1.5753438137694495
1492,0,3.160938281708343,-1.6133010425580412
1492,1,3.211733247308974,-1.768595523126356
1492,2,3.3010897732688753,-1.6312575902449176
1492,3,3.2226180304504526,-1.590128507978195
1492,4,3.1870596903988577,-1.650821013326204
1492,5,3.1151990669991956,-1.473793566788542
1492,6,3.193803720640494,-1.6737874543149442
1492,7,3.1388811551219034,-1.6930135130937132
1492,8,3.2820183116460013,-1.6038904109830499
1492,9,3.166490933790698,-1.6847047400408424
1492,10,3.22852432583606,-1.5572328051956927
1492,11,3.263198479349837,-1.6525104157889812
1492,12,3.2974595174172077,-1.655936964132769
1492,13,3.134959311227385,-1.6517484502838684
1492,14,3.304269368266504,-1.598070825812047
1492,15,3.238494052769763,-1.5723364560830788
1492,16,3.2836887873571494,-1.664816625063214
1492,17,3.218294019406812,-1.6425000471436395
1492,18,3.123584723827898,-1.6212299710274891
1492,19,3.123090901729399,-1.5761466625951006
1493,0,3.162178667177289,-1.6140848692166412
1493,1,3.211733247308974,-1.768595523126356
1493,2,3.302218270253238,-1.631992344751854
1493,3,3.2226180304504526,-1.590128507978195
1493,4,3.188271237756289,-1.6515690577790412
1493,5,3.1151990669991956,-1.473793566788542
1493,6,3.195007519752941,-1.6745116344394635
1493,7,3.1401639290090224,-1.6936650362684342
1493,8,3.283139432308147,-1.6046931353912768
1493,9,3.166490933790698,-1.6847047400408424
1493,10,3.22852432583606,-1.5572328051956927
1493,11,3.263198479349837,-1.6525104157889812
1493,12,3.2985607313263667,-1.6566892341527513
1493,13,3.1362234967708154,-1.652489724761508
1493,14,3.3053949436695502,-1.5988445696819324
1493,15,3.239661369986235,-1.5731667062861379
1493,16,3.2848025756405734,-1.6655594400355862
1493,17,3.2194799247993973,-1.6432515953831242
1493,18,3.1248620895971375,-1.62200198869178
1493,19,3.1243800190580346,-1.57695184026092
1494,0,3.1634178167792366,-1.614867914903903
1494,1,3.211733247308974,-1.768595523126356
1494,2,3.3033436358965185,-1.6327294504040466
1494,3,3.2226180304504526,-1.590128507978195
1494,4,3.1894815780332983,-1.6523163569454409
1494,5,3.1151990669991956,-1.473793566788542
1494,6,3.1962101196396757,-1.6752350931351188
1494,7,3.1414435004545633,-1.6943196986740474
1494,8,3.284259436002112,-1.6054950600482796
1494,9,3.166490933790698,-1.6847047400408424
1494,10,3.22852432583606,-1.5572328051956927
1494,11,3.263198479349837,-1.6525104157889812
1494,12,3.299660848094133,-1.6574407546847632
1494,13,3.137486422908813,-1.6532302607675606
1494,14,3.3065173402611414,-1.599620535223844
1494,15,3.240827524223775,-1.5739961293245832
1494,16,3.285915254205507,-1.666301514907239
1494,17,3.2206630563000402,-1.6440049031014061
1494,18,3.12613818271587,-1.622773237188229
1494,19,3.1256659477667985,-1.5777592588633937
1495,0,3.1646557317545763,-1.615650180403656
1495,1,3.211733247308974,-1.768595523126356
1495,2,3.304465911055063,-1.63346882849722
1495,3,3.2226180304504526,-1.590128507978195
1495,4,3.1906907124414374,-1.65306291157345
1495,5,3.1151990669991956,-1.473793566788542
1495,6,3.197411521504501,-1.675957831126093
1495,7,3.1427199086721433,-1.6949773987292784
1495,8,3.28537832384902,-1.6062961857567855
1495,9,3.166490933790698,-1.6847047400408424
1495,10,3.22852432583606,-1.5572328051956927
1495,11,3.263198479349837,-1.6525104157889812
1495,12,3.300759868821724,-1.6581915264810776
1495,13,3.1387480909055676,-1.6539700590433035
1495,14,3.307636601217383,-1.600398645015075
1495,15,3.2419925166497046,-1.5748247260286683
1495,16,3.2870268241657423,-1.6670428504209902
1495,17,3.2218434494530244,-1.6447599051311785
1495,18,3.12613818271587,-1.622773237188229
1495,19,3.126948733044842,-1.5785688330875478
1496,0,3.1658924133424624,-1.616431666498949
1496,1,3.211733247308974,-1.768595523126356
1496,2,3.305585136019041,-1.6342104024441615
1496,3,3.2226180304504526,-1.590128507978195
1496,4,3.1918986421910507,-1.653808722410371
1496,5,3.1151990669991956,-1.473793566788542
1496,6,3.198610277004858,-1.6766822532461771
1496,7,3.1439931924486135,-1.6956380376839257
1496,8,3.2864960969688806,-1.607096513318722
1496,9,3.166490933790698,-1.6847047400408424
1496,10,3.22852432583606,-1.5572328051956927
1496,11,3.264396222735703,-1.6531598115553845
1496,12,3.301857794609261,-1.6589415502932179
1496,13,3.1400085020240103,-1.6547091203292754
1496,14,3.308752769062966,-1.6011788237494353
1496,15,3.2431563484301824,-1.5756524972278192
1496,16,3.288137286633962,-1.6677834473189173
1496,17,3.2230211391966495,-1.6455165380858874
1496,18,3.12613818271587,-1.622773237188229
1496,19,3.1282284192685896,-1.5793804801260016
1497,0,3.167127862780814,-1.6172123739720505
1497,1,3.211733247308974,-1.768595523126356
1497,2,3.3067013505084,-1.6349540977140984
1497,3,3.2226180304504526,-1.590128507978195
1497,4,3.193105368491277,-1.654553790202761
1497,5,3.1151990669991956,-1.473793566788542
1497,6,3.1998078381237556,-1.677405953587426
1497,7,3.1452633901286364,-1.696301519535707
1497,8,3.287612756480584,-1.607896043535218
1497,9,3.166490933790698,-1.6847047400408424
1497,10,3.22852432583606,-1.5572328051956927
1497,11,3.265590252442047,-1.653813220137554
1497,12,3.3029546265557688,-1.6596908268719586
1497,13,3.141267657525814,-1.6554474453652774
1497,14,3.3098658856699483,-1.6019609981755276
1497,15,3.2443190207302055,-1.5764794437506355
1497,16,3.289246642721741,-1.6685233063423583
1497,17,3.224197655629883,-1.6462724172212535
1497,18,3.12613818271587,-1.622773237188229
1497,19,3.1295050500052635,-1.5801941196007112
1498,0,3.1683620813063174,-1.617992303604449
1498,1,3.211733247308974,-1.768595523126356
1498,2,3.30781459366979,-1.635699841773902
1498,3,3.2226180304504526,-1.590128507978195
1498,4,3.1943108925500514,-1.6552981156964335
1498,5,3.1151990669991956,-1.473793566788542
1498,6,3.2010042060599537,-1.678128932874264
1498,7,3.146530539601028,-1.696967750949622
1498,8,3.288728303501909,-1.608694777206604
1498,9,3.166490933790698,-1.6847047400408424
1498,10,3.22852432583606,-1.5572328051956927
1498,11,3.266780612772165,-1.6544705195073934
1498,12,3.304050365759177,-1.6604393569673261
1498,13,3.1425240174119855,-1.656187657116064
1498,14,3.3109759922574318,-1.6027450970369246
1498,15,3.2454805347136095,-1.5773055664248918
1498,16,3.290354893539545,-1.6692624282319133
1498,17,3.2253729999304186,-1.6470275432939128
1498,18,3.12613818271587,-1.622773237188229
1498,19,3.1307804088643616,-1.5810069484652944
1499,0,3.1695950701544264,-1.6187714561768551
1499,1,3.211733247308974,-1.768595523126356
1499,2,3.3089249040743964,-1.636447564031058
1499,3,3.2226180304504526,-1.590128507978195
1499,4,3.195515215574104,-1.656041699636459
1499,5,3.1151990669991956,-1.473793566788542
1499,6,3.2021993820110177,-1.6788511918303943
1499,7,3.147794678286748,-1.6976366411797634
1499,8,3.289842739149518,-1.6094927151324132
1499,9,3.166490933790698,-1.6847047400408424
1499,10,3.22852432583606,-1.5572328051956927
1499,11,3.267967347829198,-1.6551315909650801
1499,12,3.3051450133163214,-1.6611871413286001
1499,13,3.1437791255102634,-1.6569271313487888
1499,14,3.3120831293920574,-1.6035310510141907
1499,15,3.246640891543071,-1.5781308660775375
1499,16,3.2914620401967336,-1.6700008137274436
1499,17,3.2265471732747777,-1.647781917059747
1499,18,3.12613818271587,-1.622773237188229
1499,19,3.1320544971225193,-1.581818967533394
1500,0,3.170826830559364,-1.6195498324692013
1500,1,3.211733247308974,-1.768595523126356
1500,2,3.3100323197166146,-1.6371971957783564
1500,3,3.2226180304504526,-1.590128507978195
1500,4,3.196718338768963,-1.656784542767166
1500,5,3.1151990669991956,-1.473793566788542
1500,6,3.2033933671733203,-1.679572731178799
1500,7,3.1490558431284223,-1.6983081019935033
1500,8,3.290956064538963,-1.610289858111382
1500,9,3.166490933790698,-1.6847047400408424
1500,10,3.22852432583606,-1.5572328051956927
1500,11,3.2691505014810036,-1.6557963190441327
1500,12,3.3062385703229458,-1.6619341807043133
1500,13,3.145032983077012,-1.6576658688036658
1500,14,3.313187336989264,-1.604318792668691
1500,15,3.247800092380109,-1.5789553435346984
1500,16,3.2925680838015627,-1.670738463568074
1500,17,3.2277201768383086,-1.648535539273885
1500,18,3.12613818271587,-1.622773237188229
1500,19,3.1333273160551003,-1.5826301776178415
1501,0,3.1720573637541234,-1.6203274332606428
1501,1,3.211733247308974,-1.768595523126356
1501,2,3.3111368780135018,-1.637948670140243
1501,3,3.2226180304504526,-1.590128507978195
1501,4,3.1979202633389563,-1.657526645832141
1501,5,3.1151990669991956,-1.473793566788542
1501,6,3.2033933671733203,-1.679572731178799
1501,7,3.1503140705813006,-1.698982047597986
1501,8,3.2920682807846835,-1.6110862069414515
1501,9,3.166490933790698,-1.6847047400408424
1501,10,3.22852432583606,-1.5572328051956927
1501,11,3.2703301173278927,-1.6564645914191531
1501,12,3.3073310378737015,-1.6626804758422529
1501,13,3.1462855913673438,-1.6584038702201722
1501,14,3.3142886543152486,-1.605108256388131
1501,15,3.2489581383850843,-1.5797789996216771
1501,16,3.2936730254611826,-1.6714753784921925
1501,17,3.228892011795189,-1.6492884106907033
1501,18,3.12613818271587,-1.622773237188229
1501,19,3.1345988669361975,-1.5834405795306592
1502,0,3.1732866709704703,-1.6211042593295588
1502,1,3.211733247308974,-1.768595523126356
1502,2,3.3122386158049517,-1.6387019220207901
1502,3,3.2226180304504526,-1.590128507978195
1502,4,3.1991209904872115,-1.65826800957423
1502,5,3.1151990669991956,-1.473793566788542
1502,6,3.2033933671733203,-1.679572731178799
1502,7,3.151569396605538,-1.6996583945688606
1502,8,3.293179389000009,-1.6118817624197677
1502,9,3.166490933790698,-1.6847047400408424
1502,10,3.22852432583606,-1.5572328051956927
1502,11,3.2715062386730565,-1.6571362988161815
1502,12,3.3084224170621495,-1.6634260274894608
1502,13,3.147536951635121,-1.659141136337048
1502,14,3.3153871199895693,-1.6058993783337732
1502,15,3.2501150307172018,-1.5806018351629543
1502,16,3.2947768662816412,-1.672211559237452
1502,17,3.2300626793184266,-1.6500405320638272
1502,18,3.12613818271587,-1.622773237188229
1502,19,3.1358691510386345,-1.5842501740830601
1503,0,3.1745147534389417,-1.6218803114535532
1503,1,3.211733247308974,-1.768595523126356
1503,2,3.313337569354539,-1.6394568880532308
1503,3,3.2226180304504526,-1.590128507978195
1503,4,3.200320521415658,-1.6590086347355386
1503,5,3.1151990669991956,-1.473793566788542
1503,6,3.2033933671733203,-1.679572731178799
1503,7,3.1528218566597177,-1.700337061781186
1503,8,3.29428939029716,-1.6126765253426822
1503,9,3.166490933790698,-1.6847047400408424
1503,10,3.22852432583606,-1.5572328051956927
1503,11,3.272678908495521,-1.6578113349256023
1503,12,3.309512708980762,-1.6641708363922352
1503,13,3.148787065132957,-1.6598776678922975
1503,14,3.3164827719883445,-1.60669209638928
1503,15,3.251270770534512,-1.5814238509821892
1503,16,3.295879607367884,-1.6729470065407699
1503,17,3.231232180579861,-1.6507919041461308
1503,18,3.12613818271587,-1.622773237188229
1503,19,3.137138169633967,-1.5850589620854492
1504,0,3.1757416123888498,-1.6226555904094548
1504,1,3.211733247308974,-1.768595523126356
1504,2,3.3144337743509777,-1.6402135065510135
1504,3,3.2226180304504526,-1.590128507978195
1504,4,3.2015188573250266,-1.6597485220574337
1504,5,3.1151990669991956,-1.473793566788542
1504,6,3.2033933671733203,-1.679572731178799
1504,7,3.1540714856955216,-1.7010179703424442
1504,8,3.295398285787249,-1.6134704965057538
1504,9,3.166490933790698,-1.6847047400408424
1504,10,3.22852432583606,-1.5572328051956927
1504,11,3.2738481694254764,-1.6584895963175448
1504,12,3.3106019147209214,-1.6649149032961306
1504,13,3.1500359331122154,-1.6606134656231892
1504,14,3.3175756476479967,-1.6074863501111283
1504,15,3.2524253589939116,-1.5822450479022203
1504,16,3.2969812498237565,-1.6736817211383297
1504,17,3.2324005167501646,-1.6515425276897382
1504,18,3.12613818271587,-1.622773237188229
1504,19,3.138405923992484,-1.585866944347424
1505,0,3.1769672490482814,-1.6234300969733186
1505,1,3.211733247308974,-1.768595523126356
1505,2,3.315527265910155,-1.6409717174603287
1505,3,3.2226180304504526,-1.590128507978195
1505,4,3.2027159994148535,-1.660487672280543
1505,5,3.116559120328303,-1.4746176395355541
1505,6,3.2033933671733203,-1.679572731178799
1505,7,3.15531831815347,-1.701701043527598
1505,8,3.2965060765802816,-1.6142636767037482
1505,9,3.166490933790698,-1.6847047400408424
1505,10,3.22852432583606,-1.5572328051956927
1505,11,3.2750140637218297,-1.6591709823597138
1505,12,3.311690035372924,-1.6656582289459585
1505,13,3.1512835568230155,-1.6613485302662576
1505,14,3.3186657836694913,-1.6082820806805507
1505,15,3.2535787972511447,-1.5830654267450668
1505,16,3.298081794752003,-1.6744157037655816
1505,17,3.2335676889988423,-1.6522924034460245
1505,18,3.12613818271587,-1.622773237188229
1505,19,3.138405923992484,-1.585866944347424
1506,0,3.1781916646440997,-1.6242038319204264
1506,1,3.211733247308974,-1.768595523126356
1506,2,3.3166180785776826,-1.6417314623140635
1506,3,3.2226180304504526,-1.590128507978195
1506,4,3.203911948883479,-1.6612260861447568
1506,5,3.117914461008841,-1.4754464334745334
1506,6,3.2033933671733203,-1.679572731178799
1506,7,3.15656238795965,-1.7023862067161324
1506,8,3.297612763785157,-1.6150560667306395
1506,9,3.166490933790698,-1.6847047400408424
1506,10,3.22852432583606,-1.5572328051956927
1506,11,3.2761766332518474,-1.6598553951375938
1506,12,3.3127770720259804,-1.6664008140857887
1506,13,3.1525299375142293,-1.662082862557303
1506,14,3.3197532161230354,-1.6090792308569513
1506,15,3.2547310864608043,-1.5838849883319286
1506,16,3.2991812432542704,-1.6751489551572427
1506,17,3.234733698494235,-1.6530415321656158
1506,18,3.12613818271587,-1.622773237188229
1506,19,3.138405923992484,-1.585866944347424
1507,0,3.1794148604019465,-1.6249767960252877
1507,1,3.211733247308974,-1.768595523126356
1507,2,3.317706246331936,-1.6424926841871401
1507,3,3.2226180304504526,-1.590128507978195
1507,4,3.2051067069280497,-1.6619637643892278
1507,5,3.1192651620587664,-1.4762797809640253
1507,6,3.2033933671733203,-1.679572731178799
1507,7,3.157803728523361,-1.7030733873310167
1507,8,3.2987183485096705,-1.615847667379611
1507,9,3.166490933790698,-1.6847047400408424
1507,10,3.229761467099359,-1.5579888079331328
1507,11,3.2773359194727556,-1.6605427393769643
1507,12,3.3138630257682147,-1.6671426594589496
1507,13,3.153775076433485,-1.6628164632313929
1507,14,3.320837980453189,-1.6098777449327513
1507,15,3.2558805704275144,-1.5847060587072943
1507,16,3.300279596431108,-1.6758814760472984
1507,17,3.2358985464035195,-1.6537899145983908
1507,18,3.12613818271587,-1.622773237188229
1507,19,3.138405923992484,-1.585866944347424
1508,0,3.1806368375462415,-1.6257489900616402
1508,1,3.211733247308974,-1.768595523126356
1508,2,3.3187918025875356,-1.6432553276531952
1508,3,3.2226180304504526,-1.590128507978195
1508,4,3.2063002747445193,-1.6627007077523728
1508,5,3.1206112957047445,-1.4771175196714
1508,6,3.2033933671733203,-1.679572731178799
1508,7,3.159042372735613,-1.7037625147795334
1508,8,3.299822831860513,-1.6166384794430557
1508,9,3.166490933790698,-1.6847047400408424
1508,10,3.230994521044811,-1.5587487341682789
1508,11,3.278491963415177,-1.6612329223686677
1508,12,3.3149478976866678,-1.6678837658080292
1508,13,3.155018974827168,-1.6635493330228621
1508,14,3.3219201114843546,-1.6106775686896189
1508,15,3.2570289091026936,-1.5855263110069193
1508,16,3.301376855381968,-1.676613267169003
1508,17,3.2370622338927095,-1.654537551493481
1508,18,3.12613818271587,-1.622773237188229
1508,19,3.138405923992484,-1.585866944347424
1509,0,3.1818575973001852,-1.626520414802451
1509,1,3.211733247308974,-1.768595523126356
1509,2,3.3198747801992328,-1.6440193387425595
1509,3,3.2226180304504526,-1.590128507978195
1509,4,3.2074926535276505,-1.6634369169718728
1509,5,3.121952933337985,-1.4779594923952537
1509,6,3.2033933671733203,-1.679572731178799
1509,7,3.160278352968405,-1.7044535203959117
1509,8,3.300924678266973,-1.6174306455053986
1509,9,3.166490933790698,-1.6847047400408424
1509,10,3.2322235446919656,-1.5595124539224678
1509,11,3.279644805668281,-1.6619258538955717
1509,12,3.316030297059947,-1.6686261671781393
1509,13,3.1562616339404217,-1.6642814726653141
1509,14,3.323001164415982,-1.6114765956024832
1509,15,3.2581761036358294,-1.586345746051877
1509,16,3.302473021205208,-1.67734432925488
1509,17,3.238224762126657,-1.6552844435992717
1509,18,3.12613818271587,-1.622773237188229
1509,19,3.138405923992484,-1.585866944347424
1510,0,3.1830771408857594,-1.627291071019917
1510,1,3.2129524917052774,-1.7691422553652514
1510,2,3.3198747801992328,-1.6440193387425595
1510,3,3.2226180304504526,-1.590128507978195
1510,4,3.2086838444710155,-1.6641723927846739
1510,5,3.1232901454751802,-1.4788055468938488
1510,6,3.2033933671733203,-1.679572731178799
1510,7,3.161511701074735,-1.7051463373857123
1510,8,3.302025426855619,-1.6182220222980122
1510,9,3.166490933790698,-1.6847047400408424
1510,10,3.2334485945022107,-1.5602798410037861
1510,11,3.2807944863665526,-1.6626214461616664
1510,12,3.3171116179911837,-1.6693678288611526
1510,13,3.1575030550171492,-1.6650128828916213
1510,14,3.3240811403302057,-1.6122748264711708
1510,15,3.259322155175265,-1.5871643646624227
1510,16,3.3035680949980906,-1.6780746630367234
1510,17,3.239384655713919,-1.6560328849179384
1510,18,3.12613818271587,-1.622773237188229
1510,19,3.138405923992484,-1.585866944347424
1511,0,3.1842954695237284,-1.628060959485466
1511,1,3.214168640874923,-1.7696926455685174
1511,2,3.3198747801992328,-1.6440193387425595
1511,3,3.2226180304504526,-1.590128507978195
1511,4,3.2098723759481653,-1.6649095160019571
1511,5,3.1246230017241747,-1.4796555357194094
1511,6,3.2033933671733203,-1.679572731178799
1511,7,3.1627438203371203,-1.7058384640886763
1511,8,3.303125078728301,-1.6190126106130653
1511,9,3.166490933790698,-1.6847047400408424
1511,10,3.234669726349362,-1.561050772890529
1511,11,3.2819410451780544,-1.6633196137232404
1511,12,3.3181918615627817,-1.6701087515994735
1511,13,3.1587432393000143,-1.6657435644339262
1511,14,3.3251600403080834,-1.6130722620947116
1511,15,3.2604670648681995,-1.5879821676579944
1511,16,3.3046620778567863,-1.6788042692455978
1511,17,3.2405433936449968,-1.6567805805295437
1511,18,3.127465606265303,-1.6234490750304063
1511,19,3.138405923992484,-1.585866944347424
1512,0,3.1855125844336403,-1.628830080969757
1512,1,3.2153817264064055,-1.7702465877561604
1512,2,3.3198747801992328,-1.6440193387425595
1512,3,3.2226180304504526,-1.590128507978195
1512,4,3.2110597232308273,-1.6656459047858094
1512,5,3.125951570754009,-1.4805093160580944
1512,6,3.2033933671733203,-1.679572731178799
1512,7,3.1639747119889132,-1.7065299011976232
1512,8,3.304223634985772,-1.6198024112419378
1512,9,3.166490933790698,-1.6847047400408424
1512,10,3.235886995493351,-1.5618251306182989
1512,11,3.2830845212941093,-1.6640202734220777
1512,12,3.319271028856065,-1.670848936134766
1512,13,3.159982188030443,-1.6664735180236416
1512,14,3.3262378654295945,-1.6138689032713394
1512,15,3.2616108338606877,-1.5887991558572137
1512,16,3.305754970876373,-1.6795331486118399
1512,17,3.241700977079788,-1.6575275311825317
1512,18,3.1287890949732473,-1.6241293750613655
1512,19,3.138405923992484,-1.585866944347424
1513,0,3.1867284868338284,-1.629598436242681
1513,1,3.2165917798201975,-1.7708039787089758
1513,2,3.3198747801992328,-1.6440193387425595
1513,3,3.2226180304504526,-1.590128507978195
1513,4,3.2122458875075375,-1.6663815598733565
1513,5,3.127275920269017,-1.4813667495754663
1513,6,3.2033933671733203,-1.679572731178799
1513,7,3.1652043772622376,-1.707220649404682
1513,8,3.3053210967276874,-1.6205914249752207
1513,9,3.166490933790698,-1.6847047400408424
1513,10,3.2371004565568087,-1.5626027986706463
1513,11,3.2842249534202903,-1.6647233443206202
1513,12,3.320349120951282,-1.6715883832079559
1513,13,3.161219902448624,-1.6672027443914519
1513,14,3.327314616773643,-1.6146647507984928
1513,15,3.2627534632976443,-1.5896153300778866
1513,16,3.306846775150837,-1.6802613018650585
1513,17,3.242857407177035,-1.6582737376246008
1513,18,3.130108699284825,-1.6248139928020435
1513,19,3.138405923992484,-1.585866944347424
1514,0,3.187943177941412,-1.6303660260733628
1514,1,3.21779883254025,-1.7713647178936638
1514,2,3.3198747801992328,-1.6440193387425595
1514,3,3.2226180304504526,-1.590128507978195
1514,4,3.2134308699656473,-1.6671164820009898
1514,5,3.1285961169866634,-1.4822277022672854
1514,6,3.2033933671733203,-1.679572731178799
1514,7,3.1664328173879897,-1.7079107094012924
1514,8,3.306417465052608,-1.6213796526027175
1514,9,3.166490933790698,-1.6847047400408424
1514,10,3.2383101635043396,-1.563383664873151
1514,11,3.2853623797686446,-1.6654287476390426
1514,12,3.321426138927604,-1.6723270935592303
1514,13,3.16245638379351,-1.6679312442673133
1514,14,3.3283902954180586,-1.615459805472816
1514,15,3.2638949543228417,-1.5904306911370043
1514,16,3.307937491773076,-1.680988729734136
1514,17,3.244012685094326,-1.6590192006027045
1514,18,3.1314244693500046,-1.6255027879938855
1514,19,3.138405923992484,-1.585866944347424
1515,0,3.189156658972298,-1.6311328512301604
1515,1,3.219002915867642,-1.7719287073899537
1515,2,3.3198747801992328,-1.6440193387425595
1515,3,3.2226180304504526,-1.590128507978195
1515,4,3.2146146717913253,-1.6678506719043673
1515,5,3.1299122266188446,-1.4830920443154534
1515,6,3.2033933671733203,-1.679572731178799
1515,7,3.1676600335958387,-1.7086000818782052
1515,8,3.3075127410579994,-1.622167094913445
1515,9,3.166490933790698,-1.6847047400408424
1515,10,3.2395161696243084,-1.5641676202908454
1515,11,3.2864968380510633,-1.6661364066941828
1515,12,3.3225020838631263,-1.673065067928039
1515,13,3.1636916333028204,-1.6686590183804548
1515,14,3.329464902439596,-1.6162540680901596
1515,15,3.265035308078914,-1.591245239850744
1515,16,3.309025758621261,-1.6817174728292574
1515,17,3.2451668119880943,-1.6597639208630517
1515,18,3.1327364549803214,-1.6261956244697742
1515,19,3.138405923992484,-1.585866944347424
1516,0,3.1903689311411827,-1.6318989124806667
1516,1,3.220204060956253,-1.7724958518196887
1516,2,3.3198747801992328,-1.6440193387425595
1516,3,3.2226180304504526,-1.590128507978195
1516,4,3.2157972941695583,-1.6685841303184137
1516,5,3.131224313856376,-1.4839596499489414
1516,6,3.2033933671733203,-1.679572731178799
1516,7,3.16888602711423,-1.709288767525483
1516,8,3.308606925840234,-1.6229537526956335
1516,9,3.166490933790698,-1.6847047400408424
1516,10,3.240718527512962,-1.5649545591288854
1516,11,3.2876283654737226,-1.666846246840278
1516,12,3.323576956834871,-1.673802307053095
1516,13,3.1649256522130416,-1.6693860674593792
1516,14,3.3305384389139383,-1.6170475394455812
1516,15,3.2661745257073567,-1.5920589770344697
1516,16,3.310112941181599,-1.682445489845768
1516,17,3.2463197890136226,-1.6605078991511082
1516,18,3.1340447056095075,-1.6268923700289006
1516,19,3.138405923992484,-1.585866944347424
1517,0,3.1915784242970764,-1.632666691600666
1517,1,3.2214022987903363,-1.773066058277832
1517,2,3.3198747801992328,-1.6440193387425595
1517,3,3.2226180304504526,-1.590128507978195
1517,4,3.2169787382841526,-1.6693168579773214
1517,5,3.1325324423564247,-1.4848303973095354
1517,6,3.2033933671733203,-1.679572731178799
1517,7,3.170110799170384,-1.7099767670325008
1517,8,3.3097000204945917,-1.6237396267367283
1517,9,3.166490933790698,-1.6847047400408424
1517,10,3.2419172890607246,-1.56574437863637
1517,11,3.288756998732523,-1.6675581954114533
1517,12,3.3246507589187875,-1.6745388116723754
1517,13,3.166158441759427,-1.6701123922318633
1517,14,3.331610905915696,-1.6178402203333464
1517,15,3.2673126083485275,-1.5928719035027332
1517,16,3.311199040542361,-1.6831727815124131
1517,17,3.247471617325042,-1.661251136211597
1517,18,3.135349270257777,-1.6275928963154733
1517,19,3.138405923992484,-1.585866944347424
1518,0,3.192786712367959,-1.63343370573981
1518,1,3.2225976601638893,-1.773639236265348
1518,2,3.3198747801992328,-1.6440193387425595
1518,3,3.2226180304504526,-1.590128507978195
1518,4,3.218159005317735,-1.6700488556145519
1518,5,3.13383667473265,-1.4857041683222392
1518,6,3.2046338356481976,-1.68020801172422
1518,7,3.1713343509902985,-1.7106640810879465
1518,8,3.3107920261152612,-1.6245247178233904
1518,9,3.166490933790698,-1.6847047400408424
1518,10,3.243112505440513,-1.5665369790132182
1518,11,3.289882774009458,-1.6682721816659132
1518,12,3.3257234911897524,-1.6752745825231221
1518,13,3.167390003176001,-1.6708379934249586
1518,14,3.3326823045184106,-1.6186321115469293
1518,15,3.2684495571416483,-1.5936840200692748
1518,16,3.312284057790733,-1.6838993485572127
1518,17,3.248622298075334,-1.661993632788499
1518,18,3.1366501974995225,-1.6282970787011648
1518,19,3.138405923992484,-1.585866944347424
1519,0,3.193993796563329,-1.6341999556658806
1519,1,3.223790175661705,-1.7742152976239172
1519,2,3.3198747801992328,-1.6440193387425595
1519,3,3.2226180304504526,-1.590128507978195
1519,4,3.2193380964517537,-1.6707801239628353
1519,5,3.1351370725478387,-1.4865808485701777
1519,6,3.205870810399272,-1.680847074610886
1519,7,3.17255668379875,-1.7113507103798227
1519,8,3.3118829437953416,-1.6253090267414962
1519,9,3.166490933790698,-1.6847047400408424
1519,10,3.244304227097927,-1.5673322633200102
1519,11,3.2910057269698463,-1.668988136731785
1519,12,3.3267951547215717,-1.6760096203418424
1519,13,3.168620337695557,-1.671562871764993
1519,14,3.333752635794552,-1.6194232138790141
1519,15,3.269585373224806,-1.5944953275470237
1519,16,3.313367994012819,-1.6846251917074608
1519,17,3.2497718324163305,-1.6627353896250543
1519,18,3.137947535434194,-1.6290047961711986
1519,19,3.138405923992484,-1.585866944347424
1520,0,3.195199678091478,-1.6349654421458946
1520,1,3.224979875642016,-1.7747941564724403
1520,2,3.3198747801992328,-1.6440193387425595
1520,3,3.2226180304504526,-1.590128507978195
1520,4,3.2205160128664803,-1.671510663754172
1520,5,3.1364336963088317,-1.4874603271738474
1520,6,3.207104332956951,-1.681489803208183
1520,7,3.1737777988192954,-1.7120366555954454
1520,8,3.3129727746268425,-1.6260925542761402
1520,9,3.166490933790698,-1.6847047400408424
1520,10,3.2454925037431823,-1.5681301373907024
1520,11,3.292125892760373,-1.6697059935545677
1520,12,3.3278657505869815,-1.67674392586431
1520,13,3.169849446549662,-1.6722870279775703
1520,14,3.3348219008155238,-1.6202135281214949
1520,15,3.270720057734953,-1.5953058267480997
1520,16,3.31445085029364,-1.6853503116897275
1520,17,3.250920221498717,-1.663476407463762
1520,18,3.139241331660153,-1.6297159312139746
1520,19,3.138405923992484,-1.585866944347424
1521,0,3.196404358159495,-1.6357301659461045
1521,1,3.2261667902206272,-1.7753757291452876
1521,2,3.3198747801992328,-1.6440193387425595
1521,3,3.2226180304504526,-1.590128507978195
1521,4,3.22169275574101,-1.6722404757198328
1521,5,3.137726605463551,-1.4883424966745653
1521,6,3.208334444596778,-1.6821360840874289
1521,7,3.174997697274272,-1.7127219174214467
1521,8,3.3140615197006853,-1.626875301211634
1521,9,3.166490933790698,-1.6847047400408424
1521,10,3.246677384344654,-1.568930509748129
1521,11,3.293243306007872,-1.6704256868461385
1521,12,3.32893527985765,-1.6774774998255653
1521,13,3.171077330968654,-1.6730104627875717
1521,14,3.33588859770061,-1.6210050844622215
1521,15,3.2718536118079107,-1.5961155184838132
1521,16,3.3155326277171357,-1.6860747092298582
1521,17,3.252067466472032,-1.6642166870463817
1521,18,3.140531633251292,-1.6304303697141362
1521,19,3.139724335260827,-1.5865861991096044
1522,0,3.1976078379732664,-1.636494127832
1522,1,3.2273509492564525,-1.775959934132254
1522,2,3.3198747801992328,-1.6440193387425595
1522,3,3.223863993347209,-1.590836842234308
1522,4,3.222868326253264,-1.6729695605903607
1522,5,3.1390158583999566,-1.4892272529219714
1522,6,3.2095611863101507,-1.6827858069297243
1522,7,3.176216380384799,-1.7134064965437745
1522,8,3.315149180106705,-1.6276572683315078
1522,9,3.166490933790698,-1.6847047400408424
1522,10,3.247858917123921,-1.5697332915222026
1522,11,3.294358000818806,-1.6711471530352695
1522,12,3.330003743604176,-1.6782103429599167
1522,13,3.1723025180417466,-1.6737356731593815
1522,14,3.336954231791999,-1.6217958521430185
1522,15,3.272986036578367,-1.5969244035646664
1522,16,3.3166133273661673,-1.686798385052976
1522,17,3.253213568484669,-1.6649562291139341
1522,18,3.1418184867362364,-1.631148000848981
1522,19,3.1410386967087316,-1.5873097562351919
1523,0,3.198810118737476,-1.6372573285683074
1523,1,3.2285323823383707,-1.7765466920201742
1523,2,3.3198747801992328,-1.6440193387425595
1523,3,3.2251058816832736,-1.5915494626616038
1523,4,3.2240427255799893,-1.67369791909557
1523,5,3.1403015124467646,-1.4901144949654435
1523,6,3.210784598777583,-1.6834388644364642
1523,7,3.177433849370779,-1.714090393647693
1523,8,3.316235756933651,-1.628438456418512
1523,9,3.166490933790698,-1.6847047400408424
1523,10,3.2490371495521915,-1.5705383963707302
1523,11,3.2954700107793884,-1.6718703302196127
1523,12,3.3310711428960937,-1.6789424560009407
1523,13,3.1735264843898796,-1.6744601609620253
1523,14,3.3380188041563907,-1.6225858319554454
1523,15,3.27411733317988,-1.597732482800354
1523,16,3.3176929503225154,-1.6875213398834807
1523,17,3.2543585286838765,-1.6656950344067014
1523,18,3.143101938079949,-1.6318687169881183
1523,19,3.1423490633413254,-1.588037473041355
1524,0,3.2000112016556077,-1.6380197689189917
1524,1,3.2297111187733183,-1.7771359254361572
1524,2,3.3198747801992328,-1.6440193387425595
1524,3,3.2263437488680027,-1.5922662319581364
1524,4,3.2252159548967607,-1.6744255519645486
1524,5,3.1415836238757793,-1.491004124949288
1524,6,3.2120047223443464,-1.6840951522424417
1524,7,3.1786501054509007,-1.714773609417784
1524,8,3.3173212512691874,-1.629218866254616
1524,9,3.166490933790698,-1.6847047400408424
1524,10,3.2502121283480054,-1.5713457404027615
1524,11,3.296579368956301,-1.6725951581191068
1524,12,3.3321374788018705,-1.6796738396814834
1524,13,3.174749231238245,-1.675183926920716
1524,14,3.339082315859424,-1.6233750246902725
1524,15,3.2752475027448797,-1.5985397569997644
1524,16,3.318771497666884,-1.688243574445051
1524,17,3.255502348215762,-1.6664331036642286
1524,18,3.1443820326675733,-1.6325924135962826
1524,19,3.1436554897085855,-1.588769211071561
1525,0,3.2012110879299476,-1.6387814496472561
1525,1,3.2308871875755463,-1.7777275589923993
1525,2,3.3198747801992328,-1.6440193387425595
1525,3,3.227577647963318,-1.5929870167643627
1525,4,3.226388015377982,-1.6751524599256573
1525,5,3.1428622479056916,-1.4918960480115757
1525,6,3.2132215969983497,-1.6847545688314802
1525,7,3.179865149842637,-1.7154561445379468
1525,8,3.3184056641998954,-1.6299984986210114
1525,9,3.166490933790698,-1.6847047400408424
1525,10,3.2513838994761244,-1.5721552421043916
1525,11,3.297686107897959,-1.673321578030764
1525,12,3.3332027523889094,-1.6804044947336605
1525,13,3.175970759810813,-1.6759069717599442
1525,14,3.3401447679656746,-1.6241634311374828
1525,15,3.2763765464046664,-1.5993462269709797
1525,16,3.3198489704789003,-1.6889650894606445
1525,17,3.256645028225289,-1.6671704376253236
1525,18,3.1443820326675733,-1.6325924135962826
1525,19,3.1449580298674658,-1.5895048359639443
1526,0,3.202409778761582,-1.639542371515544
1526,1,3.2320606174569675,-1.7783215192325352
1526,2,3.3198747801992328,-1.6440193387425595
1526,3,3.228807631643966,-1.5937116875443504
1526,4,3.2275589081968867,-1.6758786437065318
1526,5,3.1441374387072165,-1.4927901721864911
1526,6,3.214435262350109,-1.6854170154545303
1526,7,3.1810789837622484,-1.7161379996914001
1526,8,3.3194889968112733,-1.6307773542981108
1526,9,3.166490933790698,-1.6847047400408424
1526,10,3.252552508147506,-1.572966822266936
1526,11,3.2987902596362897,-1.674049532784796
1526,12,3.3342669647235508,-1.6811344218888582
1526,13,3.177191071330335,-1.6766292962034781
1526,14,3.3412061615386586,-1.6249510520862718
1526,15,3.2775044652894136,-1.600151893521277
1526,16,3.320925369837115,-1.6896858856524983
1526,17,3.2577865698562816,-1.6679070370280584
1526,18,3.1443820326675733,-1.6325924135962826
1526,19,3.146256737347769,-1.5902442173238078
1527,0,3.203607275350403,-1.6403025352855387
1527,1,3.2332314368185275,-1.7789177345794844
1527,2,3.3210113519765914,-1.6446985003190902
1527,3,3.2300337521613596,-1.5944401184705508
1527,4,3.22872863452554,-1.6766041040340829
1527,5,3.1454092494094468,-1.493686408310073
1527,6,3.215645757614682,-1.686082396050164
1527,7,3.182291608424784,-1.7168191755606814
1527,8,3.320571250187738,-1.6315554340655494
1527,9,3.166490933790698,-1.6847047400408424
1527,10,3.2537179988202856,-1.5737804039174057
1527,11,3.299891855688974,-1.674778966702039
1527,12,3.335330116871072,-1.6818636218777345
1527,13,3.1784101670183444,-1.6773509009743655
1527,14,3.3422664976408316,-1.6257378883250488
1527,15,3.2786312605281696,-1.6009567574571295
1527,16,3.3220006968190052,-1.69040596374213
1527,17,3.258926974251424,-1.6686429026097698
1527,18,3.1443820326675733,-1.6325924135962826
1527,19,3.1475516651215134,-1.5909872286001507
1528,0,3.2048035788951044,-1.641061941718165
1528,1,3.2343996737425362,-1.7795161352847562
1528,2,3.3221443781517266,-1.6453810326873004
1528,3,3.2312560613107677,-1.5951721873120492
1528,4,3.229897195534839,-1.677328841634497
1528,5,3.146677732107303,-1.4945846699292262
1528,6,3.2168531215954306,-1.686750617167409
1528,7,3.1835030250440823,-1.7174996728276484
1528,8,3.3216524254126263,-1.6323327387021858
1528,9,3.166490933790698,-1.6847047400408424
1528,10,3.2548804152016793,-1.5745959122512065
1528,11,3.3009909270621236,-1.675509825552636
1528,12,3.3363922098956893,-1.6825920954302194
1528,13,3.1796280480951573,-1.6780717867949335
1528,14,3.3433257773335914,-1.6265239406414376
1528,15,3.279756933248857,-1.6017608195842066
1528,16,3.3230749525009746,-1.6911253244503386
1528,17,3.260066242552263,-1.66937803510706
1528,18,3.1443820326675733,-1.6325924135962826
1528,19,3.148842865575555,-1.5917337469661057
1529,0,3.205998690593188,-1.6418205915735897
1529,1,3.2355653559858975,-1.780116653379174
1529,2,3.32327390250988,-1.6460668324088807
1529,3,3.2324746104016344,-1.5959077753262036
1529,4,3.231064592394514,-1.6780528572332372
1529,5,3.147942937869983,-1.4954848732138866
1529,6,3.2180573926695084,-1.6874215878908527
1529,7,3.1847132348327727,-1.7181794921734796
1529,8,3.3227325235681957,-1.6331092689861026
1529,9,3.166490933790698,-1.6847047400408424
1529,10,3.2560398002507354,-1.5754132745669907
1529,11,3.302087504253353,-1.6762420565159422
1529,12,3.337453244860559,-1.6833198432755154
1529,13,3.180844715779873,-1.6787919543867893
1529,14,3.3443840016772777,-1.6273092098222774
1529,15,3.2808814845782766,-1.6025640807073753
1529,16,3.3241481379583537,-1.6918439684972049
1529,17,3.2612043758992058,-1.6701124352557972
1529,18,3.1443820326675733,-1.6325924135962826
1529,19,3.150130390487237,-1.592483653203178
1530,0,3.207192611640962,-1.6425784856112218
1530,1,3.236728510974182,-1.7807192226249786
1530,2,3.3243999684851833,-1.6467557988154238
1530,3,3.233689450230828,-1.596646767153583
1530,4,3.2322308262731307,-1.6787761515550437
1530,5,3.1492068830950473,-1.4963841796166832
1530,6,3.219258608774947,-1.6880952197679622
1530,7,3.185922239002276,-1.718858634278675
1530,8,3.323811545735625,-1.6338850256946076
1530,9,3.167775043470022,-1.685312623285824
1530,10,3.257196196181864,-1.5762324202035907
1530,11,3.303182988995465,-1.6769735580047749
1530,12,3.338513222827778,-1.684046866142099
1530,13,3.182060171290378,-1.6795114044708215
1530,14,3.3454411717311743,-1.6280936966536235
1530,15,3.28200332879066,-1.6033687585632774
1530,16,3.3252202542654024,-1.692561896602092
1530,17,3.262341375431526,-1.6708461037911169
1530,18,3.1443820326675733,-1.6325924135962826
1530,19,3.1514142910028626,-1.5932368315891745
1531,0,3.208385343233542,-1.643335624589714
1531,1,3.237889165796488,-1.7813237784692766
1531,2,3.325522619138816,-1.6474478339302376
1531,3,3.234900631058623,-1.59738905071612
1531,4,3.233395898338091,-1.679498725323935
1531,5,3.150469569047706,-1.497282590037823
1531,6,3.2204568073992452,-1.6887714267385516
1531,7,3.1871300387628065,-1.7195370998230561
1531,8,3.324888019032835,-1.6346620556776876
1531,9,3.1690554894234393,-1.6859249471639604
1531,10,3.2583496444690767,-1.5770532804789699
1531,11,3.3042773823850418,-1.6777043307513677
1531,12,3.3395708088099605,-1.6847751088463199
1531,13,3.183274415843344,-1.6802301377672004
1531,14,3.3464972885535094,-1.628877401920748
1531,15,3.283124055251464,-1.6041726346768923
1531,16,3.32629130249531,-1.6932791094836472
1531,17,3.263477242287361,-1.6715790414474216
1531,18,3.1443820326675733,-1.6325924135962826
1531,19,3.1526946176187858,-1.5939931697897154
1532,0,3.2095768865648533,-1.644092009266963
1532,1,3.2390473472010424,-1.7819302579987935
1532,2,3.3266418971391682,-1.648142842392387
1532,3,3.2361082025872334,-1.598134517118389
1532,4,3.234559809755632,-1.6802205792632081
1532,5,3.151730996991909,-1.4981801053766155
1532,6,3.221652025569361,-1.6894501250663438
1532,7,3.1883366353233735,-1.7202148894857678
1532,8,3.3259634197926533,-1.6354383114718367
1532,9,3.1703323133658206,-1.6865415758759499
1532,10,3.259500185850875,-1.5778757886311199
1532,11,3.3053706855175715,-1.6784343754872248
1532,12,3.3406273410784886,-1.685502625974281
1532,13,3.184487450654231,-1.6809481549953786
1532,14,3.347552353201457,-1.6296603264081404
1532,15,3.284243665082536,-1.604975709852901
1532,16,3.3273612837201973,-1.6939956078598009
1532,17,3.2646105613592673,-1.6723134391316097
1532,18,3.1443820326675733,-1.6325924135962826
1532,19,3.1539714201649436,-1.5947525587532225
1533,0,3.210767242827633,-1.6448476404001109
1533,1,3.240203081591486,-1.782538599895898
1533,2,3.327757844743878,-1.648840731382905
1533,3,3.237312213941736,-1.5988830605519242
1533,4,3.2357225616908307,-1.6809417140954395
1533,5,3.152991168190347,-1.4990767265314744
1533,6,3.2228442998430085,-1.6901312332725622
1533,7,3.189540687627937,-1.7208943879071792
1533,8,3.3270377490915575,-1.6362137938540877
1533,9,3.1716055569462718,-1.6871623774030429
1533,10,3.260647860335734,-1.5786998797608442
1533,11,3.306462899487452,-1.6791636929431217
1533,12,3.341682820690952,-1.6862294182542277
1533,13,3.1856992769372883,-1.6816654568740923
1533,14,3.348606366731137,-1.630442470899509
1533,15,3.2853621594046074,-1.6057779848951823
1533,16,3.3284301990111165,-1.6947113924477686
1533,17,3.2657427512493458,-1.6730471050990727
1533,18,3.1443820326675733,-1.6325924135962826
1533,19,3.1552447477906487,-1.5955148926092788
1534,0,3.2119564132134277,-1.645602518745545
1534,1,3.2413563950238085,-1.783148744395863
1534,2,3.3288705037836324,-1.6495414105531236
1534,3,3.238512713653209,-1.5996345782024919
1534,4,3.2368827442505723,-1.6816644007604424
1534,5,3.1542500839044525,-1.4999724543999182
1534,6,3.224033666301178,-1.6908146720714983
1534,7,3.190743540278161,-1.7215732093121299
1534,8,3.328111008004952,-1.6369885036006993
1534,9,3.172875261703092,-1.6877872233976006
1534,10,3.261792707208117,-1.5795254907763658
1534,11,3.30755402538799,-1.679892283849106
1534,12,3.342737248703887,-1.68695548641368
1534,13,3.1869098959055546,-1.682382044121361
1534,14,3.3496593301976194,-1.6312238361777813
1534,15,3.2864795393372916,-1.6065794606068144
1534,16,3.3294980494380524,-1.6954264639640515
1534,17,3.2668738130909194,-1.673780040084211
1534,18,3.1443820326675733,-1.6325924135962826
1534,19,3.156514648952483,-1.596280068570256
1535,0,3.2131443989125987,-1.6463566450588993
1535,1,3.242507313203881,-1.7837606332453249
1535,2,3.3288705037836324,-1.6495414105531236
1535,3,3.2397097496439455,-1.6003889701602343
1535,4,3.2380417708642857,-1.6823863673777486
1535,5,3.1555077453944014,-1.5008672898785718
1535,6,3.2252201605417943,-1.691500364307997
1535,7,3.191945194478103,-1.722251354380121
1535,8,3.32918319760717,-1.6377624414871563
1535,9,3.1741414690222842,-1.6884159890767525
1535,10,3.2629364135062304,-1.5803502792620763
1535,11,3.3086440643114043,-1.6806201489344978
1535,12,3.3437906261727766,-1.6876808311794327
1535,13,3.1881193087708612,-1.6830979174544896
1535,14,3.350711244654921,-1.6320044230251047
1535,15,3.2875958059990875,-1.6073801377900754
1535,16,3.3305648360699243,-1.696140823124437
1535,17,3.2680037480161817,-1.6745122448206935
1535,18,3.1443820326675733,-1.6325924135962826
1535,19,3.15778117140414,-1.5970479868361118
1536,0,3.214331201114321,-1.6471100200950552
1536,1,3.2436558614855517,-1.7843742096619142
1536,2,3.3288705037836324,-1.6495414105531236
1536,3,3.2409033692145996,-1.6011461393326005
1536,4,3.2391996426921574,-1.6831076146700472
1536,5,3.1567641539191142,-1.501761233863166
1536,6,3.2264038176744303,-1.692188234896805
1536,7,3.1931456514306196,-1.7229288237899762
1536,8,3.3302543189714746,-1.6385356082881717
1536,9,3.175404220099405,-1.689048553119084
1536,10,3.264078980374924,-1.5811742460435898
1536,11,3.3097316537667485,-1.681349326871851
1536,12,3.3448429541520532,-1.6884054532775565
1536,13,3.1893275167438317,-1.6838130775900677
1536,14,3.3517621111560096,-1.6327842322228472
1536,15,3.2887109605073785,-1.6081800172464438
1536,16,3.3316305599745872,-1.6968544706439992
1536,17,3.269132557156199,-1.6752437200414576
1536,18,3.1443820326675733,-1.6325924135962826
1536,19,3.159044362188072,-1.5978185505022555
1537,0,3.215516821006584,-1.6478626446081417
1537,1,3.2448020648692655,-1.7849894182950172
1537,2,3.3288705037836324,-1.6495414105531236
1537,3,3.2420936190331267,-1.6019059913599856
1537,4,3.2403563608932187,-1.6838281433593074
1537,5,3.158019310736257,-1.5026542872485398
1537,6,3.227584672316014,-1.6928782107637255
1537,7,3.1943449123373693,-1.7236056182198431
1537,8,3.3313243731700592,-1.639308004777686
1537,9,3.176663555904545,-1.6896847975642886
1537,10,3.2652204089579087,-1.5819973919456978
1537,11,3.3108181596085404,-1.682077778296924
1537,12,3.3458942336950983,-1.689129353433399
1537,13,3.190534521033883,-1.6845275252439715
1537,14,3.352811930752803,-1.6335632645515987
1537,15,3.289825003978436,-1.6089790997765996
1537,16,3.332693913478919,-1.6975693577714024
1537,17,3.2702602416409103,-1.6759744664787108
1537,18,3.1443820326675733,-1.6325924135962826
1537,19,3.160304267628806,-1.5985916654703887
1538,0,3.2167012597761953,-1.6486145193515365
1538,1,3.2459459480011663,-1.7856062051876431
1538,2,3.3288705037836324,-1.6495414105531236
1538,3,3.243280545125396,-1.6026684345339952
1538,4,3.241511926625345,-1.6845479541667794
1538,5,3.159273217102243,-1.5035464509286405
1538,6,3.2287627585874477,-1.6935702207885317
1538,7,3.1955429783988136,-1.7242817383471938
1538,8,3.332393361274049,-1.640079631728869
1538,9,3.1779195171502495,-1.6903246077157135
1538,10,3.266360700397756,-1.5828197177923702
1538,11,3.3119035829243733,-1.6828055039388976
1538,12,3.3469444658542433,-1.6898525323715852
1538,13,3.191740322849228,-1.6852412611313639
1538,14,3.3538607044961717,-1.6343415207911713
1538,15,3.290937937527418,-1.6097773861804254
1538,16,3.333756207523763,-1.6982835326296053
1538,17,3.271386802599129,-1.676704484863931
1538,18,3.1443820326675733,-1.6325924135962826
1538,19,3.1615609333278054,-1.5993672403622237
1539,0,3.2178845186087788,-1.649365645077867
1539,1,3.247087535172656,-1.786224517739361
1539,2,3.3288705037836324,-1.6495414105531236
1539,3,3.2444641928673588,-1.6034333797182607
1539,4,3.242666341045259,-1.685267047812994
1539,5,3.1605258742722335,-1.5044377257965247
1539,6,3.2299381101110822,-1.694264195749581
1539,7,3.196739850814218,-1.724957184848825
1539,8,3.3334612843535023,-1.64085048991412
1539,9,3.179172144262187,-1.6909678720457313
1539,10,3.2674998558358985,-1.583641224406756
1539,11,3.312987924800757,-1.6835325045262257
1539,12,3.347993651680772,-1.6905749908160175
1539,13,3.192944923396875,-1.685954285966695
1539,14,3.3549084334359396,-1.6351190017206005
1539,15,3.2920497622683724,-1.6105748772570068
1539,16,3.3348174431724757,-1.6989969959334978
1539,17,3.2725122411585437,-1.6774337759278672
1539,18,3.1443820326675733,-1.6325924135962826
1539,19,3.1628144041597626,-1.600145186435992
1540,0,3.219066598688778,-1.6501160225390112
1540,1,3.2482279850083655,-1.7868422142811884
1540,2,3.3288705037836324,-1.6495414105531236
1540,3,3.2456446069786593,-1.604200740271725
1540,4,3.243819605308531,-1.6859854250177653
1540,5,3.16177728350014,-1.5053281127443594
1540,6,3.231110760008983,-1.6949600682700834
1540,7,3.197935530781653,-1.7256319584008593
1540,8,3.334528143477411,-1.641620580105069
1540,9,3.1804214773524073,-1.6916144821038688
1540,10,3.268637876412632,-1.5844619126111839
1540,11,3.314071186323119,-1.6842587807866367
1540,12,3.3490417922249196,-1.6912967294898775
1540,13,3.1941483238826307,-1.6866666004637032
1540,14,3.355955118620884,-1.635895708118145
1540,15,3.293160479314237,-1.6113715738046328
1540,16,3.335877621487356,-1.6997097483972574
1540,17,3.273636558445719,-1.6781623404005406
1540,18,3.1443820326675733,-1.6325924135962826
1540,19,3.164064724270203,-1.6009254175056493
1541,0,3.220245998081074,-1.6508680151392043
1541,1,3.249367298649886,-1.78745929543144
1541,2,3.3288705037836324,-1.6495414105531236
1541,3,3.2468218315175856,-1.6049704319743268
1541,4,3.2449717205695796,-1.686703086500189
1541,5,3.1630274460386243,-1.506217612663423
1541,6,3.2322807409019303,-1.6956577727659738
1541,7,3.199130019497995,-1.7263060596787456
1541,8,3.335593939713702,-1.6423899030725766
1541,9,3.1816675561950145,-1.6922643324276232
1541,10,3.2697747632671157,-1.5852817832271637
1541,11,3.3151533685758046,-1.684984333447134
1541,12,3.3500888885358764,-1.6920177491156265
1541,13,3.1953505255111,-1.6873782053354163
1541,14,3.357000761098738,-1.6366716407612891
1541,15,3.2942700897768407,-1.6121674766207976
1541,16,3.336936743529643,-1.70042179073435
1541,17,3.2747597555860986,-1.678890179011245
1541,18,3.1443820326675733,-1.6325924135962826
1541,19,3.1653119370743092,-1.6017078498626953
1542,0,3.2214242223794787,-1.651619258492012
1542,1,3.2505054772376716,-1.7880757618078151
1542,2,3.3288705037836324,-1.6495414105531236
1542,3,3.247995909877263,-1.6057423729550075
1542,4,3.246122687981673,-1.6874200329786453
1542,5,3.1642763631390998,-1.5071062264441057
1542,6,3.2334480849091,-1.69635724539534
1542,7,3.2003233181589286,-1.7269794893572603
1542,8,3.336658674129239,-1.6431584595867361
1542,9,3.1829104202041054,-1.6929173204558983
1542,10,3.270910517537375,-1.5861008370753868
1542,11,3.31623447264208,-1.6857091632339962
1542,12,3.351134941661787,-1.692738050415006
1542,13,3.1965515294856877,-1.6880891012941515
1542,14,3.358045361916191,-1.637446800426742
1542,15,3.295378594766904,-1.6129625865022008
1542,16,3.3379948103595187,-1.7011331236575304
1542,17,3.275881833704003,-1.6796172924885473
1542,18,3.1456969946798394,-1.6332473645804864
1542,19,3.1665560852568575,-1.6024924022005176
1543,0,3.2226012727633955,-1.6523697533494295
1543,1,3.25164252191104,-1.7886916140273967
1543,2,3.3288705037836324,-1.6495414105531236
1543,3,3.2491668847829973,-1.6065164836219734
1543,4,3.247272508696931,-1.6881362651707983
1543,5,3.165524036051734,-1.5079939549759107
1543,6,3.2346128236483715,-1.6970584240093594
1543,7,3.201515427958947,-1.7276522481105068
1543,8,3.3377223477898217,-1.6439262504168735
1543,9,3.1841501084138306,-1.6935733464449911
1543,10,3.272045140360301,-1.586919074975727
1543,11,3.3173144996041306,-1.6864332708727787
1543,12,3.352179952649751,-1.6934576341090382
1543,13,3.1977513370086004,-1.6887992890515162
1543,14,3.3590874800102335,-1.6382231274961245
1543,15,3.2964859953940424,-1.6137569042447482
1543,16,3.3390518230361095,-1.701843747878844
1543,17,3.2770027939226343,-1.680343681560289
1543,18,3.147007982294535,-1.6339070199553083
1543,19,3.1677972107731867,-1.6032789955411821
1544,0,3.2237771504110526,-1.653119500462703
1544,1,3.2527784338081744,-1.7893068527066536
1544,2,3.3288705037836324,-1.6495414105531236
1544,3,3.2503347982906856,-1.6072926865951371
1544,4,3.248421183866325,-1.688851783793597
1544,5,3.166770466025449,-1.5088807991474553
1544,6,3.235774988237223,-1.6977612481046993
1544,7,3.2027063500913533,-1.7283243366119174
1544,8,3.338784961760189,-1.6446932763315478
1544,9,3.1853866594604394,-1.6942323133870627
1544,10,3.273178632871652,-1.5877364977472408
1544,11,3.3183934505430654,-1.687156657088314
1544,12,3.3532239225458262,-1.694176500918027
1544,13,3.198949949280846,-1.6895087693184092
1544,14,3.3601285598031003,-1.6389986810818555
1544,15,3.2975922927667645,-1.6145504306435523
1544,16,3.3401077826174856,-1.702553664109626
1544,17,3.278122637364074,-1.6810693469535862
1544,18,3.148315044483391,-1.634571230462979
1544,19,3.1690353548511077,-1.604067553164589
1545,0,3.2249518564995054,-1.6538685005823301
1545,1,3.2539132140661238,-1.7899214784614403
1545,2,3.3288705037836324,-1.6495414105531236
1545,3,3.2514996917862073,-1.608070906640677
1545,4,3.24956871463968,-1.6895665895632763
1545,5,3.168015654307922,-1.5097667598464712
1545,6,3.236934609294157,-1.6984656587773364
1545,7,3.2038960857482617,-1.7289957555342534
1545,8,3.3398465171040175,-1.6454595380985528
1545,9,3.1853866594604394,-1.6942323133870627
1545,10,3.2743109962060553,-1.5885531062081695
1545,11,3.319471326538915,-1.6878793226047126
1545,12,3.3542668523950274,-1.6948946515615586
1545,13,3.2001473675022374,-1.6902175428050208
1545,14,3.3611686023369134,-1.6397734619602646
1545,15,3.298697487992475,-1.615343166492934
1545,16,3.3411626901606644,-1.7032628730605033
1545,17,3.279241365149287,-1.6817942893948308
1545,18,3.148315044483391,-1.634571230462979
1545,19,3.170270557993679,-1.6048580005399147
1546,0,3.2261253922046356,-1.6546167544580608
1546,1,3.255046863820804,-1.790535491906998
1546,2,3.3288705037836324,-1.6495414105531236
1546,3,3.2526616059857267,-1.608851070607644
1546,4,3.2507151021656755,-1.6902806831953574
1546,5,3.169257666833713,-1.5106545517000698
1546,6,3.2380930750956036,-1.6991693676911617
1546,7,3.2050846361205987,-1.7296665055496059
1546,8,3.340907014883926,-1.6462250364849176
1546,9,3.1853866594604394,-1.6942323133870627
1546,10,3.275440600955592,-1.5893711574429696
1546,11,3.320548128670634,-1.6886012681453633
1546,12,3.355308743241328,-1.695612086758503
1546,13,3.201342182251331,-1.6909279879573664
1546,14,3.3611686023369134,-1.6397734619602646
1546,15,3.2998015821774755,-1.6161351125864227
1546,16,3.3422165467216085,-1.7039713754413948
1546,17,3.280358978398121,-1.6825185096096908
1546,18,3.148315044483391,-1.634571230462979
1546,19,3.1715028599827724,-1.6056502652592675
1547,0,3.227297758701153,-1.6553642628388978
1547,1,3.2561793842069995,-1.7911488936579545
1547,2,3.3288705037836324,-1.6495414105531236
1547,3,3.253820580936833,-1.6096331073665515
1547,4,3.2518603475918466,-1.690994065404649
1547,5,3.170498441853951,-1.5115414589834033
1547,6,3.239250386801188,-1.6998723755505885
1547,7,3.206272002398104,-1.730336587329396
1547,8,3.3419664561614737,-1.6469897722569065
1547,9,3.1853866594604394,-1.6942323133870627
1547,10,3.276569080223551,-1.5901883936125047
1547,11,3.321623858016103,-1.6893224944329341
1547,12,3.3563495961276617,-1.696328807227013
1547,13,3.2025358065455607,-1.691637725256978
1547,14,3.3611686023369134,-1.6397734619602646
1547,15,3.3009045764269653,-1.6169262697167572
1547,16,3.34326935335523,-1.704679171961512
1547,17,3.281475478229307,-1.6832420083231114
1547,18,3.148315044483391,-1.634571230462979
1547,19,3.1727339342248246,-1.606441740642343
1548,0,3.2284689571625984,-1.6561110264730976
1548,1,3.2573107763583646,-1.7917616843283255
1548,2,3.3288705037836324,-1.6495414105531236
1548,3,3.2549766560204505,-1.6104169477498895
1548,4,3.253004452064585,-1.691706736905247
1548,5,3.1717379806106525,-1.512427482584267
1548,6,3.2404065455693805,-1.7005746830593282
1548,7,3.207458185769333,-1.7310060015443764
1548,8,3.343024841997162,-1.6477537461800207
1548,9,3.1853866594604394,-1.6942323133870627
1548,10,3.277696435139541,-1.591004815534829
1548,11,3.322698515652127,-1.6900430021893735
1548,12,3.3573894120959236,-1.6970448136845269
1548,13,3.2037282415797463,-1.6923467554143032
1548,14,3.3611686023369134,-1.6397734619602646
1548,15,3.3020064718450426,-1.6177166386758866
1548,16,3.3443211111153888,-1.7053862633293602
1548,17,3.2825908657604637,-1.6839647862593154
1548,18,3.148315044483391,-1.634571230462979
1548,19,3.1739637819521427,-1.6072324274814087
1549,0,3.229638988761342,-1.6568570461081715
1549,1,3.258441041407424,-1.7923738645315153
1549,2,3.3288705037836324,-1.6495414105531236
1549,3,3.2561298699534587,-1.6112025244944967
1549,4,3.2541474167291407,-1.6924186984105365
1549,5,3.172976284344597,-1.513312623389571
1549,6,3.241561552557497,-1.7012762909203916
1549,7,3.2086431874216563,-1.7316747488646314
1549,8,3.3440821734504365,-1.648516959018999
1549,9,3.1853866594604394,-1.6942323133870627
1549,10,3.2788226668320455,-1.5918204240271818
1549,11,3.3237721026544405,-1.6907627921359103
1549,12,3.3584281921869703,-1.6977601068477677
1549,13,3.204919488547516,-1.693055079139082
1549,14,3.3611686023369134,-1.6397734619602646
1549,15,3.303107269534706,-1.618506220254971
1549,16,3.3443211111153888,-1.7053862633293602
1549,17,3.283705142108094,-1.6846868441418044
1549,18,3.148315044483391,-1.634571230462979
1549,19,3.1751924043958053,-1.608022326567943
1550,0,3.230807854668587,-1.657602322490886
1550,1,3.2595701804855737,-1.7929854348803167
1550,2,3.3288705037836324,-1.6495414105531236
1550,3,3.257280260791961,-1.6119897721857352
1550,4,3.255289242729622,-1.6931299506331916
1550,5,3.1742133542953277,-1.5141968822853424
1550,6,3.2427154089217005,-1.7019771998360886
1550,7,3.2098270085412617,-1.7323428299595776
1550,8,3.345138451579687,-1.6492794115378182
1550,9,3.1853866594604394,-1.6942323133870627
1550,10,3.2799477764284233,-1.5926352199059879
1550,11,3.324844620097705,-1.691481864993055
1550,12,3.3594659374406217,-1.6984746874327445
1550,13,3.2061095486413094,-1.693762697140347
1550,14,3.3611686023369134,-1.6397734619602646
1550,15,3.304206970597855,-1.6192950152443821
1550,16,3.3443211111153888,-1.7053862633293602
1550,17,3.28481830838759,-1.685408182693359
1550,18,3.148315044483391,-1.634571230462979
1550,19,3.1764198027856647,-1.6088114386926355
1551,0,3.231975556054369,-1.6583468563672632
1551,1,3.2606981947230835,-1.7935963959869123
1551,2,3.3288705037836324,-1.6495414105531236
1551,3,3.258427865935153,-1.6127786272034084
1551,4,3.256429931208998,-1.6938404942851766
1551,5,3.1754491917011527,-1.515080260156725
1551,6,3.2438681158170026,-1.70267741050803
1551,7,3.211009650313155,-1.733010245497965
1551,8,3.3461936774422485,-1.650041104499694
1551,9,3.1853866594604394,-1.6942323133870627
1551,10,3.28107176505491,-1.5934492039868586
1551,11,3.325916069055511,-1.6922002214806
1551,12,3.360502648895662,-1.6991885561547533
1551,13,3.2072984230523773,-1.6944696101264245
1551,14,3.3611686023369134,-1.6397734619602646
1551,15,3.3053055761352916,-1.6200830244337048
1551,16,3.3443211111153888,-1.7053862633293602
1551,17,3.285930365713233,-1.6861288026360397
1551,18,3.148315044483391,-1.634571230462979
1551,19,3.177645978350348,-1.6095997646453886
1552,0,3.2331420940875586,-1.6590906484825825
1552,1,3.2618239640180655,-1.7942088140606225
1552,2,3.3288705037836324,-1.6495414105531236
1552,3,3.259572722129731,-1.6135690276693673
1552,4,3.2575694833090996,-1.6945503300777462
1552,5,3.176683797799147,-1.515962757887981
1552,6,3.2450183243196613,-1.703379141355268
1552,7,3.212191113921162,-1.7336769961478773
1552,8,3.347247852094404,-1.6508020386670819
1552,9,3.1853866594604394,-1.6942323133870627
1552,10,3.2821946338366197,-1.594262377084593
1552,11,3.3269864506003803,-1.692917862317621
1552,12,3.3615370432662917,-1.6999035752932397
1552,13,3.208486112970785,-1.6951758188049353
1552,14,3.3611686023369134,-1.6397734619602646
1552,15,3.306403087246721,-1.6208702486117368
1552,16,3.3443211111153888,-1.7053862633293602
1552,17,3.2870413151981928,-1.6868487046911878
1552,18,3.148315044483391,-1.634571230462979
1552,19,3.178870932317258,-1.6103873052153168
1553,0,3.234307469935861,-1.6598336995813803
1553,1,3.2629486116679787,-1.7948206219598364
1553,2,3.3288705037836324,-1.6495414105531236
1553,3,3.260714865474799,-1.6143609133967505
1553,4,3.2587079001706187,-1.695259458721447
1553,5,3.177917173825152,-1.5168443763624917
1553,6,3.2461673868134606,-1.7040801730338198
1553,7,3.213371400547929,-1.7343430825767323
1553,8,3.3482995621847738,-1.6515641704454238
1553,9,3.1853866594604394,-1.6942323133870627
1553,10,3.283316383897545,-1.595074740013178
1553,11,3.3280557658037657,-1.6936347882224774
1553,12,3.3625704070313596,-1.7006178820315798
1553,13,3.2096726195854104,-1.6958813238827948
1553,14,3.3611686023369134,-1.6397734619602646
1553,15,3.30749798497707,-1.6216588034415682
1553,16,3.3443211111153888,-1.7053862633293602
1553,17,3.288151157954531,-1.687567889579426
1553,18,3.148315044483391,-1.634571230462979
1553,19,3.180094665912575,-1.6111740611907495
1554,0,3.2354716847658196,-1.6605760104074516
1554,1,3.2640721387985967,-1.7954318202969743
1554,2,3.3288705037836324,-1.6495414105531236
1554,3,3.2618558708440366,-1.615152010127882
1554,4,3.259845182933112,-1.695967880926117
1554,5,3.1791493210137785,-1.5177251164627579
1554,6,3.247315304448614,-1.7047805062454189
1554,7,3.213371400547929,-1.7343430825767323
1554,8,3.3493502244142035,-1.6523255428813108
1554,9,3.1853866594604394,-1.6942323133870627
1554,10,3.284437016360559,-1.5958862935857896
1554,11,3.3291240157360527,-1.6943509999128126
1554,12,3.3636027412252645,-1.7013314770847958
1554,13,3.210857944083948,-1.6965861260662143
1554,14,3.3611686023369134,-1.6397734619602646
1554,15,3.308591791809185,-1.6224465725970418
1554,16,3.3443211111153888,-1.7053862633293602
1554,17,3.289259895093201,-1.688286358020659
1554,18,3.148315044483391,-1.634571230462979
1554,19,3.181317180361257,-1.6119600333592299
1555,0,3.2366347397428137,-1.6613175817038504
1555,1,3.2651945465345706,-1.7960424096838465
1555,2,3.3299960795402335,-1.6502186249185284
1555,3,3.2629957393795914,-1.6159423186546504
1555,4,3.260981332735001,-1.6966755974008878
1555,5,3.180380240598407,-1.5186049790704013
1555,6,3.2484620783741875,-1.7054801416910996
1555,7,3.213371400547929,-1.7343430825767323
1555,8,3.350399839834407,-1.6530861567368773
1555,9,3.1853866594604394,-1.6942323133870627
1555,10,3.285556532347416,-1.5966970386147938
1555,11,3.330191201466561,-1.695066498105555
1555,12,3.3646340468813736,-1.7020443611671967
1555,13,3.2120420876529097,-1.6972902260607015
1555,14,3.3611686023369134,-1.6397734619602646
1555,15,3.3096845088379685,-1.6232335568667153
1555,16,3.3443211111153888,-1.7053862633293602
1555,17,3.290366170104915,-1.689006201476553
1555,18,3.148315044483391,-1.634571230462979
1555,19,3.182538476887043,-1.612745222507517
1556,0,3.2377966360310624,-1.66205841421289
1556,1,3.2663158359994324,-1.7966523907316534
1556,2,3.331118172672422,-1.6508990977167102
1556,3,3.264134472222473,-1.6167318397681556
1556,4,3.262116350713572,-1.6973826088541843
1556,5,3.181609933811189,-1.5194839650661651
1556,6,3.2496077097381035,-1.7061790800711976
1556,7,3.213371400547929,-1.7343430825767323
1556,8,3.3514484094960495,-1.6538460127734986
1556,9,3.1853866594604394,-1.6942323133870627
1556,10,3.286674932978752,-1.5975069759117475
1556,11,3.331257324063544,-1.6957812835169193
1556,12,3.3656643250320246,-1.7027565349923803
1556,13,3.213225051477623,-1.6979936245710612
1556,14,3.3611686023369134,-1.6397734619602646
1556,15,3.31077613715723,-1.6240197570383608
1556,16,3.3443211111153888,-1.7053862633293602
1556,17,3.291471342889346,-1.6897253277228124
1556,18,3.148315044483391,-1.634571230462979
1556,19,3.1837585567124513,-1.6135296294215857
1557,0,3.238957374793625,-1.6627985086761448
1557,1,3.2674360083155936,-1.7972617640509867
1557,2,3.3322368259816653,-1.651582729211701
1557,3,3.265272070512554,-1.6175205742587087
1557,4,3.263248885517537,-1.6980910826241942
1557,5,3.1828384018830493,-1.5203620753299154
1557,6,3.25075219968714,-1.7068773220853508
1557,7,3.213371400547929,-1.7343430825767323
1557,8,3.352495934448751,-1.6546051117517913
1557,9,3.1853866594604394,-1.6942323133870627
1557,10,3.287792219374088,-1.5983161062873983
1557,11,3.3323223845941916,-1.6964953568624062
1557,12,3.3666935767085273,-1.7034679992732333
1557,13,3.2144068367422367,-1.6986963223013958
1557,14,3.3611686023369134,-1.6397734619602646
1557,15,3.3118666778596917,-1.6248051738989653
1557,16,3.3443211111153888,-1.7053862633293602
1557,17,3.2925754145527724,-1.6904437374792833
1557,18,3.148315044483391,-1.634571230462979
1557,19,3.184977421058784,-1.6143132548866286
1558,0,3.2401169571924027,-1.66353786583445
1558,1,3.2685550646043477,-1.7978705302518296
1558,2,3.333352081913356,-1.6522694223190106
1558,3,3.2664085353885715,-1.6183085229158338
1558,4,3.2643802919294815,-1.698798850512013
1558,5,3.184065646043685,-1.5212393107406412
1558,6,3.251895549366932,-1.7075748684325003
1558,7,3.213371400547929,-1.7343430825767323
1558,8,3.3535424157410847,-1.655363454431614
1558,9,3.1853866594604394,-1.6942323133870627
1558,10,3.2889083926518277,-1.5991244305516867
1558,11,3.3333850750296006,-1.6972106675461762
1558,12,3.3677218029411633,-1.7041787547219323
1558,13,3.215587444629719,-1.6993983199551066
1558,14,3.3611686023369134,-1.6397734619602646
1558,15,3.312956132036985,-1.625589808234732
1558,16,3.3443211111153888,-1.7053862633293602
1558,17,3.293678386200371,-1.6911614314650947
1558,18,3.148315044483391,-1.634571230462979
1558,19,3.186195071146124,-1.6150960996870551
1559,0,3.241275384388138,-1.6642764864279027
1559,1,3.2696730059858714,-1.7984786899435579
1559,2,3.334463982536881,-1.652959082531265
1559,3,3.267543867988128,-1.6190956865282684
1559,4,3.2655105710819443,-1.6995059132261174
1559,5,3.1852916675215694,-1.5221156721764562
1559,6,3.2530377599219746,-1.7082717198108908
1559,7,3.213371400547929,-1.7343430825767323
1559,8,3.3545878544205796,-1.6561210415720689
1559,9,3.1853866594604394,-1.6942323133870627
1559,10,3.2900234539292623,-1.599931949513746
1559,11,3.3344467066655947,-1.697925265538359
1559,12,3.3687490047591884,-1.704888802049944
1559,13,3.2167668763218593,-1.700099618234894
1559,14,3.3611686023369134,-1.6397734619602646
1559,15,3.3140445007796555,-1.6263736608310806
1559,16,3.3443211111153888,-1.7053862633293602
1559,17,3.294780258936218,-1.6918784103986588
1559,18,3.148315044483391,-1.634571230462979
1559,19,3.1874115081933416,-1.6158781646064937
1560,0,3.2424326575404185,-1.665014371195863
1560,1,3.270789833579225,-1.7990862437349397
1560,2,3.335572569527533,-1.6536516178459533
1560,3,3.2686780694476925,-1.6198820658839639
1560,4,3.2666397241063363,-1.7002122714742778
1560,5,3.1865164675439503,-1.5229911605145987
1560,6,3.254178832495621,-1.708967876918071
1560,7,3.213371400547929,-1.7343430825767323
1560,8,3.355632251533721,-1.656877873931501
1560,9,3.1853866594604394,-1.6942323133870627
1560,10,3.291137404322569,-1.6007386639819037
1560,11,3.3355072805648684,-1.6986391515542676
1560,12,3.3697751831908325,-1.7055981419680266
1560,13,3.21794513299927,-1.7008002178427581
1560,14,3.3611686023369134,-1.6397734619602646
1560,15,3.3151317851771607,-1.6271567324726481
1560,16,3.3443211111153888,-1.7053862633293602
1560,17,3.295881033863289,-1.6925946749976724
1560,18,3.148315044483391,-1.634571230462979
1560,19,3.188626733418091,-1.6166594504277922
1561,0,3.243588777807675,-1.665751520876954
1561,1,3.2719055485023536,-1.7996931922341375
1561,2,3.3366778841501668,-1.6543469386952332
1561,3,3.269811140902602,-1.6206676617700868
1561,4,3.267767752132941,-1.7009179259635594
1561,5,3.1877400473368542,-1.5238657766314339
1561,6,3.2553187682300857,-1.7096633404508947
1561,7,3.213371400547929,-1.7343430825767323
1561,8,3.356675608125951,-1.6576339522675008
1561,9,3.1853866594604394,-1.6942323133870627
1561,10,3.2922502449468136,-1.6015445747636814
1561,11,3.3365667977890574,-1.6993523263085026
1561,12,3.3708003392633015,-1.70630677518623
1561,13,3.219122215841387,-1.7015001194800001
1561,14,3.3611686023369134,-1.6397734619602646
1561,15,3.3162179863178736,-1.6279390239432903
1561,16,3.3443211111153888,-1.7053862633293602
1561,17,3.295881033863289,-1.6925946749976724
1561,18,3.148315044483391,-1.634571230462979
1561,19,3.189840748036813,-1.6174399579330185
1562,0,3.2447437463471855,-1.6664879362090634
1562,1,3.2730201518720894,-1.8002995360487068
1562,2,3.337779967244484,-1.6550449578777424
1562,3,3.2709430834870616,-1.6214524749730195
1562,4,3.2688946562909154,-1.7016228774003233
1562,5,3.188962408125086,-1.524739521402453
1562,6,3.256457568266446,-1.710358111105522
1562,7,3.213371400547929,-1.7343430825767323
1562,8,3.3577179252416705,-1.658389277336903
1562,9,3.1853866594604394,-1.6942323133870627
1562,10,3.2933619769159503,-1.6023496826657968
1562,11,3.337625259398739,-1.7000647905149529
1562,12,3.371824474002777,-1.7070147024138966
1562,13,3.2202981260264716,-1.702199323847222
1562,14,3.3611686023369134,-1.6397734619602646
1562,15,3.3173031052890827,-1.6287205360260815
1562,16,3.3443211111153888,-1.7053862633293602
1562,17,3.295881033863289,-1.6925946749976724
1562,18,3.148315044483391,-1.634571230462979
1562,19,3.1910535532647386,-1.6182196879034614
1563,0,3.2458975643150745,-1.6672236179293438
1563,1,3.2741336448041514,-1.8009052757855986
1563,2,3.338878859211848,-1.6557455904923641
1563,3,3.2720738983341477,-1.6222365062783606
1563,4,3.2700204377082915,-1.7023271264902262
1563,5,3.1901835511322294,-1.5256123957022756
1563,6,3.257595233744642,-1.7110521895774187
1563,7,3.213371400547929,-1.7343430825767323
1563,8,3.35875920392424,-1.6591438498957887
1563,9,3.1866519963923094,-1.694830914851291
1563,10,3.2944726013428243,-1.6031539884941637
1563,11,3.3386826664534346,-1.7007765448867955
1563,12,3.3728475884344196,-1.7077219243596624
1563,13,3.221472864731611,-1.702897831644328
1563,14,3.362267228167794,-1.6404602262994428
1563,15,3.318387143176993,-1.6295012695033162
1563,16,3.3443211111153888,-1.7053862633293602
1563,17,3.295881033863289,-1.6925946749976724
1563,18,3.148315044483391,-1.634571230462979
1563,19,3.1922635417673146,-1.6190011374226025
1564,0,3.247048792908592,-1.6679608202889848
1564,1,3.275246028413147,-1.801510412051159
1564,2,3.3399746000035337,-1.656448753873895
1564,3,3.2732035865758067,-1.6230197564709263
1564,4,3.271145097511978,-1.7030306739382224
1564,5,3.19140347758065,-1.5264844004046496
1564,6,3.2587317658034776,-1.711745576561358
1564,7,3.213371400547929,-1.7343430825767323
1564,8,3.359799445215981,-1.659897670699486
1564,9,3.187913726637186,-1.6954338897282113
1564,10,3.2955821193391714,-1.603957493053893
1564,11,3.33973902001161,-1.7014875901364974
1564,12,3.373869683582367,-1.7084284417314572
1564,13,3.2226464331327196,-1.703595643570525
1564,14,3.363362327745997,-1.6411502061934045
1564,15,3.3194701010667274,-1.6302812251565093
1564,16,3.3443211111153888,-1.7053862633293602
1564,17,3.295881033863289,-1.6925946749976724
1564,18,3.1496276003369057,-1.6352212638626138
1564,19,3.1934723246928227,-1.6197818083412712
1565,0,3.2481988744791175,-1.668697288139371
1565,1,3.2763573038125737,-1.8021149454511298
1565,2,3.3410672291103194,-1.6571543675305682
1565,3,3.2743321493428574,-1.623802226334751
1565,4,3.27226863682776,-1.7037335204485633
1565,5,3.1926221886914954,-1.5273555363824527
1565,6,3.259867165580623,-1.7124382727514211
1565,7,3.213371400547929,-1.7343430825767323
1565,8,3.360838650158176,-1.66065074050257
1565,9,3.1891718904168007,-1.6960411059872715
1565,10,3.2966905320156203,-1.6047601971492935
1565,11,3.3407943211306756,-1.7021979269758156
1565,12,3.3748907604697385,-1.7091342552365056
1565,13,3.2238188324045405,-1.7042927603243239
1565,14,3.3644539446788153,-1.6418433034663227
1565,15,3.3205519800423278,-1.6310604037663974
1565,16,3.3443211111153888,-1.7053862633293602
1565,17,3.295881033863289,-1.6925946749976724
1565,18,3.1509361692628364,-1.6358760681314226
1565,19,3.194679903251256,-1.6205617014409195
1566,0,3.2493478101778837,-1.6694330222177074
1566,1,3.277467472114819,-1.8027188765906497
1566,2,3.342156785553338,-1.657862353083379
1566,3,3.2754595877649924,-1.6245839166530873
1566,4,3.2733910567803015,-1.7044356667247993
1566,5,3.1938396856846967,-1.5282258045076926
1566,6,3.2610014342126137,-1.7131302788409977
1566,7,3.213371400547929,-1.7343430825767323
1566,8,3.36187681979107,-1.661403060058865
1566,9,3.1904265279104873,-1.6966524352261545
1566,10,3.297797840481693,-1.6055621015838728
1566,11,3.341848570866989,-1.702907556115798
1566,12,3.3759108201186323,-1.7098393655813278
1566,13,3.224990063720647,-1.7049891826035388
1566,14,3.365542122209234,-1.6425394225387835
1566,15,3.3205519800423278,-1.6310604037663974
1566,16,3.3443211111153888,-1.7053862633293602
1566,17,3.295881033863289,-1.6925946749976724
1566,18,3.152240799888568,-1.6365354925903135
1566,19,3.1958862786514013,-1.6213408175022213
1567,0,3.2504956011549764,-1.6701680232604645
1567,1,3.278576534431162,-1.8033222060742542
1567,2,3.3432433078761066,-1.6585726342071658
1567,3,3.2765859029707785,-1.6253648282084086
1567,4,3.2745123584931464,-1.7051371134697793
1567,5,3.1950559697789696,-1.5290952056515088
1567,6,3.2621345728348543,-1.7138215955227862
1567,7,3.213371400547929,-1.7343430825767323
1567,8,3.3629139551538714,-1.662154630121443
1567,9,3.191677679211469,-1.6972677525671824
1567,10,3.2989040458458065,-1.6063632071603382
1567,11,3.342901770275855,-1.703616478266784
1567,12,3.3769298635501293,-1.7105437734717397
1567,13,3.2261601282534422,-1.7056849111052892
1567,14,3.366626903196416,-1.6432384703553033
1567,15,3.3205519800423278,-1.6310604037663974
1567,16,3.3443211111153888,-1.7053862633293602
1567,17,3.295881033863289,-1.6925946749976724
1567,18,3.153541540723459,-1.6371993909028966
1567,19,3.197091452100842,-1.6221191573050724
1568,0,3.2516422485593357,-1.6709022920033794
1568,1,3.2796844918717762,-1.8039249345058768
1568,2,3.3443268341376564,-1.6592851365733994
1568,3,3.2777110960876583,-1.6261449617824077
1568,4,3.2756325430887183,-1.7058378613856522
1568,5,3.1962710421918152,-1.5299637406841726
1568,6,3.2632665825816174,-1.7145122234887955
1568,7,3.213371400547929,-1.7343430825767323
1568,8,3.363950057284754,-1.6629054514426262
1568,9,3.1929253842865233,-1.6978869365566058
1568,10,3.3000091492152737,-1.607163514680597
1568,11,3.343953920411528,-1.7043246941384054
1568,12,3.377947891784293,-1.7112474796128543
1568,13,3.227329027174162,-1.706379946526
1568,14,3.367708330097996,-1.6439403563138917
1568,15,3.3205519800423278,-1.6310604037663974
1568,16,3.3443211111153888,-1.7053862633293602
1568,17,3.295881033863289,-1.6925946749976724
1568,18,3.1548384401058516,-1.637867620945181
1568,19,3.198295424805958,-1.6228967216285919
1569,0,3.2527877535387564,-1.6716358291814555
1569,1,3.2807913455457274,-1.8045270624888492
1569,2,3.3454074019066926,-1.6599997877946306
1569,3,3.2788351682419514,-1.6269243181559991
1569,4,3.2767516116883235,-1.7065379111738674
1569,5,3.1974849041395226,-1.5308314104750884
1569,6,3.264397464586046,-1.715202163430345
1569,7,3.213371400547929,-1.7343430825767323
1569,8,3.364985127220857,-1.663655524773988
1569,9,3.1941696829388153,-1.6985098690667144
1569,10,3.3011115901567463,-1.6079651767744885
1569,11,3.3450050223272103,-1.705032204439587
1569,12,3.3789649058401703,-1.7119504847090823
1569,13,3.228495409836404,-1.7070765580022262
1569,14,3.368786444954072,-1.644644992197607
1569,15,3.3205519800423278,-1.6310604037663974
1569,16,3.3443211111153888,-1.7053862633293602
1569,17,3.295881033863289,-1.6925946749976724
1569,18,3.156131546154454,-1.6385400446790988
1569,19,3.1994981979719266,-1.6236735112511222
1570,0,3.25393211723989,-1.6723686355289642
1570,1,3.281897096560977,-1.8051285906259023
1570,2,3.3464850482567177,-1.6607165173705538
1570,3,3.2799581205588555,-1.6277028981093196
1570,4,3.2778695654121504,-1.7072372635351754
1570,5,3.198697556837169,-1.5316982158927945
1570,6,3.2655272199801537,-1.715891416038065
1570,7,3.213371400547929,-1.7343430825767323
1570,8,3.3660191659982863,-1.6644048508663523
1570,9,3.195410614773715,-1.699136435200711
1570,10,3.3022129326846454,-1.6087660401348676
1570,11,3.346055077075057,-1.7057390098785472
1570,12,3.3799809067357938,-1.7126527894641324
1570,13,3.229660630376306,-1.707772475411415
1570,14,3.369861289372792,-1.645352292108057
1570,15,3.3205519800423278,-1.6310604037663974
1570,16,3.3443211111153888,-1.7053862633293602
1570,17,3.295881033863289,-1.6925946749976724
1570,18,3.157420906723815,-1.639216528029768
1570,19,3.200699772802725,-1.6244495269502308
1571,0,3.2550753408082462,-1.6731007117794456
1571,1,3.2830017460243828,-1.805729519519166
1571,2,3.34755980976205,-1.6614352566356376
1571,3,3.2810799541624465,-1.628480702421728
1571,4,3.2789864053792717,-1.7079359191696286
1571,5,3.1999090014986207,-1.532564157804964
1571,6,3.2666558498948275,-1.716579982001898
1571,7,3.213371400547929,-1.7343430825767323
1571,8,3.3670521746521165,-1.6651534304697952
1571,9,3.1966482191674075,-1.6997665232002828
1571,10,3.303313177901416,-1.6095661055633992
1571,11,3.347104085706173,-1.7064451111627992
1571,12,3.3809958954881814,-1.7133543945810121
1571,13,3.2308246899602544,-1.7084676994501804
1571,14,3.3709329045174363,-1.646062172400796
1571,15,3.3205519800423278,-1.6310604037663974
1571,16,3.3443211111153888,-1.7053862633293602
1571,17,3.295881033863289,-1.6925946749976724
1571,18,3.1587065693636323,-1.639896940766409
1571,19,3.2019001505011313,-1.62522476950271
1572,0,3.2562174253881926,-1.6738320586657087
1572,1,3.2841052950417007,-1.8063298497701712
1572,2,3.348631722494682,-1.662155938708281
1572,3,3.2822006701756807,-1.6292577318718076
1572,4,3.2801021327076456,-1.708633878776582
1572,5,3.2011173949928513,-1.5334318115012957
1572,6,3.2677833554598266,-1.7172678620110995
1572,7,3.213371400547929,-1.7343430825767323
1572,8,3.3680841542163895,-1.6659012643336457
1572,9,3.197882535238133,-1.700400024355812
1572,10,3.304412326908404,-1.6103653738609498
1572,11,3.3481520492706176,-1.7071505089991508
1572,12,3.3820098731133377,-1.7140553007620292
1572,13,3.2319875897534747,-1.7091622308144423
1572,14,3.3720013310949004,-1.6467745516225667
1572,15,3.3205519800423278,-1.6310604037663974
1572,16,3.3443211111153888,-1.7053862633293602
1572,17,3.295881033863289,-1.6925946749976724
1572,18,3.159988581281647,-1.640581156386826
1572,19,3.2030993322687245,-1.6259992396845784
1573,0,3.2573583721229573,-1.6745626769198323
1573,1,3.285206666099207,-1.8069315605020577
1573,2,3.3497008220219193,-1.6628784984414495
1573,3,3.2833202697203965,-1.6300339872373655
1573,4,3.281216748514116,-1.7093311430546938
1573,5,3.2023245844902064,-1.5342986007008022
1573,6,3.2689097378037855,-1.7179550567542379
1573,7,3.213371400547929,-1.7343430825767323
1573,8,3.369115105724118,-1.6666483532064862
1573,9,3.1991136018198887,-1.7010368329191594
1573,10,3.3055103808058592,-1.6111638458275874
1573,11,3.349198968817403,-1.707855204093706
1573,12,3.383021605555823,-1.7147572920837397
1573,13,3.23314933092003,-1.7098560701994272
1573,14,3.3730666093454973,-1.6474893504503416
1573,15,3.3205519800423278,-1.6310604037663974
1573,16,3.3443211111153888,-1.7053862633293602
1573,17,3.295881033863289,-1.6925946749976724
1573,18,3.161266989309894,-1.6412690520053632
1573,19,3.2042973193058866,-1.6267729382710812
1574,0,3.2584981821546286,-1.675292567273166
1574,1,3.2863069398223175,-1.8075326717285571
1574,2,3.350767143404744,-1.6636028723747514
1574,3,3.284438753917314,-1.630809469295434
1574,4,3.2823302539144152,-1.7100277127019263
1574,5,3.203530571199084,-1.53516452627114
1574,6,3.2700349980542134,-1.7186415669191957
1574,7,3.213371400547929,-1.7343430825767323
1574,8,3.370145030207286,-1.6673946978361533
1574,9,3.2003414574384466,-1.7016768460189604
1574,10,3.3066073406929344,-1.6119615222625836
1574,11,3.350244845394497,-1.7085591971518654
1574,12,3.3840323299762622,-1.7154585839885896
1574,13,3.234309914622825,-1.710549218299669
1574,14,3.3741287790339887,-1.648206491632115
1574,15,3.3205519800423278,-1.6310604037663974
1574,16,3.3443211111153888,-1.7053862633293602
1574,17,3.295881033863289,-1.6925946749976724
1574,18,3.1625418398740868,-1.6419605082442519
1574,19,3.2054941128118037,-1.6275458660366917
1575,0,3.259636856624158,-1.676021730456331
1575,1,3.287406117312408,-1.8081331840513823
1575,2,3.351830721196857,-1.6643289986879088
1575,3,3.285556123886037,-1.6315841788222716
1575,4,3.2834426500231624,-1.7107235884155463
1575,5,3.2047353563266774,-1.5360295890791016
1575,6,3.2711578428510917,-1.7193295104985828
1575,7,3.213371400547929,-1.7343430825767323
1575,8,3.371172570874576,-1.6681421691260983
1575,9,3.201566140289532,-1.7023199635783703
1575,10,3.3077032076676876,-1.6127584039644132
1575,11,3.351289680048823,-1.7092624888783265
1575,12,3.3850420473863907,-1.7161591771785727
1575,13,3.2354693420236047,-1.7112416758090099
1575,14,3.375187879441772,-1.6489258999293996
1575,15,3.3205519800423278,-1.6310604037663974
1575,16,3.3443211111153888,-1.7053862633293602
1575,17,3.295881033863289,-1.6925946749976724
1575,18,3.1625418398740868,-1.6419605082442519
1575,19,3.206689713984468,-1.6283180237551114
1576,0,3.260774396671359,-1.6767501671992202
1576,1,3.288504199669756,-1.808733098071647
1576,2,3.3528915894443476,-1.6650568171555875
1576,3,3.2866708746358757,-1.6323602843657115
1576,4,3.2845539379538673,-1.711418770892126
1576,5,3.205938941078978,-1.5368937899906157
1576,6,3.272279568912672,-1.7200167686521948
1576,7,3.213371400547929,-1.7343430825767323
1576,8,3.3721990877691397,-1.6688888956856933
1576,9,3.202787688219041,-1.7029660882351965
1576,10,3.308797982827083,-1.6135544917307554
1576,11,3.352333473826261,-1.7099650799770854
1576,12,3.386050758796937,-1.7168590723549835
1576,13,3.2366276142829573,-1.7119334434206002
1576,14,3.3762439493601475,-1.6496475020613794
1576,15,3.3205519800423278,-1.6310604037663974
1576,16,3.3443211111153888,-1.7053862633293602
1576,17,3.295881033863289,-1.6925946749976724
1576,18,3.1625418398740868,-1.6419605082442519
1576,19,3.2078841240206764,-1.6290894121992707
1577,0,3.261910803434911,-1.6774778782309994
1577,1,3.2896011879935427,-1.8093324143898653
1577,2,3.3539497816859476,-1.665786269103542
1577,3,3.287784514706563,-1.6331356166383137
1577,4,3.2856641188189304,-1.712113260827544
1577,5,3.2071413266607753,-1.5377571298707484
1577,6,3.2734001773618027,-1.7207033420679776
1577,7,3.213371400547929,-1.7343430825767323
1577,8,3.3732245819185214,-1.6696348782624126
1577,9,3.204006138705156,-1.7036151252643565
1577,10,3.3098916672669914,-1.614349786358495
1577,11,3.3533762277716503,-1.710666971151436
1577,12,3.387058465217622,-1.7175582702184176
1577,13,3.237784732560314,-1.7126245218269
1577,14,3.3772970270845954,-1.6503712266506774
1577,15,3.3205519800423278,-1.6310604037663974
1577,16,3.3443211111153888,-1.7053862633293602
1577,17,3.295881033863289,-1.6925946749976724
1577,18,3.1625418398740868,-1.6419605082442519
1577,19,3.2090773441160354,-1.6298600321413304
1578,0,3.263046078052358,-1.6782048642801082
1578,1,3.290697083381855,-1.8099311336059536
1578,2,3.355005330953824,-1.666517297366041
1578,3,3.288897045212854,-1.6339101764161865
1578,4,3.2867731937296436,-1.7128070589169853
1578,5,3.2083425142756585,-1.5386196095837037
1578,6,3.2745196693202145,-1.721389231433192
1578,7,3.213371400547929,-1.7343430825767323
1578,8,3.3742490543492414,-1.6703801176029855
1578,9,3.2052215288422437,-1.7042669825026007
1578,10,3.310984262082192,-1.6151442886437226
1578,11,3.3544179429287886,-1.7113681631039723
1578,12,3.3880651676571607,-1.7182567714687729
1578,13,3.238940698013952,-1.7133149117196798
1578,14,3.3783471504099962,-1.6510970041706892
1578,15,3.3205519800423278,-1.6310604037663974
1578,16,3.3443211111153888,-1.7053862633293602
1578,17,3.297036581174738,-1.6932159767005261
1578,18,3.1625418398740868,-1.6419605082442519
1578,19,3.210269375464959,-1.6306298843526816
1579,0,3.2641802216601112,-1.6789311260742603
1579,1,3.291791886931685,-1.8105292563192303
1579,2,3.3560582697748775,-1.6672498462445313
1579,3,3.2900084672683927,-1.6346839644746651
1579,4,3.2878798655901047,-1.7135022368000308
1579,5,3.2095425051260174,-1.5394812299928244
1579,6,3.27563804590852,-1.722074437434414
1579,7,3.213371400547929,-1.7343430825767323
1579,8,3.375272506086798,-1.6711246144533973
1579,9,3.206433895326425,-1.7049215702754388
1579,10,3.312075768366373,-1.6159379993817358
1579,11,3.3554573617942154,-1.7120705226603539
1579,12,3.3890708671232637,-1.7189545768052497
1579,13,3.2400955118009933,-1.7140046137900202
1579,14,3.3793943566267344,-1.6518247668944432
1579,15,3.3205519800423278,-1.6310604037663974
1579,16,3.3443211111153888,-1.7053862633293602
1579,17,3.298188721286285,-1.6938408663293778
1579,18,3.1625418398740868,-1.6419605082442519
1579,19,3.211460219260672,-1.6313989696039473
1580,0,3.265313235393449,-1.6796566643404445
1580,1,3.292885599738932,-1.811126783128417
1580,2,3.357108630172499,-1.6679838614675089
1580,3,3.291118781985714,-1.635456981588312
1580,4,3.288985434829774,-1.7141967220499523
1580,5,3.210741300413044,-1.5403419919605938
1580,6,3.276755308246215,-1.722758960757535
1580,7,3.213371400547929,-1.7343430825767323
1580,8,3.3762949381556675,-1.67186836955889
1580,9,3.2076432744427015,-1.7055788013262108
1580,10,3.313166187212133,-1.6167309193670398
1580,11,3.3564957450483734,-1.7127721824300612
1580,12,3.3900755646226366,-1.7196516869263518
1580,13,3.241249175077408,-1.7146936287283139
1580,14,3.380438682517625,-1.652554448844941
1580,15,3.3205519800423278,-1.6310604037663974
1580,16,3.3443211111153888,-1.7053862633293602
1580,17,3.2993374929423487,-1.6944692378324764
1580,18,3.1625418398740868,-1.6419605082442519
1580,19,3.21264987669521,-1.6321672886649825
1581,0,3.26644512038652,-1.6803814798049252
1581,1,3.2939782228984034,-1.8117237146316385
1581,2,3.3581564436687583,-1.6687192901515564
1581,3,3.2922279904762433,-1.6362292285309181
1581,4,3.290089902555327,-1.7148905153619303
1581,5,3.2119389013367337,-1.5412018963486351
1581,6,3.2778714574516803,-1.7234428020877641
1581,7,3.213371400547929,-1.7343430825767323
1581,8,3.3773163515793048,-1.6726113836639633
1581,9,3.208849702053542,-1.7062385907472442
1581,10,3.3142555197109833,-1.6175230493933483
1581,11,3.357533093730686,-1.7134731431154564
1581,12,3.391079261160983,-1.7203481025298875
1581,13,3.242401688998014,-1.7153819572242652
1581,14,3.381480164355607,-1.6532859857469389
1581,15,3.3205519800423278,-1.6310604037663974
1581,16,3.3443211111153888,-1.7053862633293602
1581,17,3.300482934695603,-1.6951009879430063
1581,18,3.1625418398740868,-1.6419605082442519
1581,19,3.2138383489594213,-1.6329348423048753
1582,0,3.2675758777723414,-1.6811055731932436
1582,1,3.2950697575038164,-1.812320051426424
1582,2,3.3592017412869883,-1.6694560807635155
1582,3,3.2933360938503,-1.6370007060755034
1582,4,3.291193269872337,-1.7155836174304524
1582,5,3.213135309095886,-1.5420609440177138
1582,6,3.2789864946421825,-1.7241259621096268
1582,7,3.213371400547929,-1.7343430825767323
1582,8,3.378336747380146,-1.673353657512375
1582,9,3.2100532135888327,-1.7069008559130396
1582,10,3.315343766953346,-1.6183143902535844
1582,11,3.3585694088795397,-1.7141734054182016
1582,12,3.392081957743004,-1.721043824312969
1582,13,3.243553054716479,-1.716069599966892
1582,14,3.3825188379021536,-1.6540193149801266
1582,15,3.3205519800423278,-1.6310604037663974
1582,16,3.3443211111153888,-1.7053862633293602
1582,17,3.301625084880122,-1.6957360161025126
1582,18,3.1625418398740868,-1.6419605082442519
1582,19,3.215025637242968,-1.6337016312919477
1583,0,3.268705508682803,-1.6818289452302178
1583,1,3.2961602046477982,-1.812915794109707
1583,2,3.3602445535547294,-1.6701941830837594
1583,3,3.2944430932170965,-1.6377714149943177
1583,4,3.2922955378852765,-1.7162760289493146
1583,5,3.2143305248881067,-1.542919135827737
1583,6,3.2801004209338744,-1.724808441506967
1583,7,3.213371400547929,-1.7343430825767323
1583,8,3.3793561265796086,-1.674095191847142
1583,9,3.2112538440371012,-1.7075655164154273
1583,10,3.316430930028558,-1.6191049427398807
1583,11,3.359604691532287,-1.7148729700392602
1583,12,3.3930836553723998,-1.721738852972015
1583,13,3.244703273385321,-1.716756557644525
1583,14,3.3835547384063456,-1.6547543755336673
1583,15,3.3216883646367648,-1.631755149317247
1583,16,3.3443211111153888,-1.7053862633293602
1583,17,3.302763981586676,-1.6963742243864162
1583,18,3.1625418398740868,-1.6419605082442519
1583,19,3.2162117427343264,-1.6344676563937561
1584,0,3.2698340142486666,-1.6825515966399438
1584,1,3.2972495654218874,-1.8135109432778265
1584,2,3.36128491050701,-1.670933548170533
1584,3,3.2955489896847405,-1.638541356058841
1584,4,3.293396707697516,-1.7169677506116214
1584,5,3.2155245499098077,-1.5437764726377559
1584,6,3.281213237441798,-1.7254902409629476
1584,7,3.213371400547929,-1.7343430825767323
1584,8,3.3803744901980917,-1.674835987410541
1584,9,3.212451627937928,-1.7082324940006395
1584,10,3.317517010024871,-1.6198947076435812
1584,11,3.360638942725247,-1.715571837678897
1584,12,3.3940843550518704,-1.7224331892027493
1584,13,3.2458523461559103,-1.7174428309448098
1584,14,3.384587900604567,-1.6554911079620553
1584,15,3.3228211690634035,-1.6324532149343156
1584,16,3.3443211111153888,-1.7053862633293602
1584,17,3.3038996626400485,-1.6970155174315735
1584,18,3.1625418398740868,-1.6419605082442519
1584,19,3.2173966666207896,-1.6352329183770926
1585,0,3.2709613955995667,-1.6832735281457964
1585,1,3.298337840916535,-1.8141054995265276
1585,2,3.3623228416899336,-1.6716741283253274
1585,3,3.296653784360235,-1.6393105300397857
1585,4,3.294496780411328,-1.717658783109787
1585,5,3.216717385356209,-1.5446329553059652
1585,6,3.2823249452798833,-1.72617136116005
1585,7,3.213371400547929,-1.7343430825767323
1585,8,3.3803744901980917,-1.674835987410541
1585,9,3.213646599375467,-1.7089017125082449
1585,10,3.3186020080294516,-1.6206836857552416
1585,11,3.361672163493706,-1.7162700090366794
1585,12,3.395084057783118,-1.7231268337002037
1585,13,3.2470002741784696,-1.7181284205547063
1585,14,3.385618358720775,-1.6562294543422564
1585,15,3.3239504384926333,-1.6331544974579622
1585,16,3.3443211111153888,-1.7053862633293602
1585,17,3.305032165578263,-1.6976598023658316
1585,18,3.1625418398740868,-1.6419605082442519
1585,19,3.2185804100884674,-1.635997418007985
1586,0,3.272086272422269,-1.6839968932190372
1586,1,3.2994250322211065,-1.8146994634509614
1586,2,3.3633583761645456,-1.67241587705926
1586,3,3.2977574783494807,-1.6400789377070952
1586,4,3.295595757127886,-1.7183491271355356
1586,5,3.2179090324213404,-1.5454885846897053
1586,6,3.283435545560951,-1.7268518027800763
1586,7,3.213371400547929,-1.7343430825767323
1586,8,3.3803744901980917,-1.674835987410541
1586,9,3.2148387919729977,-1.7095730978118902
1586,10,3.319685925128384,-1.6214718778646293
1586,11,3.3627043548719198,-1.7169674848114773
1586,12,3.396082764566845,-1.7238197871587166
1586,13,3.248147058602076,-1.7188133271604906
1586,14,3.386646146467301,-1.6569693582320928
1586,15,3.3250762176979585,-1.6338588965113006
1586,16,3.3443211111153888,-1.7053862633293602
1586,17,3.306161527633598,-1.6983069887395352
1586,18,3.1625418398740868,-1.6419605082442519
1586,19,3.2197614343619527,-1.636763535252254
1587,0,3.2732100284762278,-1.6847195375689525
1587,1,3.3005111404238807,-1.8152928356456868
1587,2,3.3643928789698707,-1.6731568868130755
1587,3,3.2988600727572766,-1.6408465798299465
1587,4,3.2966936389472674,-1.7190387833799021
1587,5,3.219099492298042,-1.5463433616454616
1587,6,3.284545039396713,-1.7275315665041495
1587,7,3.213371400547929,-1.7343430825767323
1587,8,3.3803744901980917,-1.674835987410541
1587,9,3.216028238888444,-1.7102465777617974
1587,10,3.32076876240667,-1.6222592847607258
1587,11,3.363735517893112,-1.717664265701465
1587,12,3.397080476402759,-1.7245120502719353
1587,13,3.249292700574662,-1.719497551447755
1587,14,3.3876712970461536,-1.657710764629835
1587,15,3.3261985510354792,-1.6345663144209401
1587,16,3.3443211111153888,-1.7053862633293602
1587,17,3.307287785715291,-1.6989569884589373
1587,18,3.1625418398740868,-1.6419605082442519
1587,19,3.2209412819141443,-1.6375288891705737
1588,0,3.274332664886324,-1.68544146191891
1588,1,3.3015961666120535,-1.8158856167046695
1588,2,3.365426351141447,-1.6738971583285251
1588,3,3.2999615686873205,-1.6416134571767502
1588,4,3.2977904269684526,-1.7197277525332333
1588,5,3.2202887661779642,-1.547197287028867
1588,6,3.285653427897774,-1.7282106530127135
1588,7,3.213371400547929,-1.7343430825767323
1588,8,3.3803744901980917,-1.674835987410541
1588,9,3.2172149728107815,-1.7109220821289657
1588,10,3.321850520948231,-1.6230459072317258
1588,11,3.3647656535894783,-1.7183603524041204
1588,12,3.3980771942895696,-1.7252036237328159
1588,13,3.2504372012430163,-1.7201810941014086
1588,14,3.3886938431507705,-1.6584536199349678
1588,15,3.327317482425342,-1.6352766561400145
1588,16,3.3443211111153888,-1.7053862633293602
1588,17,3.3084109763938208,-1.6996097157214674
1588,18,3.1625418398740868,-1.6419605082442519
1588,19,3.222119953926071,-1.638293480529064
1589,0,3.2754541827763175,-1.6861626669915568
1589,1,3.302680111871737,-1.8164778072212844
1589,2,3.366458793713781,-1.6746366923466216
1589,3,3.301061967242211,-1.6423795705151512
1589,4,3.2988861222893275,-1.7204160352851876
1589,5,3.2214768552515727,-1.5480503616947014
1589,6,3.2867607121736317,-1.7288890629855347
1589,7,3.213371400547929,-1.7343430825767323
1589,8,3.3803744901980917,-1.674835987410541
1589,9,3.2183990259572863,-1.7115995425510275
1589,10,3.322931201835909,-1.6238317460650395
1589,11,3.365794762992185,-1.7190557456162274
1589,12,3.3990729192249924,-1.725894508233624
1589,13,3.2515805617527853,-1.7208639558056782
1589,14,3.389713816968202,-1.6591978719100926
1589,15,3.3284330553350436,-1.6359898291734407
1589,16,3.3454214477368027,-1.706012548553578
1589,17,3.3095311358866812,-1.7002650869528122
1589,18,3.1625418398740868,-1.6419605082442519
1589,19,3.2232974515775847,-1.6390573100930819
1590,0,3.276574583268849,-1.6868831535088198
1590,1,3.303762977287961,-1.8170694077883143
1590,2,3.3674902077203495,-1.6753754896076392
1590,3,3.3021612695234484,-1.6431449206120297
1590,4,3.2999807260066842,-1.721103632324737
1590,5,3.2226637607081448,-1.5489025864968937
1590,6,3.2878668933326787,-1.7295667971017021
1590,7,3.213371400547929,-1.7343430825767323
1590,8,3.3803744901980917,-1.674835987410541
1590,9,3.2195804300715487,-1.7122788924797108
1590,10,3.3240108061514655,-1.6246168020472922
1590,11,3.3668228471313726,-1.719750446033875
1590,12,3.40006765220575,-1.7265847044659355
1590,13,3.252722783248474,-1.721546137244109
1590,14,3.39073125018168,-1.6599434696439364
1590,15,3.3295453127644654,-1.63670574350535
1590,16,3.3465186038614685,-1.7066418810862976
1590,17,3.3106483000455516,-1.700923020745763
1590,18,3.1625418398740868,-1.6419605082442519
1590,19,3.224473776047361,-1.6398203786272212
1591,0,3.27769386748544,-1.6876029221919067
1591,1,3.3048447639446756,-1.8176604189979522
1591,2,3.368520594193598,-1.6761135508511145
1591,3,3.303259476631435,-1.643909508233502
1591,4,3.301074239216222,-1.7217905443401669
1591,5,3.2238494837357745,-1.5497539622885215
1591,6,3.2889719724822037,-1.7302438560396283
1591,7,3.213371400547929,-1.7343430825767323
1591,8,3.3803744901980917,-1.674835987410541
1591,9,3.2207592164222114,-1.7129600671298593
1591,10,3.3240108061514655,-1.6246168020472922
1591,11,3.3678499070361534,-1.720444454352459
1591,12,3.4010613942275696,-1.7272742131206378
1591,13,3.2538638668734468,-1.7222276390995652
1591,14,3.39174617397355,-1.6606903635154302
1591,15,3.3306542972325355,-1.6374243115286349
1591,16,3.3476126156140427,-1.7072741714046058
1591,17,3.311762504344776,-1.7015834378007848
1591,18,3.1625418398740868,-1.6419605082442519
1591,19,3.2256489285129026,-1.6405826868953144
1592,0,3.278812036546496,-1.6883219737613067
1592,1,3.30592547292475,-1.8182508414418008
1592,2,3.369549954164945,-1.6768508768158477
1592,3,3.304356589665477,-1.644673334144921
1592,4,3.3021666630125486,-1.7224767720190768
1592,5,3.2250340255213716,-1.5506044899218128
1592,6,3.290075950728392,-1.7309202404770498
1592,7,3.214602194543774,-1.7349072067510984
1592,8,3.3803744901980917,-1.674835987410541
1592,9,3.2219354158023688,-1.7136430034299646
1592,10,3.3240108061514655,-1.6246168020472922
1592,11,3.368875943734616,-1.7211377712666827
1592,12,3.402054146285189,-1.7279630348879296
1592,13,3.2550025177365454,-1.7229106274115928
1592,14,3.3927586190285335,-1.6614385051588298
1592,15,3.3317600507654093,-1.638145447976555
1592,16,3.3487035188587,-1.7079093322685757
1592,17,3.312873783871076,-1.7022462608682611
1592,18,3.1625418398740868,-1.6419605082442519
1592,19,3.226822910150538,-1.6413442356604329
1593,0,3.2799290915713044,-1.6890403089367911
1593,1,3.3070051053099747,-1.8188406757108737
1593,2,3.3705782886647806,-1.6775874682399026
1593,3,3.3054526097237864,-1.645436399110877
1593,4,3.3032579984891814,-1.723162316048381
1593,5,3.2262173872506636,-1.5514541702481466
1593,6,3.291178829176326,-1.7315959510910282
1593,7,3.2158296274117912,-1.7354754389230223
1593,8,3.3803744901980917,-1.674835987410541
1593,9,3.2231090585295874,-1.7143276399741652
1593,10,3.3240108061514655,-1.6246168020472922
1593,11,3.3699009582538237,-1.7218303974705567
1593,12,3.4030447200406084,-1.728652881405642
1593,13,3.25614003411619,-1.7235929352350143
1593,14,3.3937686155372937,-1.6621878474298435
1593,15,3.3328626148860745,-1.6388690698563466
1593,16,3.349791349181635,-1.7085472786599836
1593,17,3.3139821733144137,-1.7029114146923745
1593,18,3.1638388601455563,-1.642606208438192
1593,19,3.227995722135424,-1.6421050256848877
1594,0,3.281045033678039,-1.6897579284374142
1594,1,3.308082624181375,-1.8194318183851952
1594,2,3.3716055987224687,-1.678323325860608
1594,3,3.3065475379034797,-1.6461987038951988
1594,4,3.3043482467385488,-1.7238471771143102
1594,5,3.227399570108197,-1.5523030041180539
1594,6,3.2922806089299894,-1.7322709885579504
1594,7,3.217053734241526,-1.7360476590668825
1594,8,3.3803744901980917,-1.674835987410541
1594,9,3.2242801744464917,-1.7150139169756677
1594,10,3.3240108061514655,-1.6246168020472922
1594,11,3.370924951619817,-1.7225223336574005
1594,12,3.404034306855264,-1.7293420406068924
1594,13,3.2572764171510364,-1.7242745632528202
1594,14,3.3947761932002805,-1.6629383443727401
1594,15,3.333962030605286,-1.6395950963847827
1594,16,3.3508761418750637,-1.7091879277226845
1594,17,3.315087706959939,-1.703578825956575
1594,18,3.1651319618193465,-1.6432565498709457
1594,19,3.2291673656415463,-1.6428650577302304
1595,0,3.2821598639837584,-1.6904748329815138
1595,1,3.3091590694883566,-1.8200223720863131
1595,2,3.3726318853663475,-1.6790584504145585
1595,3,3.307641375300581,-1.6469602492609547
1595,4,3.3054374088519896,-1.7245313559024107
1595,5,3.2285805752773373,-1.5531509923812181
1595,6,3.293381291092264,-1.7329453535535295
1595,7,3.2182745501205248,-1.736623750343737
1595,8,3.3803744901980917,-1.674835987410541
1595,9,3.225450123702602,-1.7156995103108825
1595,10,3.3240108061514655,-1.6246168020472922
1595,11,3.371947924857615,-1.7232135805198432
1595,12,3.4050229077197334,-1.7300305131815297
1595,13,3.258411667978605,-1.724955512147321
1595,14,3.39578138123183,-1.6636899511884065
1595,15,3.3350583384137447,-1.6403234489256264
1595,16,3.351957931922635,-1.7098311987046073
1595,17,3.316190418680948,-1.7042484232305972
1595,18,3.1664211922716285,-1.6439113870466024
1595,19,3.2303378418417217,-1.6436243325572537
1596,0,3.283273583604409,-1.691191023286712
1596,1,3.310234442308442,-1.8206123374053722
1596,2,3.3736571496237313,-1.679792842637614
1596,3,3.308734123010023,-1.647721035970452
1596,4,3.3065254859197566,-1.7252148530975462
1596,5,3.2297586417891835,-1.5540005846870046
1596,6,3.2944808767649345,-1.7336190467528056
1596,7,3.2194921100962857,-1.7372035990135415
1596,8,3.3803744901980917,-1.674835987410541
1596,9,3.226617578010647,-1.7163866843252213
1596,10,3.3240108061514655,-1.6246168020472922
1596,11,3.372969878991214,-1.7239041387498233
1596,12,3.4060105236236065,-1.7307182998187156
1596,13,3.259545787735283,-1.725635782600147
1596,14,3.396784208364495,-1.6644426242033254
1596,15,3.3361515782754396,-1.641054050928928
1596,16,3.3530367539861734,-1.7104770129013331
1596,17,3.3172903419327886,-1.7049201369189833
1596,18,3.1677065987526625,-1.6445705786223515
1596,19,3.2315071519075977,-1.6443828509259926
1597,0,3.284386193654826,-1.691906500069916
1597,1,3.311308743718081,-1.8212017149329285
1597,2,3.3746813925209103,-1.6805265032649022
1597,3,3.309825782125647,-1.6484810647852388
1597,4,3.307612479031016,-1.725897669383898
1597,5,3.230935534520091,-1.5548493304911342
1597,6,3.2955781240949316,-1.734294093356308
1597,7,3.220706449141016,-1.7377870943497187
1597,8,3.3803744901980917,-1.674835987410541
1597,9,3.2277838691278977,-1.717073173675088
1597,10,3.3240108061514655,-1.6246168020472922
1597,11,3.3739908150435913,-1.7245940090385905
1597,12,3.406997155555488,-1.731405401206925
1597,13,3.260678777556325,-1.7263153752922498
1597,14,3.397786036405954,-1.6651945473492336
1597,15,3.3372417896220723,-1.641786827872113
1597,16,3.3541126423936674,-1.7111252936012151
1597,17,3.3183875097476565,-1.70559389921107
1597,18,3.1689882283371595,-1.6452339872850048
1597,19,3.232675297009655,-1.6451406135957245
1598,0,3.2854976952487323,-1.6926212640473188
1598,1,3.3123819747926495,-1.8217905052589494
1598,2,3.375703293160411,-1.6812612750230929
1598,3,3.310916353740205,-1.649240336466105
1598,4,3.3086983892738484,-1.7265798054449664
1598,5,3.2321112546481303,-1.5556972306432022
1598,6,3.296674278198785,-1.734968467387114
1598,7,3.221917602119024,-1.7383741285560292
1598,8,3.3803744901980917,-1.674835987410541
1598,9,3.2289489982218127,-1.7177589790476588
1598,10,3.3240108061514655,-1.6246168020472922
1598,11,3.3750107340367053,-1.7252831920767056
1598,12,3.4079828045029976,-1.7320918180339475
1598,13,3.2618106385758554,-1.7269942909039022
1598,14,3.3987868663590377,-1.6659457213788065
1598,15,3.338329011348493,-1.6425217072028098
1598,16,3.3551856311284363,-1.7117759660320055
1598,17,3.3194819547302163,-1.7062696440324006
1598,18,3.170266127878717,-1.6459014796311178
1598,19,3.233842278317208,-1.6458976213249707
1599,0,3.2866080894987424,-1.6933353159343998
1599,1,3.3134541366064534,-1.8223787089728145
1599,2,3.3767241756468542,-1.6819953147041289
1599,3,3.31200439564128,-1.6500009206525534
1599,4,3.3097832177352515,-1.7272612619635694
1599,5,3.2332858033501988,-1.5565442859919576
1599,6,3.297769340173746,-1.7356421695202728
1599,7,3.223125603756601,-1.7389645966857004
1599,8,3.3803744901980917,-1.674835987410541
1599,9,3.230112966458687,-1.718444101129426
1599,10,3.3240108061514655,-1.6246168020472922
1599,11,3.3760296369914955,-1.7259716885540413
1599,12,3.408967471452771,-1.7327775509868868
1599,13,3.262941371926868,-1.7276725301146996
1599,14,3.3997866992255785,-1.6666961470439703
1599,15,3.339413281809082,-1.643258618283366
1599,16,3.3562557538194016,-1.7124289573089493
1599,17,3.320573709054001,-1.7069473069975227
1599,18,3.1715403439680725,-1.6465729260506252
1599,19,3.235008096998406,-1.6466538748714967
1600,0,3.287717377516362,-1.6940486564459256
1600,1,3.3145252302327277,-1.8229663266633163
1600,2,3.3777440410021438,-1.682728623042785
1600,3,3.313091353482541,-1.6507607470384513
1600,4,3.3108657176501692,-1.7279440220783098
1600,5,3.2344591818020203,-1.5573904973853034
1600,6,3.2988633111159724,-1.736315200430161
1600,7,3.224330488614237,-1.7395583965627603
1600,8,3.3803744901980917,-1.674835987410541
1600,9,3.2312757750036543,-1.7191285406061971
1600,10,3.3240108061514655,-1.6246168020472922
1600,11,3.377046314521552,-1.726661287046134
1600,12,3.4099511573904606,-1.733462600752162
1600,13,3.264070978741228,-1.7283500936035598
1600,14,3.40078553600641,-1.6674458250959017
1600,15,3.3404946388150036,-1.643997492337008
1600,16,3.3573230437323947,-1.7130841963843093
1600,17,3.321662804458533,-1.7076268253641316
1600,18,3.1728109228949317,-1.6472482006139137
1600,19,3.2361727542202345,-1.647409374992313
1601,0,3.2888255604119894,-1.694761286295951
1601,1,3.315595256743638,-1.8235533589186608
1601,2,3.378762890247166,-1.6834612007731031
1601,3,3.3141772283520337,-1.6515198163843854
1601,4,3.3119471390262576,-1.7286261019312923
1601,5,3.2356313911781482,-1.5582358656702984
1601,6,3.2999561921205305,-1.736987560790483
1601,7,3.2255322910610404,-1.740155428705533
1601,8,3.3803744901980917,-1.674835987410541
1601,9,3.232437425020687,-1.719812298163097
1601,10,3.3240108061514655,-1.6246168020472922
1601,11,3.378061979103351,-1.7273501984692492
1601,12,3.4109338633007367,-1.734146968015509
1601,13,3.2651994601496726,-1.7290269820487247
1601,14,3.401783377701368,-1.6681947562850292
1601,15,3.3415731196322844,-1.6447382623955935
1601,16,3.358387533762441,-1.713741613998286
1601,17,3.3227492722471217,-1.7083081379885223
1601,18,3.174077910613147,-1.6479271809622442
1601,19,3.2373362511485166,-1.6481641224436763
1602,0,3.289932639294917,-1.6954732061978188
1602,1,3.316664217210282,-1.8241398063264678
1602,2,3.37978072440179,-1.6841930486283945
1602,3,3.31526202133672,-1.652278129450185
1602,4,3.3130274829460205,-1.7293075022052797
1602,5,3.2368024326519653,-1.5590803916931566
1602,6,3.3010479842813956,-1.7376592512742723
1602,7,3.2267310452512272,-1.7407555962522427
1602,8,3.3803744901980917,-1.674835987410541
1602,9,3.233597917672598,-1.7204953744845675
1602,10,3.3240108061514655,-1.6246168020472922
1602,11,3.3790766317535743,-1.7280384235129882
1602,12,3.4119155901672893,-1.73483065346198
1602,13,3.266326817281813,-1.7297031961277602
1602,14,3.402780225309294,-1.6689429413610337
1602,15,3.342648760980642,-1.6454808632489104
1602,16,3.359449256426958,-1.7144011426312933
1602,17,3.323833143285288,-1.708991185282315
1602,18,3.175341352709028,-1.6486097482014457
1602,19,3.238498588947914,-1.648918117981089
1603,0,3.2910386152733313,-1.6961844168641618
1603,1,3.31773211270269,-1.8247256694737717
1603,2,3.3807975444848686,-1.6849241673412396
1603,3,3.316345733522479,-1.653035686994922
1603,4,3.314106750490883,-1.7299882235823545
1603,5,3.237972307395685,-1.5599240762992497
1603,6,3.302138688691452,-1.7383302725538918
1603,7,3.227926785102558,-1.7413588048886808
1603,8,3.381442562764179,-1.6755007469536167
1603,9,3.234757254121041,-1.7211777702543687
1603,10,3.3240108061514655,-1.6246168020472922
1603,11,3.3800902734878897,-1.7287259628662648
1603,12,3.412896338972828,-1.7355136577759445
1603,13,3.2674530512661355,-1.7303787365175576
1603,14,3.4037760798280323,-1.6696903810728492
1603,15,3.3437215990330262,-1.6462252313954777
1603,16,3.360508243859814,-1.7150627164575607
1603,17,3.3249144479997783,-1.7096759091704141
1603,18,3.1766012943725856,-1.6492957867987954
1603,19,3.239659768781928,-1.6496713623593016
1604,0,3.2921434894543156,-1.6968949190069025
1604,1,3.318798944289827,-1.825310948947022
1604,2,3.38181335151424,-1.685654557643489
1604,3,3.317428365994107,-1.6537924897769127
1604,4,3.3151849427411935,-1.730668266743919
1604,5,3.239141016580353,-1.5607669203331067
1604,6,3.3032283064424965,-1.7390006253010344
1604,7,3.229119544276604,-1.7419649627778842
1604,8,3.382507404967351,-1.6761683331370816
1604,9,3.235915435526514,-1.7218594861555794
1604,10,3.3240108061514655,-1.6246168020472922
1604,11,3.3811029053209536,-1.7294128172173064
1604,12,3.413876110699083,-1.7361959816410908
1604,13,3.2685781632300004,-1.7310536038943332
1604,14,3.4047709422544354,-1.6704370761686635
1604,15,3.344791669415809,-1.646971304994804
1604,16,3.3615645278061885,-1.7157262713000194
1604,17,3.325993216378119,-1.7103622530501696
1604,18,3.1778577803715167,-1.6499851844830036
1604,19,3.2408197918129007,-1.6504238563323126
1605,0,3.2932472629438503,-1.6976047133372543
1605,1,3.3198647130395917,-1.8258956453320845
1605,2,3.382828146506728,-1.6863842202662638
1605,3,3.3185099198353205,-1.654548538553717
1605,4,3.316262060776223,-1.7313476323706976
1605,5,3.240308561375849,-1.5616089246384155
1605,6,3.3043168386252373,-1.7396703101867237
1605,7,3.230309356160732,-1.742573980491779
1605,8,3.3835690553189144,-1.6768386609404684
1605,9,3.237072463048357,-1.722540522870598
1605,10,3.3240108061514655,-1.6246168020472922
1605,11,3.382114528266411,-1.7300989872536552
1605,12,3.4148549063268065,-1.7368776257404255
1605,13,3.2697021542996465,-1.7317277989336297
1605,14,3.4057648135843612,-1.6711830273959192
1605,15,3.3458590072095826,-1.6477190238210595
1605,16,3.362618139618189,-1.716391744586445
1605,17,3.327069477968682,-1.7110501617517035
1605,18,3.1791108550277536,-1.6506778321472206
1605,19,3.241978659202016,-1.651175600653369
1606,0,3.2943499368468134,-1.698313800565722
1606,1,3.32092942001882,-1.8264797592142403
1606,2,3.3838419304781433,-1.6871131559399573
1606,3,3.3195903961287563,-1.6553038340821409
1606,4,3.317338105674168,-1.7320263211427356
1606,5,3.241474942950886,-1.562450090058023
1606,6,3.305404286329296,-1.740339327881315
1606,7,3.231496253851707,-1.7431857709447398
1606,8,3.38462755198179,-1.6775116475212062
1606,9,3.2382283378447556,-1.7232208810811427
1606,10,3.3240108061514655,-1.6246168020472922
1606,11,3.3831251433368985,-1.7307844736621678
1606,12,3.4158327268357747,-1.7375585907562752
1606,13,3.27082502560019,-1.7324013223103174
1606,14,3.4067576948126757,-1.671928235501314
1606,15,3.34692364695052,-1.64846832921812
1606,16,3.363669110251173,-1.7170590753068178
1606,17,3.3281432618812183,-1.7117395814993694
1606,18,3.1803605621964075,-1.6513736237549854
1606,19,3.243136372109302,-1.6519265960749678
1607,0,3.295451512266983,-1.6990221814021023
1607,1,3.321993066293285,-1.8270632911781883
1607,2,3.384854704443285,-1.6878413653942346
1607,3,3.320669795955972,-1.6560583771182356
1607,4,3.31841307851215,-1.7327043337394012
1607,5,3.242640162473013,-1.5632904174339366
1607,6,3.3064906506432092,-1.741007679054496
1607,7,3.232680270140809,-1.7438002493290166
1607,8,3.3856829327567555,-1.6781872121556187
1607,9,3.239383061072742,-1.723900561468253
1607,10,3.3240108061514655,-1.6246168020472922
1607,11,3.384134751544042,-1.731469277129017
1607,12,3.416809573204786,-1.7382388773702866
1607,13,3.2719467782556255,-1.7330741746985936
1607,14,3.407749586933254,-1.6726727012308023
1607,15,3.347985622632249,-1.649219164055941
1607,16,3.3647174702607328,-1.7177282039718722
1607,17,3.3292145967878306,-1.712430459874312
1607,18,3.1816069452469478,-1.6520724562490336
1607,19,3.2442929316936295,-1.652676843348856
1608,0,3.296551990307037,-1.6997298565554855
1608,1,3.3230556529276973,-1.8276462418080444
1608,2,3.38586646941594,-1.6885688493580342
1608,3,3.3217481203974475,-1.6568121684172994
1608,4,3.319486980366219,-1.7333816708393859
1608,5,3.243804221108616,-1.564129907607325
1608,6,3.3075759326544283,-1.7416753643752865
1608,7,3.233861437500375,-1.7444173330519817
1608,8,3.386735235070012,-1.6788652761815526
1608,9,3.2405366338881954,-1.7245795647122895
1608,10,3.32514348003629,-1.6253206201147175
1608,11,3.3851433538984605,-1.7321533983396915
1608,12,3.4177854464116653,-1.738918486263427
1608,13,3.273067413388829,-1.7337463567719844
1608,14,3.408740490938981,-1.6734164253295947
1608,15,3.3490449677082075,-1.6499714726882246
1608,16,3.365763249800297,-1.7183990725727991
1608,17,3.330283510924345,-1.7131227457780946
1608,18,3.1828500470464687,-1.6527742294628889
1608,19,3.2454483391127167,-1.6534263432260317
1609,0,3.2976500475292343,-1.700438882244729
1609,1,3.324117180985707,-1.8282286116873427
1609,2,3.3868772264088864,-1.6892956085595683
1609,3,3.322825370532587,-1.6575652087338781
1609,4,3.3205598123113504,-1.7340583331207045
1609,5,3.244967120022919,-1.5649685614185185
1609,6,3.308660133449322,-1.7423423845120403
1609,7,3.233861437500375,-1.7444173330519817
1609,8,3.3877844959620056,-1.6795457629425932
1609,9,3.241689057445843,-1.725257891492935
1609,10,3.3262725714320185,-1.6260276938473663
1609,11,3.386150951409766,-1.7328368379789976
1609,12,3.4187603474332624,-1.739597418115986
1609,13,3.2741869321215575,-1.7344178692033445
1609,14,3.4097290900847868,-1.674161160999388
1609,15,3.3501017150944397,-1.6507252009113351
1609,16,3.365763249800297,-1.7183990725727991
1609,17,3.331350032092063,-1.7138163893973632
1609,18,3.1840899099449023,-1.6534788460351546
1609,19,3.246602595523127,-1.6541750964567452
1610,0,3.298747010715206,-1.701147201504678
1610,1,3.3251776515299047,-1.8288104013990363
1610,2,3.3878869764338932,-1.6900216437263236
1610,3,3.323901547439719,-1.6583174988217662
1610,4,3.321631575421451,-1.7347343212606967
1610,5,3.2461288603799847,-1.5658063797070105
1610,6,3.309743254113176,-1.7430087401324452
1610,7,3.233861437500375,-1.7444173330519817
1610,8,3.388830752077415,-1.68022859773383
1610,9,3.242840332899261,-1.7259355424891956
1610,10,3.327398126052857,-1.6267379213730861
1610,11,3.387157545086564,-1.7335195967310588
1610,12,3.419734277245454,-1.7402756736075746
1610,13,3.27530533557445,-1.7350887126648586
1610,14,3.4107167042597175,-1.6749051546667761
1610,15,3.351155897172795,-1.651480295924431
1610,16,3.365763249800297,-1.7183990725727991
1610,17,3.332414187659852,-1.7145113421695184
1610,18,3.1853265757620473,-1.6541862113264332
1610,19,3.2477542285706598,-1.654925370424914
1611,0,3.298747010715206,-1.701147201504678
1611,1,3.326237065621823,-1.829391611525497
1611,2,3.388895720501721,-1.690746955585062
1611,3,3.3249766521960975,-1.6590690394340064
1611,4,3.3227022707693563,-1.7354096359360272
1611,5,3.2472894433427166,-1.566643363311458
1611,6,3.3108252957301954,-1.7436744319035238
1611,7,3.233861437500375,-1.7444173330519817
1611,8,3.3898740396562452,-1.680913707749132
1611,9,3.243990461400879,-1.7266125183794003
1611,10,3.328520189187168,-1.6274512035740636
1611,11,3.388163135936457,-1.7342016752793175
1611,12,3.4207072368231453,-1.7409532534171275
1611,13,3.2764226248670294,-1.7357588878280417
1611,14,3.4117033344523766,-1.6756484070764972
1611,15,3.3522075457944998,-1.6522367062907735
1611,16,3.365763249800297,-1.7183990725727991
1611,17,3.3334760045665615,-1.7152075567493634
1611,18,3.1865600857762875,-1.6548962333387933
1611,19,3.2489047141913243,-1.655674896859386
1612,0,3.298747010715206,-1.701147201504678
1612,1,3.3272954243219357,-1.8299722426485165
1612,2,3.389903459622124,-1.6914715448618214
1612,3,3.3260506858779033,-1.6598198313228918
1612,4,3.3237718994268337,-1.7360842778226868
1612,5,3.2484488700728593,-1.5674795130696824
1612,6,3.3119062593835045,-1.7443394604916342
1612,7,3.233861437500375,-1.7444173330519817
1612,8,3.3909143945259546,-1.6816010220298925
1612,9,3.2451394441019756,-1.7272888198412029
1612,10,3.3296388056783126,-1.6281674440081
1612,11,3.389167724966041,-1.7348830743065347
1612,12,3.421679227140269,-1.7416301582229026
1612,13,3.2775388011177036,-1.7364283953637398
1612,14,3.4126889816503816,-1.6763909189725479
1612,15,3.3532566922840705,-1.6529943819001758
1612,16,3.365763249800297,-1.7183990725727991
1612,17,3.334536763643547,-1.7159030777289541
1612,18,3.187790480714886,-1.655608822637714
1612,19,3.250054053536758,-1.6564236765104376
1613,0,3.298747010715206,-1.701147201504678
1613,1,3.3283527286896617,-1.8305522953493076
1613,2,3.3909101948038494,-1.6921954122819163
1613,3,3.3271236495602454,-1.6605698752399658
1613,4,3.3248404624645826,-1.7367582475959926
1613,5,3.249607141731,-1.5683148298186702
1613,6,3.3129861461551493,-1.7450038265624708
1613,7,3.233861437500375,-1.7444173330519817
1613,8,3.3919518520945515,-1.6822904714152083
1613,9,3.246287282152684,-1.7279644475515814
1613,10,3.330754019907412,-1.6288865488321742
1613,11,3.390171313180912,-1.7355637944947917
1613,12,3.422649103485525,-1.7423080308645091
1613,13,3.278652619881204,-1.7370993081245625
1613,14,3.413673646840366,-1.677132691098183
1613,15,3.354303367443537,-1.6537532739325602
1613,16,3.365763249800297,-1.7183990725727991
1613,17,3.3355964659526296,-1.7165979058045076
1613,18,3.1890178007457415,-1.6563238922764296
1613,19,3.2512022477574507,-1.6571717101275985
1614,0,3.298747010715206,-1.701147201504678
1614,1,3.3294079795238565,-1.8311335897345522
1614,2,3.39191592705464,-1.6929185585699387
1614,3,3.328195544317161,-1.661319171936023
1614,4,3.3259079609522355,-1.7374315459305891
1614,5,3.2507642594765698,-1.5691493143945745
1614,6,3.3140649571260976,-1.7456675307810645
1614,7,3.233861437500375,-1.7444173330519817
1614,8,3.3929864473446005,-1.6829819884934523
1614,9,3.2474339767019913,-1.7286394021868403
1614,10,3.33186587577789,-1.6296084267282342
1614,11,3.391173901585662,-1.73624383652549
1614,12,3.423618013514536,-1.742985228121724
1614,13,3.279765328898139,-1.737769552425528
1614,14,3.414657331007981,-1.6778737241959174
1614,15,3.355348999893976,-1.654511409948557
1614,16,3.365763249800297,-1.7183990725727991
1614,17,3.3366551125545723,-1.7172920416715471
1614,18,3.1902420854705094,-1.6570413577226075
1614,19,3.2523492980027457,-1.6579189984596505
1615,0,3.298747010715206,-1.701147201504678
1615,1,3.3304621789804556,-1.8317143049590197
1615,2,3.392920657381236,-1.6936409844497586
1615,3,3.329266371221619,-1.6620677221611102
1615,4,3.3269743959583593,-1.7381041735004485
1615,5,3.2519202244678445,-1.5699829676327153
1615,6,3.3151426933762402,-1.746330573811784
1615,7,3.233861437500375,-1.7444173330519817
1615,8,3.394018214828083,-1.6836755075552048
1615,9,3.2485795288977397,-1.7293136844226096
1615,10,3.3329744167017004,-1.6303329888311602
1615,11,3.392175491183883,-1.7369232010793525
1615,12,3.4245859581971825,-1.7436617506724224
1615,13,3.280876929282333,-1.738439128937552
1615,14,3.4156400351378955,-1.6786140190075258
1615,15,3.356393590682066,-1.6552687907070607
1615,16,3.365763249800297,-1.7183990725727991
1615,17,3.3377127045090815,-1.7179854860249038
1615,18,3.191463373918983,-1.6577611367872844
1615,19,3.2534952054208417,-1.6586655422546301
1616,0,3.298747010715206,-1.701147201504678
1616,1,3.3315153281147136,-1.8322944416040066
1616,2,3.393924386789372,-1.6943626906445253
1616,3,3.3303361313455166,-1.6628155266645268
1616,4,3.3280397685504566,-1.7387761309788718
1616,5,3.2530750378619464,-1.5708157903675801
1616,6,3.316219355984392,-1.746992956318336
1616,7,3.233861437500375,-1.7444173330519817
1616,8,3.3950471886620543,-1.6843709645475062
1616,9,3.249723939886628,-1.7299872949338464
1616,10,3.33407968558712,-1.6310601486588392
1616,11,3.393176082978167,-1.7376018888364235
1616,12,3.4255529385023777,-1.7443375991938042
1616,13,3.281987422146498,-1.7391080383308808
1616,14,3.416621760213797,-1.6793535762740441
1616,15,3.3574371408534445,-1.6560254169662105
1616,16,3.365763249800297,-1.7183990725727991
1616,17,3.3387692428748075,-1.718678239558716
1616,18,3.1926817045446545,-1.6584831495559973
1616,19,3.254639971158793,-1.6594113422598287
1617,0,3.298747010715206,-1.701147201504678
1617,1,3.332567427980834,-1.8328740002502304
1617,2,3.3949271162837826,-1.6950836778766674
1617,3,3.331404825759686,-1.663562586194826
1617,4,3.3291040797949663,-1.739447419038489
1617,5,3.2542287008148447,-1.5716477834328253
1617,6,3.3172949460282934,-1.747654678963766
1617,7,3.233861437500375,-1.7444173330519817
1617,8,3.39607340252505,-1.6850682970293953
1617,9,3.250867210814213,-1.7306602343948356
1617,10,3.3351817248280113,-1.6317898220442966
1617,11,3.3941756779701078,-1.7382799004760703
1617,12,3.42651895539807,-1.7450127743623942
1617,13,3.2830968086022394,-1.7397762812750934
1617,14,3.417602507218393,-1.68009239673577
1617,15,3.358478257279964,-1.6567832086250653
1617,16,3.365763249800297,-1.7183990725727991
1617,17,3.3398247287093468,-1.7193703029664305
1617,18,3.1938971152213593,-1.6592073183220393
1617,19,3.2557835963625115,-1.6601563992217925
1618,0,3.298747010715206,-1.701147201504678
1618,1,3.3336184796319692,-1.8334529814778298
1618,2,3.395927574522514,-1.6958057131223698
1618,3,3.3324724555338907,-1.664308901499815
1618,4,3.330167330757265,-1.74011803835126
1618,5,3.2553812144813574,-1.5724789476612766
1618,6,3.3183682694459256,-1.748317681112773
1618,7,3.233861437500375,-1.7444173330519817
1618,8,3.3970968896541893,-1.685767444128698
1618,9,3.25200934282491,-1.7313325034791902
1618,10,3.3362805762944596,-1.6325219270698266
1618,11,3.395174277160301,-1.7389572366769832
1618,12,3.4274840098512436,-1.7456872768540435
1618,13,3.284205089760053,-1.7404438584391018
1618,14,3.418582277133413,-1.6808304811322632
1618,15,3.359518336400979,-1.6575402452660961
1618,16,3.365763249800297,-1.7183990725727991
1618,17,3.340879163069241,-1.7200616769408035
1618,18,3.1951096432409307,-1.6599335675217768
1618,19,3.2569260821767667,-1.6609007138863243
1619,0,3.298747010715206,-1.701147201504678
1619,1,3.3346684841202237,-1.8340313858663653
1619,2,3.3969270359688806,-1.6965270289785044
1619,3,3.3335390217368293,-1.6650544733265562
1619,4,3.3312295225016677,-1.7407879895884755
1619,5,3.2565325800151514,-1.5733092838849305
1619,6,3.3194405234745594,-1.7489800226899597
1619,7,3.233861437500375,-1.7444173330519817
1619,8,3.3981176828429347,-1.6864683465000345
1619,9,3.2531490623333124,-1.732006263836685
1619,10,3.337376281324693,-1.6332563840030674
1619,11,3.396171881548345,-1.7396338981171764
1619,12,3.4284481028279186,-1.7463611073439298
1619,13,3.2853122667293304,-1.7411107704911513
1619,14,3.419561070939607,-1.6815678302023471
1619,15,3.36055737925761,-1.6582965276470971
1619,16,3.365763249800297,-1.7183990725727991
1619,17,3.3419325470099803,-1.7207523621739012
1619,18,3.1963193253117885,-1.6606618236719646
1619,19,3.2580674297451884,-1.661644286998484
1620,0,3.298747010715206,-1.701147201504678
1620,1,3.3357174424966525,-1.8346092139948205
1620,2,3.3969270359688806,-1.6965270289785044
1620,3,3.3346045254361356,-1.6657993024213678
1620,4,3.33229065609143,-1.7414572734207574
1620,5,3.2576827985687453,-1.5741387929349542
1620,6,3.3205117091875227,-1.7496417043583303
1620,7,3.233861437500375,-1.7444173330519817
1620,8,3.3991358144394583,-1.6871709462840063
1620,9,3.254287646293351,-1.73267935289965
1620,10,3.338468880718201,-1.6339931152349663
1620,11,3.3971673264343445,-1.7403116008858297
1620,12,3.429411235293153,-1.747034266506558
1620,13,3.286418340618356,-1.7417770180988215
1620,14,3.420538889616749,-1.682304444684109
1620,15,3.3615953868899395,-1.659052056525108
1620,16,3.365763249800297,-1.7183990725727991
1620,17,3.342983637202793,-1.7214442534798795
1620,18,3.1975261975583886,-1.6613920153089952
1620,19,3.2592076402102665,-1.6623871193025888
1621,0,3.298747010715206,-1.701147201504678
1621,1,3.336765355811264,-1.835186466441602
1621,2,3.3969270359688806,-1.6965270289785044
1621,3,3.3356675825897004,-1.6665453670585662
1621,4,3.3333507325887473,-1.7421258905180594
1621,5,3.2588301884920647,-1.5749698040775377
1621,6,3.3215818276570728,-1.7503027267802294
1621,7,3.233861437500375,-1.7444173330519817
1621,8,3.4001513163455805,-1.6878751870675361
1621,9,3.2554250958447493,-1.7333517713418478
1621,10,3.33955841472997,-1.634732045219581
1621,11,3.398161779527391,-1.7409886284379648
1621,12,3.430373408211043,-1.747706755015761
1621,13,3.287523312534311,-1.742442601929027
1621,14,3.421515734143636,-1.6830403253149002
1621,15,3.3626323603370145,-1.6598068326564137
1621,16,3.365763249800297,-1.7183990725727991
1621,17,3.3440336801601482,-1.7221354554319726
1621,18,3.1987302955214694,-1.6621240729300257
1621,19,3.2603467147133527,-1.6631292115422145
1622,0,3.298747010715206,-1.701147201504678
1622,1,3.337812225113021,-1.8357631437845399
1622,2,3.3969270359688806,-1.6965270289785044
1622,3,3.3367295805805997,-1.66729068836432
1622,4,3.3344085543435598,-1.7427957383090533
1622,5,3.259976435212108,-1.5757999872412092
1622,6,3.3226508799544,-1.7509630906173406
1622,7,3.233861437500375,-1.7444173330519817
1622,8,3.4011642200162377,-1.6885810138453246
1622,9,3.2565614121260955,-1.73402351983637
1622,10,3.340644923065767,-1.6354731004156668
1622,11,3.3991552418229336,-1.7416649814512868
1622,12,3.431334622544725,-1.7483785735447006
1622,13,3.288627183583274,-1.7431075226480177
1622,14,3.4224916054980907,-1.6837754728313383
1622,15,3.363668300636846,-1.660560856796546
1622,16,3.365763249800297,-1.7183990725727991
1622,17,3.3450826769331403,-1.7228259687220742
1622,18,3.199931654159032,-1.6628579289359202
1622,19,3.261484654394662,-1.6638705644601963
1623,0,3.298747010715206,-1.701147201504678
1623,1,3.3388580514498405,-1.8363392466008888
1623,2,3.3969270359688806,-1.6965270289785044
1623,3,3.3377905204718945,-1.6680352670846965
1623,4,3.3354653221572694,-1.7434649187096138
1623,5,3.26112153987627,-1.5766293432569827
1623,6,3.3237188671496263,-1.751622796530689
1623,7,3.233861437500375,-1.7444173330519817
1623,8,3.402174556459446,-1.6892883729823938
1623,9,3.257696596274843,-1.7346945990556375
1623,10,3.341728444878389,-1.6362162092299952
1623,11,3.400147714315428,-1.7423406606028258
1623,12,3.432294879256376,-1.749049722765868
1623,13,3.28972995487022,-1.7437717809213802
1623,14,3.423466504656961,-1.6845098879693068
1623,15,3.364703208826412,-1.6613141297002838
1623,16,3.365763249800297,-1.7183990725727991
1623,17,3.346130628571816,-1.7235157940413885
1623,18,3.2011303078479982,-1.663593517575953
1623,19,3.2626214603932726,-1.6646111787986293
1624,0,3.298747010715206,-1.701147201504678
1624,1,3.3399028358685956,-1.8369147754673283
1624,2,3.3969270359688806,-1.6965270289785044
1624,3,3.338850403325587,-1.6687791039650197
1624,4,3.336521037087702,-1.744133432389591
1624,5,3.262265503630801,-1.5774578729550444
1624,6,3.324785790311808,-1.7522818451806406
1624,7,3.233861437500375,-1.7444173330519817
1624,8,3.4031823562367234,-1.6899972121776863
1624,9,3.2588306494273125,-1.7353650096714013
1624,10,3.3428090187648225,-1.6369613019623568
1624,11,3.401139197998341,-1.7430156665689371
1624,12,3.433254179307213,-1.7497202033510837
1624,13,3.290831627499025,-1.7444353774140373
1624,14,3.424440432596122,-1.6852435714639558
1624,15,3.365737085941656,-1.662066652121654
1624,16,3.365763249800297,-1.7183990725727991
1624,17,3.3471775361251757,-1.7242049320804318
1624,18,3.202327767438252,-1.6643283734226397
1624,19,3.263757133847129,-1.665351055298869
1625,0,3.298747010715206,-1.701147201504678
1625,1,3.340946579415116,-1.8374897309599632
1625,2,3.3969270359688806,-1.6965270289785044
1625,3,3.339909230202621,-1.6695221997498713
1625,4,3.3375757001916293,-1.7448012800181676
1625,5,3.2634083276208097,-1.5782855771647533
1625,6,3.325851650508936,-1.752940237226904
1625,7,3.233861437500375,-1.7444173330519817
1625,8,3.404187649463939,-1.6907074804286912
1625,9,3.2599635727186924,-1.736034752354743
1625,10,3.3438866827642415,-1.6377083107521972
1625,11,3.4021296938641483,-1.7436900000253026
1625,12,3.4342125236574965,-1.7503900159714998
1625,13,3.291932202572464,-1.74509831279025
1625,14,3.4254133902904766,-1.685976524049703
1625,15,3.3667699330174905,-1.6628184248139324
1625,16,3.365763249800297,-1.7183990725727991
1625,17,3.348223400641175,-1.7248933835290317
1625,18,3.203524034128452,-1.6650624972115715
1625,19,3.264891675893041,-1.6660901947015327
1626,0,3.298747010715206,-1.701147201504678
1626,1,3.3419892831341906,-1.8380641136543245
1626,2,3.3969270359688806,-1.6965270289785044
1626,3,3.340967002162883,-1.6702645551830906
1626,4,3.3386293125247697,-1.7454684622638599
1626,5,3.2645500129902643,-1.5791124567146422
1626,6,3.326916448807938,-1.7535979733285303
1626,7,3.233861437500375,-1.7444173330519817
1626,8,3.405190465812561,-1.6914191279970667
1626,9,3.26109536728304,-1.7367038277760758
1626,10,3.3449614743567904,-1.6384571695268415
1626,11,3.4031192029043376,-1.7443636616469305
1626,12,3.4351699132665305,-1.7510591612975994
1626,13,3.2930316811922142,-1.745760587713617
1626,14,3.4263853787139564,-1.686708746460235
1626,15,3.367801751087796,-1.663569448529644
1626,16,3.365763249800297,-1.7183990725727991
1626,17,3.349268223166725,-1.7255811490763286
1626,18,3.204717634998182,-1.6657982863790832
1626,19,3.2660250876666868,-1.6668285977464996
1627,0,3.298747010715206,-1.701147201504678
1627,1,3.343030948069567,-1.83863792412537
1627,2,3.3969270359688806,-1.6965270289785044
1627,3,3.3420237202652032,-1.6710061710077762
1627,4,3.3396818751417903,-1.7461349797945178
1627,5,3.265690560881993,-1.5799385124324183
1627,6,3.327980186274678,-1.754255054143914
1627,7,3.233861437500375,-1.7444173330519817
1627,8,3.406190834511274,-1.6921321063752306
1627,9,3.262226034253283,-1.7373722366051447
1627,10,3.3460334304630925,-1.6392078139512547
1627,11,3.404107726109408,-1.7450366521081568
1627,12,3.436126349092663,-1.7517276399991977
1627,13,3.2941300644588543,-1.7464222028470766
1627,14,3.427356398839523,-1.687440239428507
1627,15,3.3688325411854234,-1.6643197240205643
1627,16,3.365763249800297,-1.7183990725727991
1627,17,3.3503120047476944,-1.726268229410777
1627,18,3.2059100466231296,-1.6665333424427151
1627,19,3.267157370302612,-1.6675662651729117
1628,0,3.299899223555811,-1.7017588011216802
1628,1,3.3440715752639525,-1.8392111629474845
1628,2,3.3969270359688806,-1.6965270289785044
1628,3,3.3430793855673584,-1.6717470479662864
1628,4,3.3407333890963073,-1.7468008332773262
1628,5,3.266829972437685,-1.5807637451449643
1628,6,3.329042863973958,-1.7549114803307932
1628,7,3.2350675157961937,-1.7449810706320192
1628,8,3.4071887843479303,-1.692846368253892
1628,9,3.2633555747612197,-1.738039979511028
1628,10,3.347102587444432,-1.6399601813792992
1628,11,3.4050952644688723,-1.7457089720826457
1628,12,3.4370818320932868,-1.7523954527454422
1628,13,3.295227353471867,-1.7470831588529059
1628,14,3.4283264516391676,-1.6881710036867443
1628,15,3.369862304342195,-1.66506925203772
1628,16,3.366845440992873,-1.7190069498160832
1628,17,3.3513547464289095,-1.7269546252201444
1628,18,3.2071012701968997,-1.6672676661382588
1628,19,3.2682885249342335,-1.668303197719175
1629,0,3.3010480609051953,-1.7023739997610456
1629,1,3.345111165759016,-1.8397838306944807
1629,2,3.3969270359688806,-1.6965270289785044
1629,3,3.3441339991260706,-1.6724871868002396
1629,4,3.3417838554408874,-1.747466023378805
1629,5,3.2679682487978927,-1.5815881556783387
1629,6,3.3301044829695194,-1.7555672525462518
1629,7,3.2362703558695674,-1.7455486148915755
1629,8,3.408184343671824,-1.6935618674904966
1629,9,3.2644839899375215,-1.7387070571621366
1629,10,3.3481689811035595,-1.6407142108064399
1629,11,3.4060818189712574,-1.7463806222433902
1629,12,3.438036363224841,-1.7530626002048142
1629,13,3.2963235493296397,-1.7477434563927225
1629,14,3.4292942695160185,-1.6889027208891636
1629,15,3.370891041588904,-1.6658180333313892
1629,16,3.367924469093181,-1.7196179450760627
1629,17,3.352396449254156,-1.727640337191514
1629,18,3.2082913069119083,-1.6680012582007733
1629,19,3.2694185526938373,-1.6690393961229595
1630,0,3.302193560508147,-1.7029926919210587
1630,1,3.3461497205953883,-1.8403559279395993
1630,2,3.3969270359688806,-1.6965270289785044
1630,3,3.345187561997008,-1.6732265882505155
1630,4,3.342833275227048,-1.7481305507648104
1630,5,3.269105391102032,-1.5824117448577775
1630,6,3.331165044324044,-1.756222371446718
1630,7,3.2374699915290988,-1.746119855393748
1630,8,3.4091775403962528,-1.6942785590785605
1630,9,3.265611280911733,-1.7393734702262158
1630,10,3.3492326466860782,-1.6414698428238548
1630,11,3.4070673906041056,-1.7470516032627126
1630,12,3.438989943442813,-1.753729083045129
1630,13,3.2974186531294656,-1.748403096127485
1630,14,3.4302611231264493,-1.689633709059454
1630,15,3.371918753955318,-1.6665660686511028
1630,16,3.3690003688074395,-1.7202319689222414
1630,17,3.3534371142661787,-1.7283253660112843
1630,18,3.209480157959383,-1.6687341193645846
1630,19,3.270547454712583,-1.6697748611212007
1631,0,3.3033357599442037,-1.7036147748532018
1631,1,3.3471872408126644,-1.8409274552555106
1631,2,3.3969270359688806,-1.6965270289785044
1631,3,3.3462400752347894,-1.6739652530572557
1631,4,3.34388164950526,-1.7487944161005347
1631,5,3.270241400488383,-1.5832345135076942
1631,6,3.3322245490991547,-1.7568768376879667
1631,7,3.238666456525279,-1.7466946845899063
1631,8,3.4101684020013447,-1.6949963991178632
1631,9,3.2667374488122736,-1.740039219370346
1631,10,3.3492326466860782,-1.6414698428238548
1631,11,3.408051980353975,-1.7477219158122657
1631,12,3.4399425737017375,-1.754394901933537
1631,13,3.2985126659675448,-1.7490620787174933
1631,14,3.4312270134382814,-1.6903639689293353
1631,15,3.3729454424701784,-1.6673133587456448
1631,16,3.3700731746421053,-1.7208489341680617
1631,17,3.354476742506685,-1.7290097123651695
1631,18,3.210667824529365,-1.6694662503632878
1631,19,3.271675232120502,-1.6705095934500998
1632,0,3.3044746966003786,-1.7042401484870098
1632,1,3.3482237274494024,-1.8414984132143137
1632,2,3.3969270359688806,-1.6965270289785044
1632,3,3.347291539892981,-1.6747031819598646
1632,4,3.3449289793249464,-1.7494576200505076
1632,5,3.2713762780940927,-1.5840564624516809
1632,6,3.333282998355417,-1.7575306519251188
1632,7,3.2398597845189605,-1.7472729977410923
1632,8,3.4111569555371357,-1.6957153447854802
1632,9,3.2678624947664385,-1.7407043052609428
1632,10,3.3492326466860782,-1.6414698428238548
1632,11,3.4090355892064403,-1.748391560563033
1632,12,3.440894254955198,-1.755060057536523
1632,13,3.299605588938985,-1.7497204048223898
1632,14,3.432191941418372,-1.6910935012297983
1632,15,3.3739711081612005,-1.6680599043630533
1632,16,3.371142920884618,-1.7214687558118094
1632,17,3.3555153350163436,-1.7296933769382012
1632,18,3.21185430781071,-1.6701976519297466
1632,19,3.2728018860465014,-1.6712435938451244
1633,0,3.3056104076460238,-1.7048687153569546
1633,1,3.349259181543127,-1.8420688023875382
1633,2,3.3969270359688806,-1.6965270289785044
1633,3,3.3483419570240995,-1.6754403756970095
1633,4,3.3459752657344857,-1.7501201632785972
1633,5,3.2725100250551744,-1.5848775925125094
1633,6,3.3343403931523397,-1.7581838148126434
1633,7,3.2410500090521794,-1.747854692841521
1633,8,3.4121432276268706,-1.6964353543076267
1633,9,3.2689864199003997,-1.7413687285637576
1633,10,3.3492326466860782,-1.6414698428238548
1633,11,3.4100182181460954,-1.7490605381853292
1633,12,3.441843884140428,-1.7557261273183837
1633,13,3.300697423137803,-1.7503780751011593
1633,14,3.4331559080326155,-1.6918223066911056
1633,15,3.374995752055077,-1.6688057062506212
1633,16,3.372209641585669,-1.72209135097907
1633,17,3.3565528928347867,-1.7303763604147282
1633,18,3.213039608991089,-1.6709283247960947
1633,19,3.2739260056188546,-1.6719790258405811
1634,0,3.3067429300097073,-1.7055003805313138
1634,1,3.350292639921222,-1.8426403702264906
1634,2,3.3969270359688806,-1.6965270289785044
1634,3,3.349391327679614,-1.6761768350066222
1634,4,3.3470205097812116,-1.7507820464480097
1634,5,3.27364264250651,-1.5856979045121316
1634,6,3.3353967345483753,-1.7588363270043572
1634,7,3.242237163521198,-1.7484396705441343
1634,8,3.4131272444705116,-1.69715638693229
1634,9,3.2701092253392074,-1.7420324899438788
1634,10,3.3492326466860782,-1.6414698428238548
1634,11,3.4109998681565528,-1.7497288493488021
1634,12,3.4427925671879294,-1.7563915334793698
1634,13,3.3017881696569265,-1.7510350902121306
1634,14,3.4341189142459427,-1.692550386042792
1634,15,3.376019375177478,-1.669550765154897
1634,16,3.373273370542907,-1.7227166388667072
1634,17,3.3575894170006104,-1.7310586634784175
1634,18,3.214223729256989,-1.6716582696937363
1634,19,3.2750490051834613,-1.6727137250941193
1635,0,3.307872300357985,-1.7061350515429823
1635,1,3.351325068637699,-1.843211368597453
1635,2,3.3969270359688806,-1.6965270289785044
1635,3,3.3504396529099454,-1.676912560625899
1635,4,3.3480647125114142,-1.751443270221291
1635,5,3.2747741315818506,-1.5865173992716808
1635,6,3.3364520236009234,-1.7594881891534255
1635,7,3.2434212811516336,-1.7490278340881664
1635,8,3.414110281000114,-1.6978767012375375
1635,9,3.271230912206791,-1.7426955900657324
1635,10,3.3492326466860782,-1.6414698428238548
1635,11,3.411980540220445,-1.7503964947224318
1635,12,3.443740305047335,-1.7570562766855535
1635,13,3.302876633266115,-1.7516934328095852
1635,14,3.435080961022324,-1.6932777400136658
1635,15,3.3770419785530503,-1.6702950818216855
1635,16,3.3743341412860075,-1.723344540688324
1635,17,3.3586249085513766,-1.7317402868122553
1635,18,3.215406669793716,-1.672387487353347
1635,19,3.276170885864445,-1.6734476923411734
1636,0,3.3089985550759584,-1.7067726383221786
1636,1,3.352356468726021,-1.8437817980719948
1636,2,3.3969270359688806,-1.6965270289785044
1636,3,3.3514869337644684,-1.6776475532913022
1636,4,3.349107874970342,-1.7521038352603266
1636,5,3.275904493413818,-1.587336077611472
1636,6,3.337506261366329,-1.7601394019123628
1636,7,3.2446023949755505,-1.7496190892286776
1636,8,3.4150923381996976,-1.6985962979444043
1636,9,3.2723514816259605,-1.743358029593082
1636,10,3.3492326466860782,-1.6414698428238548
1636,11,3.412960235319426,-1.7510634749745315
1636,12,3.4446870986673312,-1.7577203576023435
1636,13,3.303964012398674,-1.7523511194759138
1636,14,3.436042049324769,-1.6940043693318092
1636,15,3.378063563205422,-1.6710386569960483
1636,16,3.375391987063014,-1.7239749796211792
1636,17,3.3596593685236136,-1.7324212310985474
1636,18,3.2165884317853943,-1.6731159785048746
1636,19,3.277291648784809,-1.6741809283164455
1637,0,3.310121730249511,-1.7074130531310066
1637,1,3.35338684121862,-1.8443516592211169
1637,2,3.3969270359688806,-1.6965270289785044
1637,3,3.352533171291512,-1.67838181373856
1637,4,3.3501499982022014,-1.752763742226343
1637,5,3.2770337291339056,-1.588153940351003
1637,6,3.338559448899885,-1.760789965933034
1637,7,3.245780537810407,-1.7502133441680083
1637,8,3.416073417052303,-1.6993151777732072
1637,9,3.2734709347184063,-1.7440198091890302
1637,10,3.3492326466860782,-1.6414698428238548
1637,11,3.4139389544341716,-1.7517297907727494
1637,12,3.445632948995659,-1.7583837768944852
1637,13,3.3050503081430715,-1.753008150869461
1637,14,3.4370021801153285,-1.6947302747245785
1637,15,3.3790841301571994,-1.6717814914223048
1637,16,3.376446940827894,-1.7246078807545193
1637,17,3.3606927979528165,-1.7331014970189194
1637,18,3.217769016414969,-1.673843743877539
1637,19,3.278411295066438,-1.6749134337539056
1638,0,3.3112418616491217,-1.708056210499823
1638,1,3.3544161871469003,-1.8449209526152506
1638,2,3.3979788682920877,-1.6971672185873112
1638,3,3.3535783665383607,-1.679115342702668
1638,4,3.3511910832501584,-1.7534229917799073
1638,5,3.2781618398724794,-1.5889709883089551
1638,6,3.3396115872558334,-1.761439881866654
1638,7,3.2469557422397406,-1.7508105094891129
1638,8,3.417053518539991,-1.7000333414435458
1638,9,3.2745892726047026,-1.7446809295160193
1638,10,3.3492326466860782,-1.6414698428238548
1638,11,3.41491669854438,-1.7523954427840682
1638,12,3.446577856979116,-1.759046535226062
1638,13,3.30613552158669,-1.7536645276479161
1638,14,3.4379613543550938,-1.695455456918606
1638,15,3.380102340495669,-1.6725254232714035
1638,16,3.3774990352292247,-1.7252431710392968
1638,17,3.3617251978734495,-1.733781085254318
1638,18,3.2189484248642066,-1.6745707841998345
1638,19,3.2795298258300996,-1.6756452093867922
1639,0,3.3123589847151638,-1.708702027165372
1639,1,3.355444507541238,-1.8454896788242592
1639,2,3.3990275409368422,-1.6978102501176462
1639,3,3.3546225205512568,-1.6798481409178891
1639,4,3.3522311311563406,-1.7540815845809292
1639,5,3.2792888267587794,-1.5897872223031941
1639,6,3.3406615278959633,-1.7620910077441916
1639,7,3.2481280405954904,-1.7514104980907264
1639,8,3.4180326436438446,-1.7007507896743028
1639,9,3.275706496404306,-1.7453413912358313
1639,10,3.3492326466860782,-1.6414698428238548
1639,11,3.4158934686287745,-1.7530604316748064
1639,12,3.447521823563556,-1.7597086332604956
1639,13,3.3072196538158294,-1.7543202504683126
1639,14,3.4389195730041995,-1.6961799166397997
1639,15,3.381119536351808,-1.6732686139124358
1639,16,3.378548302599953,-1.7258807792392403
1639,17,3.3627565693189454,-1.7344599964850123
1639,18,3.220126658313696,-1.675297100199529
1639,19,3.280647242195444,-1.6763762559476134
1640,0,3.3134731345445996,-1.70935042201064
1640,1,3.356471803430982,-1.8460578384174384
1640,2,3.400073090124028,-1.6984560403401836
1640,3,3.3556656343753986,-1.6805802091177555
1640,4,3.353270142961837,-1.7547395212886607
1640,5,3.2792888267587794,-1.5897872223031941
1640,6,3.3417104224484113,-1.762741484885283
1640,7,3.2492974649418627,-1.7520132251243217
1640,8,3.4190107933439684,-1.7014675231836445
1640,9,3.275706496404306,-1.7453413912358313
1640,10,3.3492326466860782,-1.6414698428238548
1640,11,3.4168681426359906,-1.7537264046840813
1640,12,3.4484648496938903,-1.760370071660547
1640,13,3.308302705915707,-1.75497531998703
1640,14,3.4398768370218233,-1.6969036546133445
1640,15,3.38213571874383,-1.6740110640893362
1640,16,3.3795947749481607,-1.726520635883242
1640,17,3.363785715328692,-1.7351400478373384
1640,18,3.2213037179428503,-1.6760226926036654
1640,19,3.2817635452810054,-1.677106574168148
1641,0,3.3145843458789845,-1.7100013160063885
1641,1,3.357498075844458,-1.8466254319635163
1641,2,3.401115551788203,-1.699104508115562
1641,3,3.3567077090549446,-1.681311548035068
1641,4,3.354308119706699,-1.7553968025616973
1641,5,3.2792888267587794,-1.5897872223031941
1641,6,3.3427582719631217,-1.7633913139410562
1641,7,3.250464047060641,-1.7526186079328128
1641,8,3.4199879686194916,-1.7021835426890217
1641,9,3.275706496404306,-1.7453413912358313
1641,10,3.3492326466860782,-1.6414698428238548
1641,11,3.417841845548302,-1.7543917141658678
1641,12,3.449406936314089,-1.7610308510883166
1641,13,3.3093846789704595,-1.7556297368597933
1641,14,3.4408331473661877,-1.6976266715637027
1641,15,3.38213571874383,-1.6740110640893362
1641,16,3.380638483948779,-1.7271626732190322
1641,17,3.364813835963558,-1.7358194216302443
1641,18,3.222479604929907,-1.6767475621385626
1641,19,3.282878736204205,-1.6778361647794446
1642,0,3.3156926530937016,-1.710654632154323
1642,1,3.358523325808964,-1.8471924600306546
1642,2,3.4021549615629008,-1.6997555743390087
1642,3,3.3577474145004222,-1.6820440514491475
1642,4,3.3553439081770953,-1.7560552483161065
1642,5,3.2792888267587794,-1.5897872223031941
1642,6,3.3438050774889936,-1.7640404955619908
1642,7,3.251627818437859,-1.7532265659909594
1642,8,3.4209629299598445,-1.7029005387710408
1642,9,3.275706496404306,-1.7453413912358313
1642,10,3.3492326466860782,-1.6414698428238548
1642,11,3.4188145783403865,-1.7550563607861416
1642,12,3.4503480843671817,-1.7616909722052452
1642,13,3.3104655740631426,-1.7562835017416745
1642,14,3.4417885049945602,-1.6983489682146151
1642,15,3.38213571874383,-1.6740110640893362
1642,16,3.381679460936193,-1.7278068251681094
1642,17,3.365840932252694,-1.7364981185437838
1642,18,3.22365432045193,-1.6774717095298157
1642,19,3.2839928160813496,-1.6785650285118245
1643,0,3.3167980901883496,-1.7113102954318546
1643,1,3.359547554350778,-1.847758923186449
1643,2,3.4031913547672312,-1.700409161886451
1643,3,3.358786084048971,-1.682775825043026
1643,4,3.3563786646564773,-1.7567130380387859
1643,5,3.2792888267587794,-1.5897872223031941
1643,6,3.34485084007388,-1.7646890303979184
1643,7,3.2527888102517473,-1.7538370208474332
1643,8,3.4219369199205203,-1.7036168204909676
1643,9,3.275706496404306,-1.7453413912358313
1643,10,3.3492326466860782,-1.6414698428238548
1643,11,3.41978634198595,-1.7557203452102144
1643,12,3.4503480843671817,-1.7616909722052452
1643,13,3.3115453922757334,-1.7569366152870929
1643,14,3.4427429108632546,-1.6990705452891015
1643,15,3.38213571874383,-1.6740110640893362
1643,16,3.382717736897685,-1.7284530272818899
1643,17,3.366867005224224,-1.737176139257333
1643,18,3.2248278656848113,-1.6781951355022968
1643,19,3.2851057860276347,-1.6792931660948809
1644,0,3.317900690778217,-1.7119682327384134
1644,1,3.3605707624951524,-1.8483248219979298
1644,2,3.4042247663936998,-1.7010651955620748
1644,3,3.3598237187403,-1.6835068695492097
1644,4,3.357412390180637,-1.7573701723881836
1644,5,3.2792888267587794,-1.5897872223031941
1644,6,3.34589556076459,-1.7653369190980226
1644,7,3.2539470533618844,-1.754449896068499
1644,8,3.422909939476484,-1.7043323885658013
1644,9,3.275706496404306,-1.7453413912358313
1644,10,3.3492326466860782,-1.6414698428238548
1644,11,3.4207571374577292,-1.7563836681027352
1644,12,3.4503480843671817,-1.7616909722052452
1644,13,3.312624134689131,-1.7575890781498158
1644,14,3.443696365927632,-1.699791403509461
1644,15,3.38213571874383,-1.6740110640893362
1644,16,3.3837533424676676,-1.7291012166990514
1644,17,3.3678920559052488,-1.7378534844495914
1644,18,3.2260002418032703,-1.6789178407801562
1644,19,3.286217647157144,-1.6800205782574802
1645,0,3.319000488086768,-1.7126283728432738
1645,1,3.36159295126632,-1.8488901570315621
1645,2,3.4042247663936998,-1.7010651955620748
1645,3,3.360860319613083,-1.684237185699475
1645,4,3.358445085784335,-1.7580266520220917
1645,5,3.2792888267587794,-1.5897872223031941
1645,6,3.3469392406068903,-1.765984162310841
1645,7,3.2551025782994674,-1.7550651171832738
1645,8,3.4238819896017287,-1.7050472437118258
1645,9,3.275706496404306,-1.7453413912358313
1645,10,3.3492326466860782,-1.6414698428238548
1645,11,3.4217269657274914,-1.7570463301276908
1645,12,3.4503480843671817,-1.7616909722052452
1645,13,3.3137018023831577,-1.7582408909829592
1645,14,3.444648871142102,-1.7005115435972735
1645,15,3.38213571874383,-1.6740110640893362
1645,16,3.38478630792265,-1.7297513321040365
1645,17,3.3689160853218443,-1.7385301547985823
1645,18,3.227171449980857,-1.6796398260868224
1645,19,3.287328400582852,-1.6807472657277627
1646,0,3.320097514939081,-1.71329064633485
1646,1,3.3626141216874927,-1.849454928853247
1646,2,3.4042247663936998,-1.7010651955620748
1646,3,3.3618958877049576,-1.6849667742248688
1646,4,3.3594767525013003,-1.7586824775976468
1646,5,3.2792888267587794,-1.5897872223031941
1646,6,3.3479818806455053,-1.7666307606842646
1646,7,3.256255415258642,-1.755682611630517
1646,8,3.4248530712692777,-1.7057613866446122
1646,9,3.275706496404306,-1.7453413912358313
1646,10,3.3492326466860782,-1.6414698428238548
1646,11,3.4226958277660358,-1.7577083319484068
1646,12,3.4503480843671817,-1.7616909722052452
1646,13,3.31477839643656,-1.7588920544389886
1646,14,3.445600427460123,-1.7012309662734
1646,15,3.38213571874383,-1.6740110640893362
1646,16,3.3858166631769055,-1.7304033136866863
1646,17,3.369939094499065,-1.7392061509816532
1646,18,3.2283414913899513,-1.6803610921450034
1646,19,3.2884380474166233,-1.6814732292331434
1647,0,3.3211918037561796,-1.713954985571422
1647,1,3.363634274780863,-1.8500191380283213
1647,2,3.4042247663936998,-1.7010651955620748
1647,3,3.3629304240525295,-1.6856956358557103
1647,4,3.3605073913642323,-1.7593376497713313
1647,5,3.2792888267587794,-1.5897872223031941
1647,6,3.3490234819241187,-1.7672767148655388
1647,7,3.2574055940888207,-1.7563023087069174
1647,8,3.4258231854511845,-1.7064748180790181
1647,9,3.275706496404306,-1.7453413912358313
1647,10,3.3492326466860782,-1.6414698428238548
1647,11,3.423663724543194,-1.7583696742275474
1647,12,3.4503480843671817,-1.7616909722052452
1647,13,3.3158539179270092,-1.7595425691697189
1647,14,3.4465510358342044,-1.701949672257983
1647,15,3.38213571874383,-1.6740110640893362
1647,16,3.3868444377787843,-1.7310571031029753
1647,17,3.3709610844609443,-1.739881473675477
1647,18,3.2295103672017667,-1.6810816396766874
1647,19,3.289546588769216,-1.6821984695003123
1648,0,3.322283386550196,-1.7146213246332547
1648,1,3.364653411567606,-1.8505827851215593
1648,2,3.4042247663936998,-1.7010651955620748
1648,3,3.36396392969137,-1.6864237713215904
1648,4,3.3615370034048015,-1.7599921691989728
1648,5,3.2792888267587794,-1.5897872223031941
1648,6,3.3500640454853747,-1.7679220255012646
1648,7,3.2585531442879274,-1.7569241395168302
1648,8,3.426792333118535,-1.707187538729189
1648,9,3.275706496404306,-1.7453413912358313
1648,10,3.3492326466860782,-1.6414698428238548
1648,11,3.4246306570278313,-1.7590303576271171
1648,12,3.4503480843671817,-1.7616909722052452
1648,13,3.3169283679311037,-1.760192435826316
1648,14,3.4475006972159057,-1.7026676622704482
1648,15,3.38213571874383,-1.6740110640893362
1648,16,3.387869660907641,-1.7317126434368184
1648,17,3.371982056230495,-1.7405561235560525
1648,18,3.2306780785863483,-1.6818014694031431
1648,19,3.290654025750281,-1.6829229872552358
1649,0,3.323372294920313,-1.7152895992760715
1649,1,3.3656715330678777,-1.851145870697172
1649,2,3.4042247663936998,-1.7010651955620748
1649,3,3.3649964056560195,-1.6871511813513735
1649,4,3.362565589653651,-1.7606460365357461
1649,5,3.2792888267587794,-1.5897872223031941
1649,6,3.3511035723708784,-1.7685666932373987
1649,7,3.25969809499651,-1.7575480369234322
1649,8,3.427760515241446,-1.7078995493085591
1649,9,3.275706496404306,-1.7453413912358313
1649,10,3.350338448404074,-1.6421599016565531
1649,11,3.4255966261878488,-1.7596903828084605
1649,12,3.4503480843671817,-1.7616909722052452
1649,13,3.3180017475243693,-1.7608416550592971
1649,14,3.4484481908908475,-1.7033865500309147
1649,15,3.38213571874383,-1.6740110640893362
1649,16,3.3888923613713287,-1.732369879162921
1649,17,3.373002010829711,-1.7412301012987046
1649,18,3.231843214456794,-1.682522867993225
1649,19,3.2917603594683635,-1.6836467832231568
1650,0,3.3244585600494383,-1.7159597468858447
1650,1,3.366688640300819,-1.8517083953188087
1650,2,3.4042247663936998,-1.7010651955620748
1650,3,3.3660278529799874,-1.687877866673198
1650,4,3.363593151140396,-1.761299252436173
1650,5,3.2792888267587794,-1.5897872223031941
1650,6,3.352142063621197,-1.7692107187192538
1650,7,3.2608404749926656,-1.7581739355012496
1650,8,3.4287277327890697,-1.7086108505298516
1650,9,3.275706496404306,-1.7453413912358313
1650,10,3.351440781917981,-1.6428530735069047
1650,11,3.426561632990182,-1.7603497504322636
1650,12,3.4503480843671817,-1.7616909722052452
1650,13,3.3190740577812594,-1.7614902275185316
1650,14,3.4493947405512375,-1.7041047215433203
1650,15,3.38213571874383,-1.6740110640893362
1650,16,3.3899125676042345,-1.7330287561106448
1650,17,3.374020949279568,-1.741903407578086
1650,18,3.233007189446071,-1.6832435478190326
1650,19,3.292865591030905,-1.6843698581285957
1651,0,3.325542212701555,-1.7166317064348664
1651,1,3.367704734284555,-1.8522703595495573
1651,2,3.4042247663936998,-1.7010651955620748
1651,3,3.367058272695753,-1.6886038280144762
1651,4,3.364619688893627,-1.7619518175541233
1651,5,3.2792888267587794,-1.5897872223031941
1651,6,3.353179520275861,-1.7698541025915002
1651,7,3.261980312687726,-1.7588017714900268
1651,8,3.4296939867295912,-1.7093214431050798
1651,9,3.275706496404306,-1.7453413912358313
1651,10,3.3525396904124065,-1.6435492625026296
1651,11,3.4275256784008037,-1.761008461158554
1651,12,3.4503480843671817,-1.7616909722052452
1651,13,3.320145299775158,-1.7621381538532408
1651,14,3.4503403471445724,-1.7048221775265555
1651,15,3.38213571874383,-1.6740110640893362
1651,16,3.3909303076658093,-1.7336892214288617
1651,17,3.375038872600024,-1.7425760430681767
1651,18,3.2341700047193194,-1.6839635096019672
1651,19,3.293969721544243,-1.6850922126953514
1652,0,3.326623283219712,-1.7173054184390637
1652,1,3.3687198160361973,-1.8528317639519443
1652,2,3.4042247663936998,-1.7010651955620748
1652,3,3.3680876658347683,-1.6893290661018963
1652,4,3.365645203940909,-1.7626037325428154
1652,5,3.2792888267587794,-1.5897872223031941
1652,6,3.354215943373366,-1.7704968454981658
1652,7,3.2631176361226504,-1.7594314827498947
1652,8,3.430659278030232,-1.7100313277455474
1652,9,3.275706496404306,-1.7453413912358313
1652,10,3.3536352166793897,-1.6442483753125023
1652,11,3.4284887633847245,-1.7616665156467015
1652,12,3.4503480843671817,-1.7616909722052452
1652,13,3.3212154745783793,-1.7627854347119998
1652,14,3.451285011617405,-1.7055389186987946
1652,15,3.38213571874383,-1.6740110640893362
1652,16,3.3919456092395697,-1.7343512235517695
1652,17,3.3760557818100216,-1.7432480084422857
1652,18,3.2353316614405183,-1.6846827540627112
1652,19,3.295072752113614,-1.6858138476465012
1653,0,3.327701801524603,-1.7179808249165252
1653,1,3.369733886571843,-1.8533926090879362
1653,2,3.4042247663936998,-1.7010651955620748
1653,3,3.3691160334274564,-1.6900535816614224
1653,4,3.3666696973087835,-1.7632549980548167
1653,5,3.2792888267587794,-1.5897872223031941
1653,6,3.3552513339511725,-1.771138948082637
1653,7,3.2642524729650857,-1.7600630087178055
1653,8,3.4316236076572495,-1.7107405051618498
1653,9,3.275706496404306,-1.7453413912358313
1653,10,3.354727403101003,-1.6449503210751566
1653,11,3.4294508889059934,-1.7623239145554197
1653,12,3.4503480843671817,-1.7616909722052452
1653,13,3.322284583262169,-1.7634320707427371
1653,14,3.452228734915346,-1.706254945777496
1653,15,3.38213571874383,-1.6740110640893362
1653,16,3.392958499632536,-1.735014712165642
1653,17,3.377071677927488,-1.7439193043730508
1653,18,3.2364921607724875,-1.685401281921229
1653,19,3.2961746838431516,-1.6865347637044026
1654,0,3.3287777971136996,-1.7186578693472014
1654,1,3.3707460171467534,-1.8539545733447291
1654,2,3.4042247663936998,-1.7010651955620748
1654,3,3.370143376503214,-1.6907773754182953
1654,4,3.36769317002277,-1.7639056147420447
1654,5,3.2792888267587794,-1.5897872223031941
1654,6,3.3562856930457072,-1.7717804109876587
1654,7,3.2653848505070413,-1.760696290365197
1654,8,3.4325869765759385,-1.7114489760638742
1654,9,3.275706496404306,-1.7453413912358313
1654,10,3.3558162916336536,-1.645655011329916
1654,11,3.430412055927699,-1.7629806585427652
1654,12,3.4503480843671817,-1.7616909722052452
1654,13,3.3233526268967064,-1.7640780625927364
1654,14,3.4531715179830633,-1.7069702594794036
1654,15,3.38213571874383,-1.6740110640893362
1654,16,3.393969005775076,-1.73567963817649
1654,17,3.3780865619693357,-1.74458993153244
1654,18,3.237651503876888,-1.6861190938967676
1654,19,3.297275517835891,-1.6872549615906933
1655,0,3.3298512990608975,-1.7193364966337499
1655,1,3.37175713931583,-1.8545159777053497
1655,2,3.4042247663936998,-1.7010651955620748
1655,3,3.371169696090413,-1.6915004480970333
1655,4,3.3687156231073656,-1.7645555832557671
1655,5,3.2792888267587794,-1.5897872223031941
1655,6,3.3573190216923647,-1.7724212348553363
1655,7,3.2665147956631433,-1.7613312701568526
1655,8,3.433549385750632,-1.7121567411608007
1655,9,3.275706496404306,-1.7453413912358313
1655,10,3.356901923793982,-1.646362359949603
1655,11,3.4313722654119703,-1.7636367482661395
1655,12,3.4503480843671817,-1.7616909722052452
1655,13,3.3244196065511042,-1.7647234109086358
1655,14,3.4541133617642834,-1.7076848605205472
1655,15,3.38213571874383,-1.6740110640893362
1655,16,3.3949771542211336,-1.7363459536786063
1655,17,3.379100434951465,-1.7452598905917518
1655,18,3.238809691914223,-1.6868361907078577
1655,19,3.29837390019039,-1.6879765089258318
1656,0,3.3309223360166387,-1.7200166530634882
1656,1,3.3727672540912077,-1.8550768227317642
1656,2,3.4042247663936998,-1.7010651955620748
1656,3,3.3721949932164,-1.6922228004214326
1656,4,3.3697370575860464,-1.7652049042466034
1656,5,3.280478535436129,-1.5905063012510814
1656,6,3.3583513209255083,-1.773061420327135
1656,7,3.2676423349694255,-1.7619678920109234
1656,8,3.434510836144703,-1.7128638011611028
1656,9,3.275706496404306,-1.7453413912358313
1656,10,3.357984340646247,-1.6470722830752718
1656,11,3.432331518319978,-1.7642921843822892
1656,12,3.4503480843671817,-1.7616909722052452
1656,13,3.3254843726674306,-1.7653700148891973
1656,14,3.4550542672017928,-1.7083987496162432
1656,15,3.38213571874383,-1.6740110640893362
1656,16,3.395982971148804,-1.7370136119239707
1656,17,3.3801132978887636,-1.7459291822216156
1656,18,3.2399667260438405,-1.6875525730723138
1656,19,3.2994711881821086,-1.6886973373541663
1657,0,3.3319909362084807,-1.7206982862714264
1657,1,3.373776362484012,-1.8556371089853791
1657,2,3.4042247663936998,-1.7010651955620748
1657,3,3.3732192689074987,-1.6929444331145687
1657,4,3.370757474481269,-1.7658535783645244
1657,5,3.2816642801200966,-1.5912292698790917
1657,6,3.3593825917784703,-1.773700968043881
1657,7,3.2687674945826206,-1.7626061012600782
1657,8,3.4354713287205643,-1.7135701567725483
1657,9,3.275706496404306,-1.7453413912358313
1657,10,3.359063582791116,-1.647784699052819
1657,11,3.4332898156119356,-1.7649469675473064
1657,12,3.4503480843671817,-1.7616909722052452
1657,13,3.3265480779207874,-1.7660159746360549
1657,14,3.455994235237439,-1.7091119274810949
1657,15,3.38213571874383,-1.6740110640893362
1657,16,3.396986482361247,-1.7376825672924932
1657,17,3.3811251517951084,-1.7465978070919934
1657,18,3.2411226074239323,-1.6882682417072352
1657,19,3.300567382909433,-1.6894174475972468
1658,0,3.333057127442073,-1.7213813452043463
1658,1,3.3747844655043613,-1.8561968370270416
1658,2,3.4042247663936998,-1.7010651955620748
1658,3,3.3742425241890097,-1.6936653468987968
1658,4,3.3717768748144725,-1.7665016062588534
1658,5,3.282846112934946,-1.591956004506893
1658,6,3.3604128352835536,-1.7743398786457625
1658,7,3.269890300279918,-1.763245844613752
1658,8,3.4364308644396697,-1.7142758087021999
1658,9,3.2768669847789376,-1.7459195876902054
1658,10,3.3601396903557683,-1.6484995283714188
1658,11,3.434247158247099,-1.7656010984166297
1658,12,3.4503480843671817,-1.7616909722052452
1658,13,3.327610723375945,-1.766661290795815
1658,14,3.4569332668121304,-1.7098243948289942
1658,15,3.38213571874383,-1.6740110640893362
1658,16,3.3979877132878986,-1.7383527752630685
1658,17,3.382135997683366,-1.747265765872179
1658,18,3.2422773372115365,-1.6889831973290073
1658,19,3.301662485469655,-1.6901368403759043
1659,0,3.3341209371025173,-1.722065780085898
1659,1,3.375791564161368,-1.8567560074170402
1659,2,3.4042247663936998,-1.7010651955620748
1659,3,3.375264760085213,-1.6943855424957521
1659,4,3.372795259606077,-1.7671489885782672
1659,5,3.284024085597432,-1.5926863849333712
1659,6,3.361440945186262,-1.7749799348227182
1659,7,3.271010777459153,-1.7638870701214584
1659,8,3.4373894442625152,-1.7149807576564158
1659,9,3.278024371214553,-1.7465011227748146
1659,10,3.3612127029852203,-1.6492166936037351
1659,11,3.4352035471837694,-1.7662545776450447
1659,12,3.4503480843671817,-1.7616909722052452
1659,13,3.3286723100966116,-1.7673059640144397
1659,14,3.457871362865839,-1.7105361523731217
1659,15,3.3832017776326913,-1.674677564549507
1659,16,3.3989866889859712,-1.7390241923854237
1659,17,3.383145836565394,-1.7479330592308
1659,18,3.2434309165625392,-1.689697440653301
1659,19,3.3027564969589736,-1.690855516410252
1660,0,3.3351823921560815,-1.722751542382685
1660,1,3.3767976594631386,-1.8573146207151046
1660,2,3.4042247663936998,-1.7010651955620748
1660,3,3.3762859776193674,-1.6951050206263512
1660,4,3.3738126298754874,-1.767795725970796
1660,5,3.28519824938579,-1.5934202943335725
1660,6,3.362468030751616,-1.7756193532921203
1660,7,3.2721289511393965,-1.7645297271371383
1660,8,3.4383470691486404,-1.7156850043408505
1660,9,3.2791786887867844,-1.7470858998468484
1660,10,3.3622826598348095,-1.6499361193478652
1660,11,3.4361579010905396,-1.766908987040937
1660,12,3.4503480843671817,-1.7616909722052452
1660,13,3.3297328391454375,-1.7679499949372475
1660,14,3.4588085243376003,-1.7112472008259476
1660,15,3.384264612113896,-1.675346867815522
1660,16,3.3999834341422157,-1.7396967762527318
1660,17,3.384154669452043,-1.7485996878358177
1660,18,3.2445833466316745,-1.6904109723950747
1660,19,3.3038494184724954,-1.6915734764196848
1661,0,3.3362415191522357,-1.723438584771306
1661,1,3.377802752416776,-1.8578726774804075
1661,2,3.4042247663936998,-1.7010651955620748
1661,3,3.377306177813713,-1.6958237820107924
1661,4,3.3748289866410914,-1.7684418190838243
1661,5,3.2863686551116182,-1.5941576191587083
1661,6,3.3634940930077293,-1.7762581346940272
1661,7,3.2732460107631907,-1.765171743862132
1661,8,3.4393037400566286,-1.7163885494604558
1661,9,3.280329970415673,-1.7476738247411097
1661,10,3.3633495995637475,-1.650657732170963
1661,11,3.4371113041539187,-1.7675627444346267
1661,12,3.4503480843671817,-1.7616909722052452
1661,13,3.330792311584013,-1.7685933842089139
1661,14,3.459744752165513,-1.7119575408992318
1661,15,3.385324260701442,-1.6760188894544839
1661,16,3.400977973074925,-1.7403704854749749
1661,17,3.3851613447639535,-1.749267393335892
1661,18,3.245734628572526,-1.6911237932685743
1661,19,3.304941251104236,-1.692290721122882
1662,0,3.3372983442259927,-1.7241268611063323
1662,1,3.3788068440283787,-1.8584301782715642
1662,2,3.4042247663936998,-1.7010651955620748
1662,3,3.3783253616894706,-1.6965418273685566
1662,4,3.375844330920264,-1.7690872685640922
1662,5,3.2875353530944587,-1.5948982490391461
1662,6,3.364519132981691,-1.7768962796678598
1662,7,3.274361957448713,-1.7658131209390986
1662,8,3.440258263188005,-1.7170930154458381
1662,9,3.2814782488431544,-1.748264805703551
1662,10,3.364413560329682,-1.6513814605544996
1662,11,3.4380637573282637,-1.7682158504805257
1662,12,3.4513386503348387,-1.7622720632281659
1662,13,3.331850728472871,-1.7692361324734722
1662,14,3.4606800472867425,-1.7126671733040255
1662,15,3.386380761555743,-1.6766935471957252
1662,16,3.4019703297361668,-1.7410452796530316
1662,17,3.3861670170968052,-1.7499344335821092
1662,18,3.246884763537528,-1.6918359039873343
1662,19,3.3060319959471207,-1.6930072512378056
1663,0,3.3383541163892296,-1.7248144517144468
1663,1,3.3798099353030437,-1.8589871236466335
1663,2,3.4042247663936998,-1.7010651955620748
1663,3,3.379342250514445,-1.697260970448906
1663,4,3.376857553006656,-1.7697338189994485
1663,5,3.2886983931389135,-1.595642076690309
1663,6,3.3655431516995673,-1.7775337888524017
1663,7,3.2754767923130275,-1.7664538590100574
1663,8,3.4412118353054493,-1.7177967795551263
1663,9,3.282623556612307,-1.7488587533265887
1663,10,3.365474579784195,-1.6521072348411137
1663,11,3.439015261566982,-1.7688683058323937
1663,12,3.4523264041310147,-1.7628556990000552
1663,13,3.332908090871488,-1.769878240374314
1663,14,3.46161441063752,-1.7133760987506714
1663,15,3.3874341524702416,-1.677370760872228
1663,16,3.402960527714217,-1.7417211193534725
1663,17,3.387171687457277,-1.7506008092421774
1663,18,3.2480337526779666,-1.6925473052641782
1663,19,3.307121654092986,-1.6937230674817034
1664,0,3.3394088366987753,-1.7255013572839286
1664,1,3.380812027244866,-1.8595435141631182
1664,2,3.4042247663936998,-1.7010651955620748
1664,3,3.3803581261783977,-1.6979793970224748
1664,4,3.377869765593951,-1.7703797252600584
1664,5,3.2898578245141246,-1.5963889978214072
1664,6,3.366566150186402,-1.7781706628858003
1664,7,3.2765905164720843,-1.7670939587163879
1664,8,3.442164457363487,-1.718499842492789
1664,9,3.283765926048269,-1.7494555804861562
1664,10,3.3665326950691807,-1.6528349871830066
1664,11,3.439015261566982,-1.7688683058323937
1664,12,3.4533113747350965,-1.7634418095446425
1664,13,3.3339643998382846,-1.7705197085541902
1664,14,3.4625478431531445,-1.7140843179488046
1664,15,3.388484470859335,-1.6780504523636635
1664,16,3.4039497392090414,-1.7423962857496424
1664,17,3.3881753568510447,-1.751266520983139
1664,18,3.249181597143981,-1.6932579978112194
1664,19,3.308210226632581,-1.694438170571108
1665,0,3.3404625062104056,-1.7261875785023708
1665,1,3.381813120856941,-1.860099350377966
1665,2,3.4042247663936998,-1.7010651955620748
1665,3,3.3813729896982214,-1.6986971078084092
1665,4,3.3788809696953748,-1.7710249879924747
1665,5,3.291013695935465,-1.597138911046928
1665,6,3.3675881294662178,-1.778806902405567
1665,7,3.277703131040723,-1.7677334206988302
1665,8,3.4431161303156945,-1.719202204962593
1665,9,3.2849053892407247,-1.7500552022804563
1665,10,3.3675879428140374,-1.6535646514918407
1665,11,3.439015261566982,-1.7688683058323937
1665,12,3.454293590939618,-1.7640303265292496
1665,13,3.335019656430627,-1.7711605376552106
1665,14,3.4634803457679824,-1.7147918316073532
1665,15,3.3895317537475225,-1.6787325455410098
1665,16,3.4049379652108422,-1.7430707795173839
1665,17,3.389178026282783,-1.7519315694713724
1665,18,3.250328298084565,-1.693967982339862
1665,19,3.309297714655568,-1.6951525612218383
1666,0,3.341515125978845,-1.7268731160566815
1666,1,3.382813217141364,-1.8606546328475693
1666,2,3.4052731139611647,-1.7016947382394931
1666,3,3.3823868420897956,-1.6994141035251382
1666,4,3.379891166323144,-1.771669607842606
1666,5,3.2921660555483014,-1.5978917178008056
1666,6,3.3686090905620163,-1.7794425080485785
1666,7,3.2788146371326716,-1.7683722455974866
1666,8,3.444066855114697,-1.7199038676676035
1666,9,3.2860419780278662,-1.7506575359703729
1666,10,3.3686403591336243,-1.6542961633900954
1666,11,3.439015261566982,-1.7688683058323937
1666,12,3.455273081338352,-1.7646211832241645
1666,13,3.3360738617048287,-1.7718007283188464
1666,14,3.4644119194154697,-1.715498640434539
1666,15,3.3905760377597116,-1.679416966212709
1666,16,3.4059252067088344,-1.7437446013318654
1666,17,3.390179696756164,-1.7525959553725916
1666,18,3.2514738566475674,-1.6946772595608008
1666,19,3.3103841192505237,-1.6958662401490001
1667,0,3.3425666970577668,-1.7275579706330844
1667,1,3.383812317099233,-1.8612093621277666
1667,2,3.4063182670609398,-1.7023272460281786
1667,3,3.3833996843679874,-1.7001303848903753
1667,4,3.380900356488466,-1.7723135854557173
1667,5,3.293314950913681,-1.5986473222531998
1667,6,3.369629034495781,-1.7800774804510764
1667,7,3.279925035860549,-1.7690104340518216
1667,8,3.4450166327121714,-1.7206048313101858
1667,9,3.2871757239817474,-1.751262500921503
1667,10,3.3696899796269255,-1.6550294601638411
1667,11,3.439015261566982,-1.7688683058323937
1667,12,3.4562498743153345,-1.7652143144630246
1667,13,3.3371270167161495,-1.7724402811859286
1667,14,3.465342565028113,-1.7162047451378784
1667,15,3.3916173591126055,-1.680103642072324
1667,16,3.4069114646912473,-1.7444177518675834
1667,17,3.391180369273862,-1.7532596793518476
1667,18,3.2526182739796927,-1.6953858301840232
1667,19,3.3114694415049395,-1.6965792080669866
1668,0,3.3436172204997945,-1.7282421429171195
1668,1,3.384810421730647,-1.861763538773842
1668,2,3.407360261661842,-1.7029626333257262
1668,3,3.384411517546653,-1.7008459526211186
1668,4,3.381908541201541,-1.7729569214764307
1668,5,3.2944604289958255,-1.59940563122981
1668,6,3.370647962288477,-1.7807118202486687
1668,7,3.2810343283358656,-1.7696479867006623
1668,8,3.4459654640588457,-1.7213050965920051
1668,9,3.2883066583949443,-1.751870018547771
1668,10,3.3707368393763746,-1.6557644807168896
1668,11,3.439015261566982,-1.7688683058323937
1668,12,3.457223998034766,-1.7658096566041883
1668,13,3.338179122518799,-1.7730791968966504
1668,14,3.466272283537489,-1.716910146424183
1668,15,3.392655753607108,-1.6807925026476578
1668,16,3.4078967401453264,-1.7450902317983623
1668,17,3.3921800448375503,-1.7539227420735286
1668,18,3.2537615512265043,-1.6960936949188092
1668,19,3.3125536825052246,-1.6972914656894795
1669,0,3.3446666973565033,-1.7289256335936443
1669,1,3.3858075320347107,-1.8623171633405273
1669,2,3.408399133488022,-1.703600816668822
1669,3,3.385422342638639,-1.7015608074336523
1669,4,3.3829157214715635,-1.7735996165487264
1669,5,3.2956025361513004,-1.6001665541336507
1669,6,3.371665874960051,-1.7813455280763302
1669,7,3.282142515669024,-1.7702849041821995
1669,8,3.446913350104501,-1.7220046642140276
1669,9,3.2894348122684476,-1.752480012256584
1669,10,3.371780972947792,-1.6565011655262811
1669,11,3.439015261566982,-1.7688683058323937
1669,12,3.458195480431745,-1.7664071474930747
1669,13,3.339230180165936,-1.773717476090567
1669,14,3.4671998989690977,-1.7176163934758584
1669,15,3.3936912566216826,-1.6814834792512927
1669,16,3.4088810340573334,-1.7457620417973552
1669,17,3.3931787244479055,-1.7545851442013614
1669,18,3.254903689532424,-1.696800854473732
1669,19,3.313636843336705,-1.6980030137294493
1670,0,3.3457151286784206,-1.7296084433468333
1670,1,3.3868036490095323,-1.862870236382001
1670,2,3.4094349180020505,-1.7042417146769837
1670,3,3.3864321606557812,-1.702274950043547
1670,4,3.3839218983067214,-1.7742416713159428
1670,5,3.2967413181197536,-1.6009300028692202
1670,6,3.372682773529436,-1.7819786045684032
1670,7,3.2832495989693204,-1.7709211871339883
1670,8,3.447860291797972,-1.7227035348765214
1670,9,3.2905602163007113,-1.7530924073954932
1670,10,3.372822414390892,-1.6572394565990678
1670,11,3.439015261566982,-1.7688683058323937
1670,12,3.4591643492037893,-1.7670067264254479
1670,13,3.34028019070967,-1.7743551194065965
1670,14,3.4681265901962774,-1.718321936877475
1670,15,3.3947239031066063,-1.6821765049325195
1670,16,3.4098643474125474,-1.7464331825370445
1670,17,3.3941764091046065,-1.7552468863984108
1670,18,3.256044690040733,-1.697507309556659
1670,19,3.314718925083626,-1.6987138528991563
1671,0,3.346762515515027,-1.7302905728601798
1671,1,3.3877987736522255,-1.86342275845189
1671,2,3.4104676503893954,-1.7048852479977863
1671,3,3.387440972608909,-1.7029883811656599
1671,4,3.384927072714199,-1.7748830864207774
1671,5,3.2978768200161097,-1.6016958917689916
1671,6,3.373698659014547,-1.7826110503585977
1671,7,3.284355579344947,-1.7715568361929483
1671,8,3.4488062900871483,-1.7234017092790563
1671,9,3.291682900877788,-1.7537071312003205
1671,10,3.3738611972403176,-1.6579792974303584
1671,11,3.439015261566982,-1.7688683058323937
1671,12,3.4601306318031018,-1.7676083341116269
1671,13,3.341329155201063,-1.7749921274830205
1671,14,3.469052358146647,-1.7190267773352823
1671,15,3.395753727579061,-1.6828715144306114
1671,16,3.4108466811952662,-1.7471036546892427
1671,17,3.3951730998063367,-1.7559079693270814
1671,18,3.2571845538935746,-1.6982130608747525
1671,19,3.315799928829153,-1.6994239839101513
1672,0,3.347808858914758,-1.7309720228164962
1672,1,3.388792906958911,-1.8639747301032694
1672,2,3.4114973655442196,-1.7055313392535365
1672,3,3.3884487795078444,-1.7037011015141361
1672,4,3.385931245700177,-1.7755238625052872
1672,5,3.299009086324124,-1.6024641375221589
1672,6,3.3747135324322874,-1.7832428660799926
1672,7,3.2854604579029907,-1.7721918519953652
1672,8,3.4497513459189757,-1.7240991881205059
1672,9,3.2928028960644866,-1.754324112744715
1672,10,3.374897354517162,-1.6587206329625843
1672,11,3.439015261566982,-1.7688683058323937
1672,12,3.4610943554295353,-1.7682119126415994
1672,13,3.3423770746901296,-1.7756285009574848
1672,14,3.469977203746901,-1.7197309155548264
1672,15,3.3967807641190095,-1.6835684441294134
1672,16,3.4118268965180767,-1.7477751259478829
1672,17,3.396168797550785,-1.756568393649118
1672,18,3.2583219286389284,-1.698920290657629
1672,19,3.3168798556553707,-1.700133407473276
1673,0,3.3488541599250046,-1.7316527938979145
1673,1,3.389785152204521,-1.864527765643269
1673,2,3.412524098056415,-1.7061799129893687
1673,3,3.3894555823614025,-1.7044131118024097
1673,4,3.386934418269833,-1.7761640002108896
1673,5,3.3001381608911977,-1.6032346591055706
1673,6,3.375727394798546,-1.783874052365036
1673,7,3.2865642357494362,-1.7728262351768902
1673,8,3.4506954602394555,-1.7247959720990471
1673,9,3.2939202315964864,-1.7549432828911016
1673,10,3.375930918730944,-1.6594634095459524
1673,11,3.439015261566982,-1.7688683058323937
1673,12,3.4620555470242276,-1.7688174054510188
1673,13,3.3434239502258376,-1.7762642404669997
1673,14,3.4709011279228115,-1.7204343522409502
1673,15,3.3978050463658063,-1.6842672320132066
1673,16,3.4128061352254253,-1.7484459282012563
1673,17,3.397163503334645,-1.7572281600256061
1673,18,3.259458170169626,-1.6996268157975034
1673,19,3.3179587066432874,-1.700842124298664
1674,0,3.3498984195921135,-1.7323328867858871
1674,1,3.390776408858015,-1.8650802501838286
1674,2,3.4135478821998064,-1.706830895622723
1674,3,3.3904613821773943,-1.7051244127432035
1674,4,3.3879365914273443,-1.7768035001783633
1674,5,3.3012640869243643,-1.6040073777167865
1674,6,3.376740247128201,-1.7845046098455462
1674,7,3.2876669139891663,-1.7734599863725415
1674,8,3.451638633993647,-1.7254920619121614
1674,9,3.2950349368733547,-1.7555645742429862
1674,10,3.3769619218819997,-1.6602075749000496
1674,11,3.439015261566982,-1.7688683058323937
1674,12,3.46301423326386,-1.769424757288064
1674,13,3.344469782856111,-1.7768993466479412
1674,14,3.4718241315992264,-1.7211370880977945
1674,15,3.398826607515496,-1.684967817623816
1674,16,3.4137843982975307,-1.7491160621208368
1674,17,3.398157218153619,-1.7578872691169725
1674,18,3.260593279623046,-1.7003326370016076
1674,19,3.3190364828728343,-1.7015501350957418
1675,0,3.3509416389613897,-1.7330123021611878
1675,1,3.3917666779116415,-1.8656321842779857
1675,2,3.4145687519214576,-1.7074842153941785
1675,3,3.3914661799626264,-1.7058350050485305
1675,4,3.3889377661758866,-1.7774423630478484
1675,5,3.3023869069873677,-1.6047822167091934
1675,6,3.3777520904351173,-1.7851345391527116
1675,7,3.288768493725963,-1.774093106216705
1675,8,3.452580868125668,-1.7261874582566354
1675,9,3.2961470409524027,-1.7561879210985805
1675,10,3.3779903954642587,-1.6609530780765642
1675,11,3.439015261566982,-1.7688683058323937
1675,12,3.4639704405555096,-1.770033914181141
1675,13,3.3455145736278293,-1.7775338201360513
1675,14,3.4727462157000737,-1.721839123828799
1675,15,3.3998454803187514,-1.6856701420189257
1675,16,3.4147616867136352,-1.749785528377429
1675,17,3.399149943002416,-1.7585457215829858
1675,18,3.2617272581354344,-1.7010377549764697
1675,19,3.320113185422866,-1.7022574405732287
1676,0,3.3519838190770974,-1.7336910407039121
1676,1,3.392755960356662,-1.866183568478227
1676,2,3.415586740832014,-1.7081398023196064
1676,3,3.3924699767229023,-1.7065448894296942
1676,4,3.3899379435176376,-1.7780805894588472
1676,5,3.3035066629987475,-1.6055591015291182
1676,6,3.3787629257321514,-1.7857638409170924
1676,7,3.289868976062509,-1.7747255953431338
1676,8,3.4535221635786963,-1.7268821618285615
1676,9,3.2972565725433385,-1.7568132594057126
1676,10,3.379016370468374,-1.6616998694230913
1676,11,3.439015261566982,-1.7688683058323937
1676,12,3.4649241950320593,-1.7706448234074086
1676,13,3.346558323586829,-1.7781676615664384
1676,14,3.4736673811483607,-1.7225404601367014
1676,15,3.4008616970794128,-1.6863741477315686
1676,16,3.415738001452006,-1.7504543276411695
1676,17,3.4001416788747547,-1.7592035180827577
1676,18,3.2628601068419045,-1.7017421704279134
1676,19,3.321188815371163,-1.7029640414391383
1677,0,3.3530249609824594,-1.734369103093478
1677,1,3.3937442571833483,-1.8667344033364888
1677,2,3.4166018821970234,-1.7087975881436097
1677,3,3.3934727734630235,-1.7072540665972897
1677,4,3.390937124453775,-1.7787181800502248
1677,5,3.304623396230861,-1.6063379596548757
1677,6,3.379772754031151,-1.78639251576862
1677,7,3.2909683621003873,-1.7753574543849504
1677,8,3.4544625212949693,-1.7275761733233386
1677,9,3.298363560003655,-1.7574405267179898
1677,10,3.3800398773851783,-1.6624479005479897
1677,11,3.439015261566982,-1.7688683058323937
1677,12,3.4658755225481377,-1.7712574334621056
1677,13,3.347599926695668,-1.7788026910298267
1677,14,3.474587628866175,-1.7232410977235406
1677,15,3.401875289653584,-1.6870797787307585
1677,16,3.4167133434899344,-1.7511224605815268
1677,17,3.4011324267633634,-1.759860659274743
1677,18,3.263991826876439,-1.7024458840610592
1677,19,3.3222620729494743,-1.7036719146594737
1678,0,3.3540638605389397,-1.7350483369329666
1678,1,3.3947315693809865,-1.8672846894041568
1678,2,3.4176142089291734,-1.7094575062942223
1678,3,3.3944745711867905,-1.707962537261204
1678,4,3.3919353099844805,-1.7793551354602102
1678,5,3.30573714730977,-1.6071187205376942
1678,6,3.3807815763429545,-1.7870205643365986
1678,7,3.2920655076610914,-1.7759906725006886
1678,8,3.455401942215786,-1.7282694934356728
1678,9,3.2994680313347176,-1.758069662152177
1678,10,3.381060946209435,-1.6631971242862589
1678,11,3.439015261566982,-1.7688683058323937
1678,12,3.466824448676553,-1.771871694028662
1678,13,3.348640492025837,-1.7794370877953798
1678,14,3.475506959774685,-1.7239410372906554
1678,15,3.402886289449253,-1.6877869803832324
1678,16,3.417687713803739,-1.7517899278673026
1678,17,3.402122187659982,-1.760517145816741
1678,18,3.2651224193718913,-1.7031488965803252
1678,19,3.323334261203431,-1.7043790826007688
1679,0,3.355101725009253,-1.7357268940318142
1679,1,3.3957178979378773,-1.8678344272320684
1679,2,3.418623753581396,-1.7101194918388312
1679,3,3.3954753708970036,-1.7086703021306169
1679,4,3.3929325011089384,-1.7799914563263963
1679,5,3.3068479562159285,-1.6079013155444597
1679,6,3.381788326777403,-1.787649697751882
1679,7,3.2931615600921376,-1.7766232597160914
1679,8,3.4563404272815075,-1.7289621228595784
1679,9,3.3005700141784953,-1.758700606346761
1679,10,3.3820796064438654,-1.6639474946664055
1679,11,3.439015261566982,-1.7688683058323937
1679,12,3.4677709987051983,-1.7724875559495752
1679,13,3.3496800206189428,-1.7800708524981295
1679,14,3.476425374794142,-1.724640279538686
1679,15,3.4038947274263918,-1.6884956994162703
1679,16,3.4186611133687657,-1.7524567301666323
1679,17,3.4031109625553624,-1.7611729783658951
1679,18,3.266251885459985,-1.7038512086894275
1679,19,3.324405381206294,-1.7050855459708996
1680,0,3.3561385554323024,-1.7364047750692575
1680,1,3.3967032438413365,-1.8683836173705113
1680,2,3.4196305483407836,-1.710783481441294
1680,3,3.396475173595465,-1.7093773619140016
1680,4,3.3939286988253383,-1.780627143285741
1680,5,3.3079558622856076,-1.6086856779022223
1680,6,3.3827940741582454,-1.7882782043439536
1680,7,3.294256520490675,-1.7772552166643791
1680,8,3.4572779774315583,-1.729654062288378
1680,9,3.3016695358149035,-1.759333301421666
1680,10,3.3830958871034227,-1.66469896687827
1680,11,3.439015261566982,-1.7688683058323937
1680,12,3.4687151976343955,-1.7731049711980302
1680,13,3.3507185135155546,-1.780703985772475
1680,14,3.47734287484388,-1.7253388251675745
1680,15,3.4049006340975136,-1.6892058838815658
1680,16,3.4196335431593883,-1.7531228681469857
1680,17,3.4040987524392685,-1.7618281575786945
1680,18,3.267380226271317,-1.7045528210913812
1680,19,3.325475434030256,-1.7057913054770364
1681,0,3.3571743528459566,-1.737081980723856
1681,1,3.397687608077696,-1.8689322603692256
1681,2,3.4206346250232675,-1.7114494133202216
1681,3,3.397473980282977,-1.710083717319126
1681,4,3.394923904130875,-1.7812621969745674
1681,5,3.309060904213002,-1.609471742644412
1681,6,3.3837988194922355,-1.7889060847419487
1681,7,3.2953503899527603,-1.7778865439781413
1681,8,3.458213441352728,-1.7303468709521626
1681,9,3.3027666231597106,-1.759967690939091
1681,10,3.3841111552479646,-1.665449690402367
1681,11,3.439015261566982,-1.7688683058323937
1681,12,3.469657070174656,-1.7737238928502495
1681,13,3.3517559717552046,-1.7813364882521832
1681,14,3.4782594608423185,-1.7260366748765659
1681,15,3.4059040395286457,-1.6899174831201123
1681,16,3.4206050041490097,-1.7537883424751677
1681,17,3.4050844478864666,-1.762484355166736
1681,18,3.2685074429353573,-1.705253734488501
1681,19,3.3265444207464405,-1.7064963618256452
1682,0,3.3582091182870495,-1.7377585116734933
1682,1,3.397687608077696,-1.8689322603692256
1682,2,3.4216360150690166,-1.7121172272083924
1682,3,3.3984717919593472,-1.710789369053052
1682,4,3.3959181180217497,-1.7818966180285651
1682,5,3.310163120052962,-1.6102594465587075
1682,6,3.3848025637851245,-1.7895333395743764
1682,7,3.296443169573358,-1.7785172422893372
1682,8,3.459147973247358,-1.7310389893530234
1682,9,3.3038613027629755,-1.7606037198654334
1682,10,3.385125411893776,-1.6661996659901719
1682,11,3.439015261566982,-1.7688683058323937
1682,12,3.4705966407448328,-1.7743442750585494
1682,13,3.3527923963763895,-1.7819683605703898
1682,14,3.4791751337069603,-1.7267338293642083
1682,15,3.4069049733406915,-1.6906304477280818
1682,16,3.4215754973100636,-1.7544531538173187
1682,17,3.406069161260405,-1.7631398989685538
1682,18,3.2696335365804514,-1.705953949582402
1682,19,3.3276123424249042,-1.7072007157224884
1683,0,3.359242852791382,-1.7384343685953774
1683,1,3.397687608077696,-1.8689322603692256
1683,2,3.4226347495385063,-1.7127868643132742
1683,3,3.3994686096233857,-1.7114943178221382
1683,4,3.396910271210057,-1.782532081229994
1683,5,3.311262547224303,-1.611048728136508
1683,6,3.3858053080416615,-1.7901599694691195
1683,7,3.2975348604463415,-1.7791473122292962
1683,8,3.4600815740509163,-1.7317304181837716
1683,9,3.3049536008079796,-1.7612413345342772
1683,10,3.3861386580561286,-1.6669488943924107
1683,11,3.439015261566982,-1.7688683058323937
1683,12,3.4715339334706368,-1.7749660730250905
1683,13,3.3538277884165715,-1.7825996033595994
1683,14,3.4800898943543945,-1.727430289328354
1683,15,3.4079034647111546,-1.691344729523663
1683,16,3.4225450236140142,-1.7551173028389153
1683,17,3.4070528935467834,-1.763794789640348
1683,18,3.2707585083338198,-1.7066534670740003
1683,19,3.328679200134638,-1.7079043678726247
1684,0,3.3602755573937237,-1.7391095521660418
1684,1,3.397687608077696,-1.8689322603692256
1684,2,3.4236308591092204,-1.7134582672786196
1684,3,3.4004632034517583,-1.7122003015300706
1684,4,3.397901435894461,-1.7831669113055484
1684,5,3.3123592225136393,-1.6118395275239599
1684,6,3.3868070532655943,-1.790785975053435
1684,7,3.2986254636644943,-1.7797767544287193
1684,8,3.461014244697938,-1.732421158136528
1684,9,3.3060435431106168,-1.7618804826104058
1684,10,3.3871508947492828,-1.667697376359062
1684,11,3.439015261566982,-1.7688683058323937
1684,12,3.4724689721835023,-1.7755892429762994
1684,13,3.3548621489121793,-1.783230217251687
1684,14,3.481003743700298,-1.7281260554661602
1684,15,3.408899542376195,-1.6920602815148338
1684,16,3.4235135840313586,-1.7557807902047715
1684,17,3.4080356457303185,-1.7644490278376648
1684,18,3.2718823593215602,-1.7073522876635134
1684,19,3.3297449949435673,-1.7086073189804105
1685,0,3.361307233127813,-1.739784063061346
1685,1,3.397687608077696,-1.8689322603692256
1685,2,3.4246243740729443,-1.7141313801471105
1685,3,3.401456806338325,-1.712905581846578
1685,4,3.398891613067118,-1.7838011088906935
1685,5,3.3134531820797055,-1.6126317864744832
1685,6,3.387807800459671,-1.791411356953955
1685,7,3.299714980319511,-1.7804055695176786
1685,8,3.461945986122027,-1.7331112099027244
1685,9,3.3071311551192153,-1.762521113054819
1685,10,3.3881621229864884,-1.6684451126393567
1685,11,3.439015261566982,-1.7688683058323937
1685,12,3.473401780419775,-1.7762137421379496
1685,13,3.355895478898608,-1.7838602028778976
1685,14,3.4819166826594348,-1.7288211284740893
1685,15,3.409893234632994,-1.6927770578680414
1685,16,3.424481179531627,-1.756443616579039
1685,17,3.409017418794746,-1.7651026142153972
1685,18,3.273005090668649,-1.7080504120504614
1685,19,3.3308097279185542,-1.7093095697495007
1686,0,3.3623378810263587,-1.7404579019564759
1686,1,3.397687608077696,-1.8689322603692256
1686,2,3.4256153243336134,-1.714806148324022
1686,3,3.4024494192776835,-1.7136101594776463
1686,4,3.3998808037191965,-1.7844346746202617
1686,5,3.3145444614581137,-1.6134254483027581
1686,6,3.3888075506256405,-1.7920361157966875
1686,7,3.3008034115019997,-1.7810337581256186
1686,8,3.462876799255858,-1.7338005741731028
1686,9,3.3082164619147547,-1.7631631760907227
1686,10,3.3891723437799866,-1.6691921039817799
1686,11,3.439015261566982,-1.7688683058323937
1686,12,3.4743323814202025,-1.776839528710881
1686,13,3.356927779410223,-1.7844895608688474
1686,14,3.482828712145657,-1.7295155090479104
1686,15,3.4108845693424055,-1.6934950138777627
1686,16,3.4254478110833833,-1.7571057826252072
1686,17,3.409998213722822,-1.765755549427786
1686,18,3.274126703498941,-1.7087478409336676
1686,19,3.331873400125397,-1.7100111208828488
1687,0,3.3633675021210396,-1.741131069525945
1687,1,3.397687608077696,-1.8689322603692256
1687,2,3.4266037394056794,-1.7154825185418778
1687,3,3.4034410432634403,-1.7143140351285586
1687,4,3.4008690088408775,-1.7850676091284532
1687,5,3.3156330955665165,-1.6142204578401187
1687,6,3.3898063047642535,-1.7926602522070167
1687,7,3.3018907583014805,-1.7816613208813568
1687,8,3.4638066850311753,-1.734489251637718
1687,9,3.309299488211456,-1.7638066231704617
1687,10,3.3901815581410086,-1.6699383511340704
1687,11,3.439015261566982,-1.7688683058323937
1687,12,3.475260798129713,-1.7774665618473438
1687,13,3.357959051480357,-1.7851182918545243
1687,14,3.483739833071908,-1.730209197882699
1687,15,3.4118735739318646,-1.6942141059369191
1687,16,3.4264134796542263,-1.7577672890061053
1687,17,3.410978031496323,-1.7664078341284195
1687,18,3.275247198935172,-1.709444575011259
1687,19,3.3329360126288328,-1.7107119730827085
1688,0,3.364396097442508,-1.7418035664435947
1688,1,3.397687608077696,-1.8689322603692256
1688,2,3.4275896484129644,-1.7161604388260734
1688,3,3.4044316792882117,-1.7150172095038951
1688,4,3.4018562294213552,-1.7856999130488358
1688,5,3.3167206451604065,-1.6150146753764072
1688,6,3.3908040638752643,-1.793283766809704
1688,7,3.302977021806389,-1.782288258413084
1688,8,3.4647356443787958,-1.7351772429859362
1688,9,3.3103802583577133,-1.7644514069433745
1688,10,3.391189767079779,-1.6706838548432223
1688,11,3.439015261566982,-1.7688683058323937
1688,12,3.4761870531974592,-1.7780948016279507
1688,13,3.3589892961413153,-1.7857463964642886
1688,14,3.484648911049327,-1.7309036842973429
1688,15,3.412860275398542,-1.6949342915081245
1688,16,3.4273781862107913,-1.7584281363839018
1688,17,3.4119568730960474,-1.767059468970236
1688,18,3.276366578098959,-1.710140614980667
1688,19,3.3339975664925374,-1.7114121270506333
1689,0,3.365423668020388,-1.742475393382595
1689,1,3.397687608077696,-1.8689322603692256
1689,2,3.4285730800879652,-1.716839858461437
1689,3,3.405421328343625,-1.715719683307534
1689,4,3.4028424664488384,-1.7863315870143464
1689,5,3.317807111328422,-1.6158081017066361
1689,6,3.39180082895743,-1.7939066602288878
1689,7,3.3040622031040754,-1.7829145713483654
1689,8,3.4656636782286085,-1.735864548906438
1689,9,3.311459951819963,-1.7650955483702908
1689,10,3.3921969716055163,-1.6714286158554859
1689,11,3.439015261566982,-1.7688683058323937
1689,12,3.4771111689771117,-1.7787242090392206
1689,13,3.360018514424373,-1.7863738753268736
1689,14,3.485557083292145,-1.7315974787797308
1689,15,3.413844700312716,-1.695655529095737
1689,16,3.4283419317187507,-1.7590883254201055
1689,17,3.412934739501817,-1.767710454605522
1689,18,3.277484842110801,-1.7108359615386284
1689,19,3.3350580627791278,-1.712111583487478
1690,0,3.36645021488328,-1.7431465510154454
1690,1,3.397687608077696,-1.8689322603692256
1690,2,3.4295540627715857,-1.7175207279597062
1690,3,3.406409991420321,-1.7164214572426524
1690,4,3.403827720910551,-1.7869626316572913
1690,5,3.318892495158117,-1.616600737625026
1690,6,3.392796601008514,-1.7945289330880851
1690,7,3.3051463032808077,-1.7835402603141408
1690,8,3.4665907875095763,-1.736551170087217
1690,9,3.312538569678979,-1.7657390480959965
1690,10,3.393203172726433,-1.6721726349163673
1690,11,3.439015261566982,-1.7688683058323937
1690,12,3.478033167527389,-1.7793547459516983
1690,13,3.361046707359779,-1.7870007290703867
1690,14,3.4864643507094435,-1.732290582024352
1690,15,3.414826874821347,-1.6963777782186953
1690,16,3.4293047171428146,-1.7597478567755662
1690,17,3.413911631692477,-1.7683607916859152
1690,18,3.278601992090082,-1.7115306153811856
1690,19,3.3361175025501617,-1.7128103430933994
1691,0,3.36645021488328,-1.7431465510154454
1691,1,3.397687608077696,-1.8689322603692256
1691,2,3.4305326244132615,-1.7182029990278929
1691,3,3.4073976695079513,-1.7171225320117265
1691,4,3.404811993792734,-1.787593047609347
1691,5,3.3199767977359613,-1.617392583925006
1691,6,3.3937913810252853,-1.7951505860101917
1691,7,3.3062293234217712,-1.7841653259367254
1691,8,3.4675169731497366,-1.7372371072155817
1691,9,3.3136161130144592,-1.7663819067646356
1691,10,3.3942083714497375,-1.6729159127706306
1691,11,3.439015261566982,-1.7688683058323937
1691,12,3.4789530706128016,-1.779986375098638
1691,13,3.3620738759767557,-1.7876269583223086
1691,14,3.4873707142093977,-1.732982994725003
1691,15,3.415808070826049,-1.697099307791718
1691,16,3.430266543446732,-1.7604067311104756
1691,17,3.413911631692477,-1.7683607916859152
1691,18,3.2797180291550703,-1.712224577203688
1691,19,3.337175886866139,-1.7135084065678563
1692,0,3.36645021488328,-1.7431465510154454
1692,1,3.397687608077696,-1.8689322603692256
1692,2,3.4315087925714542,-1.7188866245375136
1692,3,3.408384363595183,-1.717822908316533
1692,4,3.4057952860806453,-1.78822283550156
1692,5,3.3210584997551527,-1.6181857191352313
1692,6,3.3947851700035194,-1.7957716196174829
1692,7,3.3073112646110703,-1.7847897688418106
1692,8,3.468442236076202,-1.737922360978156
1692,9,3.314692582905025,-1.7670241250197103
1692,10,3.3952125687816346,-1.6736584501622975
1692,11,3.439015261566982,-1.7688683058323937
1692,12,3.479870899704606,-1.780619060055232
1692,13,3.3631000213034996,-1.7882525637094955
1692,14,3.4882761746992785,-1.7336747175747902
1692,15,3.4167882893090007,-1.697820118537057
1692,16,3.4312263132037506,-1.7610665496535165
1692,17,3.413911631692477,-1.7683607916859152
1692,18,3.2808329544229196,-1.7129178477007918
1692,19,3.3382332167865036,-1.714205774609611
1693,0,3.36645021488328,-1.7431465510154454
1693,1,3.397687608077696,-1.8689322603692256
1693,2,3.4324825944144894,-1.7195715584946614
1693,3,3.4093700746696984,-1.7185225868581493
1693,4,3.406777598758562,-1.788851995964349
1693,5,3.322139124027307,-1.6189780641101537
1693,6,3.395777968938,-1.7963920345316136
1693,7,3.3083921279317288,-1.7854135896544645
1693,8,3.469366577215162,-1.7386069320608795
1693,9,3.3157668295314413,-1.7676676286872561
1693,10,3.396215765727327,-1.6744002478346487
1693,11,3.439015261566982,-1.7688683058323937
1693,12,3.4807866759819426,-1.7812527652183736
1693,13,3.364125144367183,-1.7888775458581792
1693,14,3.489180733085453,-1.7343657512661284
1693,15,3.4177675312514006,-1.698540211176244
1693,16,3.4321851267209653,-1.7617257108047721
1693,17,3.413911631692477,-1.7683607916859152
1693,18,3.2819467690096715,-1.7136104275664616
1693,19,3.339289493369644,-1.7149024479167299
1694,0,3.36645021488328,-1.7431465510154454
1694,1,3.397687608077696,-1.8689322603692256
1694,2,3.4334540567217124,-1.7202577560108943
1694,3,3.4103548037181945,-1.719221568336954
1694,4,3.407758932809779,-1.789480529627504
1694,5,3.32321867163413,-1.6197696196429108
1694,6,3.3967697788225197,-1.79701183137362
1694,7,3.309471914465692,-1.7860367889991322
1694,8,3.470289997491882,-1.7392908211490083
1694,9,3.316840005847106,-1.768310491208833
1694,10,3.3972179632910158,-1.6751413065302243
1694,11,3.439015261566982,-1.7688683058323937
1694,12,3.481700420333154,-1.7818874557869382
1694,13,3.3651492461939556,-1.7895019053939671
1694,14,3.4900843902733847,-1.735056096490743
1694,15,3.4187457976334716,-1.699259586430093
1694,16,3.4331429849581494,-1.7623842152240634
1694,17,3.413911631692477,-1.7683607916859152
1694,18,3.2830581748041108,-1.714304402562199
1694,19,3.3403447176728944,-1.7155984271865832
1695,0,3.36645021488328,-1.7431465510154454
1695,1,3.397687608077696,-1.8689322603692256
1695,2,3.4344232058849418,-1.7209451732749206
1695,3,3.4113385517263866,-1.7199198534526288
1695,4,3.4087392892166135,-1.790108437120188
1695,5,3.3242971436562496,-1.6205603865258509
1695,6,3.3977606006498813,-1.7976310107639195
1695,7,3.310550625293827,-1.7866593674996367
1695,8,3.4712124978307077,-1.7399740289271164
1695,9,3.3179121129262694,-1.768952713227947
1695,10,3.3982178424499034,-1.675883408854585
1695,11,3.439015261566982,-1.7688683058323937
1695,12,3.482612153357268,-1.7825230977425701
1695,13,3.366172327808944,-1.7901256429418442
1695,14,3.4909871471676355,-1.7357457539396708
1695,15,3.4197230894344592,-1.699978245018699
1695,16,3.4340998888741203,-1.7630420635705537
1695,17,3.413911631692477,-1.7683607916859152
1695,18,3.284168473260304,-1.7149976861227663
1695,19,3.3413988907525347,-1.7162937131158469
1696,0,3.36645021488328,-1.7431465510154454
1696,1,3.397687608077696,-1.8689322603692256
1696,2,3.4353900679101974,-1.721633767525056
1696,3,3.412321319679007,-1.7206174429041572
1696,4,3.4097186689604033,-1.7907357190709372
1696,5,3.325374541173218,-1.6213503655505321
1696,6,3.3987504354118983,-1.798249573322311
1696,7,3.311628261495925,-1.78728132577918
1696,8,3.472134079155062,-1.7406565560790952
1696,9,3.318983151842112,-1.769594295387463
1696,10,3.3992167253932237,-1.6766247717957101
1696,11,3.439015261566982,-1.7688683058323937
1696,12,3.48352189536563,-1.7831596578309608
1696,13,3.367194390236254,-1.790748759126172
1696,14,3.4918890046718656,-1.736434724303259
1696,15,3.4206994076326334,-1.7006961876614402
1696,16,3.4350558394267394,-1.76369925650275
1696,17,3.413911631692477,-1.7683607916859152
1696,18,3.285277665489661,-1.715690278942141
1696,19,3.3424520136637934,-1.7169883064005032
1697,0,3.36645021488328,-1.7431465510154454
1697,1,3.397687608077696,-1.8689322603692256
1697,2,3.436354668419683,-1.7223234970224324
1697,3,3.413303108559808,-1.7213143373898272
1697,4,3.4106970730215083,-1.791362376107661
1697,5,3.3264508652635105,-1.6221395575077244
1697,6,3.3997392840993963,-1.7988675196679762
1697,7,3.312704824150701,-1.7879026644603426
1697,8,3.4730547423874496,-1.7413384032881551
1697,9,3.3200531236667445,-1.7702352383296054
1697,10,3.4002146131208595,-1.6773653960957042
1697,11,3.439015261566982,-1.7688683058323937
1697,12,3.4844296663836825,-1.7837971035436067
1697,13,3.3682143678674614,-1.7913730007434248
1697,14,3.4927899636888355,-1.7371230082711677
1697,15,3.4216747532052896,-1.7014134150769775
1697,16,3.436010837572914,-1.7643557946785031
1697,17,3.413911631692477,-1.7683607916859152
1697,18,3.2863857526024844,-1.7163821817136093
1697,19,3.3435040874608473,-1.7176822077358402
1698,0,3.36645021488328,-1.7431465510154454
1698,1,3.397687608077696,-1.8689322603692256
1698,2,3.4373170326540037,-1.7230143210249385
1698,3,3.41428391935156,-1.7220105376072308
1698,4,3.4116745023793116,-1.7919884088576439
1698,5,3.327526117004529,-1.6229279631874098
1698,6,3.400727147702214,-1.79948485041948
1698,7,3.3137803143357947,-1.7885233841650854
1698,8,3.4739744884494543,-1.742019571236826
1698,9,3.3211220294712103,-1.7708755426959586
1698,10,3.4012115066316975,-1.678105282495933
1698,11,3.439015261566982,-1.7688683058323937
1698,12,3.4853354861528696,-1.7844354031000333
1698,13,3.369233329267682,-1.7919966204120632
1698,14,3.493690025120406,-1.73781060653237
1698,15,3.4226491271287496,-1.7021299279832567
1698,16,3.436964884268599,-1.7650116787550083
1698,17,3.413911631692477,-1.7683607916859152
1698,18,3.2874927357079704,-1.7170733951297665
1698,19,3.3445538625961504,-1.7183773102310513
1699,0,3.36645021488328,-1.7431465510154454
1699,1,3.397687608077696,-1.8689322603692256
1699,2,3.4382771854746035,-1.7237061997618683
1699,3,3.4152637530360566,-1.7227060442532651
1699,4,3.4126509580122213,-1.7926138179475453
1699,5,3.328600297472601,-1.623715583378783
1699,6,3.401712998877499,-1.80010320870478
1699,7,3.314853631355896,-1.789145390594934
1699,8,3.4748933182617434,-1.7427000606069576
1699,9,3.3221898703254844,-1.771515209127468
1699,10,3.402207406923629,-1.6788444317370237
1699,11,3.439015261566982,-1.7688683058323937
1699,12,3.486239374132667,-1.7850745254304734
1699,13,3.370251275456897,-1.7926196187563308
1699,14,3.49458918986754,-1.7384975197751522
1699,15,3.423622530378363,-1.7028457270975077
1699,16,3.437917980468795,-1.7656669093888062
1699,17,3.413911631692477,-1.7683607916859152
1699,18,3.28859861591421,-1.7177639198825179
1699,19,3.3456025918047003,-1.719071720171951
1700,0,3.36645021488328,-1.7431465510154454
1700,1,3.397687608077696,-1.8689322603692256
1700,2,3.4392351513664,-1.7243990944092626
1700,3,3.416242610594112,-1.7234008580241331
1700,4,3.41362644089767,-1.7932386040034003
1700,5,3.3296734077429826,-1.6245024188702526
1700,6,3.4026978678271296,-1.8007209509058406
1700,7,3.3159258789913335,-1.7897667772972237
1700,8,3.4758112327440664,-1.7433798720797202
1700,9,3.3232566472984773,-1.7721542382644404
1700,10,3.4032023149935515,-1.6795828445588652
1700,11,3.439015261566982,-1.7688683058323937
1700,12,3.4871413495027213,-1.7857144401589862
1700,13,3.371268207454072,-1.7932419963998498
1700,14,3.4954874588303015,-1.7391837486871153
1700,15,3.424594963928507,-1.703560813136246
1700,16,3.438870127127553,-1.7663214872357835
1700,17,3.413911631692477,-1.7683607916859152
1700,18,3.2897033943281913,-1.7184537566630793
1700,19,3.346650276136276,-1.7197654382536443
1701,0,3.36645021488328,-1.7431465510154454
1701,1,3.397687608077696,-1.8689322603692256
1701,2,3.440190954440605,-1.725092967065918
1701,3,3.417220493005564,-1.724094979615344
1701,4,3.4146009520121177,-1.7938627676506205
1701,5,3.3307454488898585,-1.6252884704494417
1701,6,3.403681755536961,-1.8013380776410228
1701,7,3.3169970583154282,-1.7903875448939632
1701,8,3.4767271223048186,-1.7440605032431162
1701,9,3.3243223614580333,-1.7727926307465445
1701,10,3.4041962318373686,-1.6803205217006096
1701,11,3.439015261566982,-1.7688683058323937
1701,12,3.4880424262251286,-1.786353717333654
1701,13,3.372284126277157,-1.7938637539656206
1701,14,3.496384832907859,-1.7398692939551752
1701,15,3.4255651949064583,-1.704276861673106
1701,16,3.4398213251979723,-1.766975412951173
1701,17,3.413911631692477,-1.7683607916859152
1701,18,3.2908070720557974,-1.719142906161978
1701,19,3.34769691663961,-1.7204584651705435
1702,0,3.36645021488328,-1.7431465510154454
1702,1,3.3987106382014005,-1.8694022202123273
1702,2,3.4411446184377157,-1.7257877807300506
1702,3,3.418197401249273,-1.724788409721714
1702,4,3.4155734596439333,-1.7944879189235352
1702,5,3.3318164219863426,-1.6260737389031887
1702,6,3.404664662991866,-1.8019545895280709
1702,7,3.318067170400432,-1.7910076940065416
1702,8,3.4776420993490635,-1.744740456281989
1702,9,3.3253870138709334,-1.7734303872128117
1702,10,3.4051891584499923,-1.6810574639006723
1702,11,3.439015261566982,-1.7688683058323937
1702,12,3.4889426052018675,-1.7869923575943938
1702,13,3.373299032943087,-1.7944848920760232
1702,14,3.4972813129984845,-1.7405541562655633
1702,15,3.4265344592151186,-1.7049921967900206
1702,16,3.4407715756322035,-1.7676286871895552
1702,17,3.413911631692477,-1.7683607916859152
1702,18,3.2919096502018115,-1.7198313690690537
1702,19,3.348742514362391,-1.7211508016163695
1703,0,3.36645021488328,-1.7431465510154454
1703,1,3.399731231769828,-1.8698748111595085
1703,2,3.4420973323679878,-1.726481902201311
1703,3,3.4191733363031256,-1.7254811490373676
1703,4,3.4165449983442753,-1.7951124473440174
1703,5,3.3328863281044803,-1.6268582250175483
1703,6,3.405646591175736,-1.802570487184114
1703,7,3.319136216317528,-1.7916272252557288
1703,8,3.4785561647926944,-1.745419731876972
1703,9,3.3264506056028957,-1.774067508301637
1703,10,3.4061810958253425,-1.6817936718967335
1703,11,3.439015261566982,-1.7688683058323937
1703,12,3.4898418873340176,-1.7876303615804854
1703,13,3.3743129284677855,-1.7951054113528175
1703,14,3.4981768999995557,-1.7412383363038273
1703,15,3.427502757824722,-1.7057068192030405
1703,16,3.441720879381448,-1.768281310604858
1703,17,3.413911631692477,-1.7683607916859152
1703,18,3.2930111298699147,-1.7205191460734581
1703,19,3.349787070351263,-1.7218424482841515
1704,0,3.36645021488328,-1.7431465510154454
1704,1,3.400749409256104,-1.870349966230192
1704,2,3.443049097185089,-1.7271753321745154
1704,3,3.4201471137649517,-1.7261748652016864
1704,4,3.417515569085655,-1.7957363535372206
1704,5,3.3339551683152484,-1.6276419295777915
1704,6,3.4066275410714812,-1.803185771225666
1704,7,3.3202041971368326,-1.7922461392616762
1704,8,3.479469319550691,-1.7460983307080207
1704,9,3.3275131377185767,-1.7747039946507792
1704,10,3.40717204495635,-1.6825291464257377
1704,11,3.439015261566982,-1.7688683058323937
1704,12,3.4907402735217614,-1.7882677299305714
1704,13,3.375325813866162,-1.795725312417144
1704,14,3.4990715948075564,-1.7419218347548322
1704,15,3.4284700917045368,-1.7064207296275036
1704,16,3.44266923739596,-1.7689332838503584
1704,17,3.413911631692477,-1.7683607916859152
1704,18,3.29411151216269,-1.7212062378636568
1704,19,3.350830585651828,-1.7225334058662285
1705,0,3.36645021488328,-1.7431465510154454
1705,1,3.4017651911010054,-1.8708276199426161
1705,2,3.443999913841737,-1.7278680713437882
1705,3,3.421119921026466,-1.7268678901981918
1705,4,3.418485172839614,-1.7963596381276754
1705,5,3.335022943688557,-1.6284248533684076
1705,6,3.407607513661034,-1.8038004422686271
1705,7,3.321271113927395,-1.792864436643917
1705,8,3.480381564537123,-1.7467762534544133
1705,9,3.328574611281572,-1.7753398468973618
1705,10,3.4081620068349556,-1.683263888223896
1705,11,3.439015261566982,-1.7688683058323937
1705,12,3.4916377646643846,-1.7889044632826578
1705,13,3.3763376901521167,-1.796344595889524
1705,14,3.4999653983180763,-1.7426046523027607
1705,15,3.4294364618228648,-1.707133928778035
1705,16,3.4436166506250467,-1.769584607578682
1705,17,3.413911631692477,-1.7683607916859152
1705,18,3.2952107981816208,-1.7218926451274292
1705,19,3.3518730613086456,-1.72322367505425
1706,0,3.36645021488328,-1.7431465510154454
1706,1,3.402778597699381,-1.8713077082789116
1706,2,3.4449497832897,-1.7285601204025618
1706,3,3.422091759061449,-1.7275602247206023
1706,4,3.4194538105767274,-1.7969823017392903
1706,5,3.33608965529325,-1.629206997173104
1706,6,3.4085865099253483,-1.8044145009282837
1706,7,3.3223369677572,-1.793482118021368
1706,8,3.481292900665148,-1.7474535007947514
1706,9,3.329635027354418,-1.7759750656778734
1706,10,3.4091509824521125,-1.6839978980266854
1706,11,3.439015261566982,-1.7688683058323937
1706,12,3.4925343616602764,-1.7895405622741158
1706,13,3.377348558338538,-1.7969632623898613
1706,14,3.500858311425814,-1.7432867896311137
1706,15,3.4304018691470435,-1.7078464173685477
1706,16,3.444563120017069,-1.7702352824418046
1706,17,3.413911631692477,-1.7683607916859152
1706,18,3.2963089890270934,-1.7225783685518699
1706,19,3.352914498365235,-1.723913256539176
1707,0,3.36645021488328,-1.7431465510154454
1707,1,3.4037896493874467,-1.871790168650977
1707,2,3.4458987064797983,-1.7292514800435779
1707,3,3.423062628842712,-1.7282518694619458
1707,4,3.420421483266602,-1.7976043449953523
1707,5,3.3371553041971076,-1.6299883617748074
1707,6,3.4095645308443996,-1.8050279478193088
1707,7,3.323401759693169,-1.7940991840123286
1707,8,3.4822033288470147,-1.7481300734069598
1707,9,3.3306943869985917,-1.7766096516281689
1707,10,3.4101389727977858,-1.6847311765688504
1707,11,3.4400146526987974,-1.7694424353682872
1707,12,3.4934300654069315,-1.790176027541681
1707,13,3.378358419437306,-1.7975813125374414
1707,14,3.50174923951019,-1.743969679059168
1707,15,3.431366314643447,-1.7085581961122436
1707,16,3.445508646519445,-1.7708853090910524
1707,17,3.413911631692477,-1.7683607916859152
1707,18,3.2974060857983982,-1.7232634088233885
1707,19,3.3539548978640754,-1.724602151011278
1708,0,3.36645021488328,-1.7431465510154454
1708,1,3.404798366430904,-1.8722749398671439
1708,2,3.4468455245044245,-1.7299437401149829
1708,3,3.4240325313420965,-1.728942825114559
1708,4,3.4213881918778792,-1.7982257685185272
1708,5,3.338219891466845,-1.6307689479556646
1708,6,3.410541577397188,-1.8056407835557635
1708,7,3.324465490801159,-1.7947156352344824
1708,8,3.4831128499940625,-1.7488059719682887
1708,9,3.3317526912745135,-1.777243605383469
1708,10,3.411125978860955,-1.6854637245844037
1708,11,3.4410112598008644,-1.7700191177399276
1708,12,3.4943248768009503,-1.7908108597214543
1708,13,3.3793672744592933,-1.798198746950933
1708,14,3.5026392799459813,-1.7446518881115052
1708,15,3.4323297992774857,-1.7092692657216138
1708,16,3.4464532310786464,-1.7715346881771026
1708,17,3.413911631692477,-1.7683607916859152
1708,18,3.2985020895937303,-1.723947766627711
1708,19,3.3549942608466083,-1.7252903591601403
1709,0,3.36752794137862,-1.7437294411705182
1709,1,3.4058047690138493,-1.8727619620996125
1709,2,3.447791399188036,-1.7306353104685106
1709,3,3.4250014675304756,-1.7296330923700896
1709,4,3.4223539373782352,-1.7988465729308607
1709,5,3.3392834181681144,-1.631548756497043
1709,6,3.411517650561738,-1.806253008751097
1709,7,3.3255281621459662,-1.7953314723048976
1709,8,3.4840214650167227,-1.749481197155313
1709,9,3.332809941241547,-1.7778769275783624
1709,10,3.4121120016296147,-1.6861955428066266
1709,11,3.442005111296517,-1.770598282891897
1709,12,3.4952187967380395,-1.7914450594489038
1709,13,3.380375124414364,-1.7988155662483887
1709,14,3.503528433624119,-1.745333417471017
1709,15,3.433292324013609,-1.7099796269084395
1709,16,3.4473968746402037,-1.7721834203499842
1709,17,3.413911631692477,-1.7683607916859152
1709,18,3.29959700151019,-1.7246314426498803
1709,19,3.3560325883532367,-1.7259778816746598
1710,0,3.3686026134525364,-1.744315425432528
1710,1,3.406808877228426,-1.8732511768526463
1710,2,3.4487363314774546,-1.7313261917964236
1710,3,3.4259694383777557,-1.7303226719194955
1710,4,3.423318720734382,-1.7994667588537785
1710,5,3.3403458853655077,-1.6323277881795317
1710,6,3.4124927513151,-1.8068646240181474
1710,7,3.326589774791326,-1.795946695840028
1710,8,3.48492917482452,-1.750155749643934
1710,9,3.3338661379580006,-1.778509618846805
1710,10,3.4130970420907736,-1.6869266319680698
1710,11,3.4429962354295447,-1.7711798624137285
1710,12,3.4961118261130144,-1.7920786273588638
1710,13,3.3813819703113777,-1.7994317710472452
1710,14,3.504416701434647,-1.7460142678199146
1710,15,3.434253889815305,-1.7106892803837932
1710,16,3.448339578148705,-1.7728315062590791
1710,17,3.414934833960221,-1.7689331298280782
1710,18,3.3006908226437854,-1.7253144375742568
1710,19,3.3570698814233273,-1.7266647192430473
1711,0,3.369674263242384,-1.7449044168068442
1711,1,3.407810711065189,-1.8737425269315087
1711,2,3.449680322318558,-1.7320163847902947
1711,3,3.4269364448528767,-1.7310115644530466
1711,4,3.4242825429120693,-1.8000863269080873
1711,5,3.341407294122556,-1.6331060437829423
1711,6,3.4134668806333512,-1.807475629969142
1711,7,3.3276503297999134,-1.7965613064557129
1711,8,3.4858359803260726,-1.750829630109379
1711,9,3.334921282481128,-1.7791416798221216
1711,10,3.414081101230459,-1.6876569928005543
1711,11,3.4439846602522173,-1.7717637894992777
1711,12,3.4970039658197978,-1.7927115640855364
1711,13,3.3823878131581875,-1.800047361964324
1711,14,3.5053040842667214,-1.7466944398397304
1711,15,3.435214497645102,-1.7113982268580388
1711,16,3.449280282721317,-1.7734804854766322
1711,17,3.415955222891002,-1.7695081163120083
1711,18,3.301783554089433,-1.725996752084519
1711,19,3.3581061410952118,-1.727350872552828
1712,0,3.3707429227316332,-1.7454963304462163
1712,1,3.4088102904041384,-1.8742359564121294
1712,2,3.450623372656282,-1.732705890141008
1712,3,3.427902487923813,-1.731699770660325
1712,4,3.4242825429120693,-1.8000863269080873
1712,5,3.34246764550173,-1.6338835240863094
1712,6,3.4144400394915952,-1.8080860272156982
1712,7,3.328709828233345,-1.797175304767178
1712,8,3.486741882429094,-1.7515028392262035
1712,9,3.3359753758671293,-1.7797731111370056
1712,10,3.4150641800337147,-1.6883866260351719
1712,11,3.4449704136142367,-1.7723499989071005
1712,12,3.4978952167514223,-1.7933438702624922
1712,13,3.3833926539616432,-1.8006623396158323
1712,14,3.506190583008614,-1.747373934211317
1712,15,3.436174148464569,-1.7121064670408321
1712,16,3.45022005004988,-1.7741288181023358
1712,17,3.41697282728316,-1.7700856780383674
1712,18,3.302875196940957,-1.7266783868636644
1712,19,3.359141368406187,-1.7280363422908418
1713,0,3.371808623730681,-1.7460910835952521
1713,1,3.4098076350063975,-1.874731410611483
1713,2,3.451565483434621,-1.7333947085387587
1713,3,3.4288675685575742,-1.7323872912302258
1713,4,3.4242825429120693,-1.8000863269080873
1713,5,3.3435269405644426,-1.6346602298678916
1713,6,3.4154122288639654,-1.8086958163688247
1713,7,3.3297682711521794,-1.7977886913890362
1713,8,3.487646882040393,-1.75217537766829
1713,9,3.337028419171154,-1.7804039134235208
1713,10,3.4160462794846036,-1.6891155324022862
1713,11,3.445953523152569,-1.7729384269218214
1713,12,3.4987855798000314,-1.7939755465226699
1713,13,3.3843964937275914,-1.8012767046173634
1713,14,3.507076198547711,-1.7480527516148492
1713,15,3.437132843234318,-1.7128140016411224
1713,16,3.4511588810751026,-1.7747765047851718
1713,17,3.4179876757589387,-1.7706657436439106
1713,18,3.303965752291094,-1.7273593425940101
1713,19,3.3601755643925166,-1.7287211291432447
1714,0,3.3728713978591154,-1.7466885955363227
1714,1,3.4108027645064936,-1.8752288360586677
1714,2,3.452506655596629,-1.7340828406730548
1714,3,3.429831687720207,-1.7330741268509577
1714,4,3.4242825429120693,-1.8000863269080873
1714,5,3.3445837217650163,-1.635438147285667
1714,6,3.4163834497236243,-1.8093049980389206
1714,7,3.3308256596159196,-1.7984014669352881
1714,8,3.488550980065875,-1.7528472461088505
1714,9,3.3380793061645084,-1.7810359321062732
1714,10,3.4170274005662082,-1.6898437126315333
1714,11,3.445953523152569,-1.7729384269218214
1714,12,3.499675055856879,-1.7946065934983784
1714,13,3.3853993334608767,-1.8018904575838972
1714,14,3.5079609317705143,-1.7487308927298237
1714,15,3.438090582914003,-1.7135208313671526
1714,16,3.4520967767367554,-1.775423546173475
1714,17,3.418999796751447,-1.7712482434581474
1714,18,3.3050552212314908,-1.7280396199571935
1714,19,3.3612087300894316,-1.729405233795509
1715,0,3.3739312765293494,-1.7472887875368643
1715,1,3.411795698405215,-1.8757281804666683
1715,2,3.4534468900844204,-1.7347702872327173
1715,3,3.430794846376796,-1.7337602782100439
1715,4,3.4242825429120693,-1.8000863269080873
1715,5,3.3456394500503253,-1.6362152896318158
1715,6,3.4173537030427648,-1.8099135728357776
1715,7,3.331881994683012,-1.7990136320193229
1715,8,3.4894541774105434,-1.7535184452204258
1715,9,3.3391291461265897,-1.781667321089229
1715,10,3.4180075442606315,-1.6905711674518222
1715,11,3.445953523152569,-1.7729384269218214
1715,12,3.500563645812332,-1.7952370118212961
1715,13,3.386401174165343,-1.802503599129801
1715,14,3.5088447835626426,-1.7494083582350604
1715,15,3.439047368462323,-1.7142269569264599
1715,16,3.4530337379736733,-1.7760699429149347
1715,17,3.420009218492636,-1.7718331094610893
1715,18,3.306143604852706,-1.7287192196341727
1715,19,3.362240866531132,-1.730088656932424
1716,0,3.3749882909315514,-1.747891582798047
1716,1,3.412786456063015,-1.8762293927047888
1716,2,3.4543861878391704,-1.735457048905881
1716,3,3.4317570454914637,-1.7344457459943223
1716,4,3.4242825429120693,-1.8000863269080873
1716,5,3.3466941264771544,-1.6369916576842585
1716,6,3.4183229897926117,-1.8105215413685796
1716,7,3.3329372774108497,-1.799625187253918
1716,8,3.490356474978499,-1.754188975674887
1716,9,3.340177940108289,-1.7822980810044093
1716,10,3.4189854421385375,-1.6912996048305122
1716,11,3.445953523152569,-1.7729384269218214
1716,12,3.5014513505558695,-1.7958668021224724
1716,13,3.3874020168438332,-1.8031161298688303
1716,14,3.5097277548088326,-1.7500851488087028
1716,15,3.4400032008370203,-1.7149323790258766
1716,16,3.453969765723755,-1.7767156956565944
1716,17,3.4210159690022257,-1.7724202752420628
1716,18,3.3072296566927046,-1.729400136193585
1716,19,3.3632719747507873,-1.730771399238097
1717,0,3.3760424720197975,-1.7484969064047797
1717,1,3.4137750566939316,-1.8767324227717417
1717,2,3.455324549801117,-1.7361431263799947
1717,3,3.4327182860273724,-1.7351305308899472
1717,4,3.4242825429120693,-1.8000863269080873
1717,5,3.347747752101236,-1.6377672522201403
1717,6,3.4192913109434215,-1.8111289042459038
1717,7,3.333991508855771,-1.800236133251241
1717,8,3.491257873672943,-1.7548588381434356
1717,9,3.34122568915945,-1.7829282124832053
1717,10,3.4199623657075,-1.6920273164452255
1717,11,3.445953523152569,-1.7729384269218214
1717,12,3.502337191620119,-1.7964973431867481
1717,13,3.3884008344945045,-1.803729726957323
1717,14,3.5106098463929394,-1.7507612651282192
1717,15,3.4409580809948843,-1.715637098371531
1717,16,3.454904860923965,-1.7773608050448533
1717,17,3.422020076077542,-1.7730096759595615
1717,18,3.3083146264617906,-1.73008037433234
1717,19,3.364302055780538,-1.731453461395954
1718,0,3.37709385049938,-1.7491046852770218
1718,1,3.414761519359999,-1.8772372217693782
1718,2,3.4562619769095617,-1.7368285203418228
1718,3,3.433678568946725,-1.7358146335823887
1718,4,3.4242825429120693,-1.8000863269080873
1718,5,3.3488003279772505,-1.6385420740158319
1718,6,3.420257674993653,-1.8117372415087023
1718,7,3.335044690073063,-1.8008464706228497
1718,8,3.492158374396176,-1.7555280332966046
1718,9,3.3422723943288704,-1.7835577161563791
1718,10,3.42093831594542,-1.6927543030244019
1718,11,3.445953523152569,-1.7729384269218214
1718,12,3.5032221501051524,-1.7971272560317406
1718,13,3.3893986570009105,-1.8043427127053737
1718,14,3.511491059197937,-1.7514367078704025
1718,15,3.4419120098917513,-1.7163411156688477
1718,16,3.4558390245103348,-1.7780052717254664
1718,17,3.423021567284202,-1.7736012483021173
1718,18,3.30939851524602,-1.7307599347313571
1718,19,3.365331110651496,-1.7321348440887394
1719,0,3.3781424568152025,-1.7497148481223723
1719,1,3.415745862966125,-1.8777437418770466
1719,2,3.4571984701028695,-1.7375132314774453
1719,3,3.4346378952107655,-1.7364980547564346
1719,4,3.4242825429120693,-1.8000863269080873
1719,5,3.349851855158827,-1.6393161238469307
1719,6,3.4212230762345124,-1.812344972671949
1719,7,3.336096822116961,-1.801456199979692
1719,8,3.493056905279657,-1.7561980029602704
1719,9,3.343318056664303,-1.7841865926540648
1719,10,3.4219132938292254,-1.6934805652957556
1719,11,3.445953523152569,-1.7729384269218214
1719,12,3.5041062268968135,-1.797756541287993
1719,13,3.3903954853618723,-1.8049550877265819
1719,14,3.512371394105921,-1.7521114777113718
1719,15,3.442864988482505,-1.7170444316225488
1719,16,3.456772257417963,-1.7786490963435457
1719,17,3.4240204699476124,-1.7741949304501659
1719,18,3.310481324130366,-1.7314388180708769
1719,19,3.366357937642943,-1.732817360970124
1720,0,3.379188321141203,-1.750327325389906
1720,1,3.416728106255406,-1.8782519363265633
1720,2,3.4581340303184716,-1.7381972604722586
1720,3,3.4355962657797803,-1.73718079509619
1720,4,3.4242825429120693,-1.8000863269080873
1720,5,3.3509023346985454,-1.6400894024882615
1720,6,3.4221875156323676,-1.812952098343983
1720,7,3.337146845738683,-1.8020671479000414
1720,8,3.493954540937864,-1.756867305119027
1720,9,3.344362677212457,-1.784814842605768
1720,10,3.4228873003348697,-1.6942061039862761
1720,11,3.445953523152569,-1.7729384269218214
1720,12,3.504989422880064,-1.7983851995854208
1720,13,3.391391320575216,-1.8055668526339357
1720,14,3.5132508519981074,-1.7527855753265722
1720,15,3.4438170177210776,-1.7177470469366545
1720,16,3.4577045605810164,-1.7792922795435604
1720,17,3.4250168111452255,-1.7747906620388842
1720,18,3.311563054198722,-1.7321170250304623
1720,19,3.367383741576126,-1.7334991978396452
1721,0,3.380231473370745,-1.7509420492252281
1721,1,3.41770826780486,-1.878761759377785
1721,2,3.459068658492864,-1.7388806080109767
1721,3,3.4365536816130997,-1.7378628552850783
1721,4,3.4242825429120693,-1.8000863269080873
1721,5,3.351951767647937,-1.6408619107138769
1721,6,3.4231509941526235,-1.8135586191325381
1721,7,3.338195823190701,-1.802677487114842
1721,8,3.4948512822693303,-1.7575359404428463
1721,9,3.3454062570189986,-1.7854424666403677
1721,10,3.4238603364373343,-1.6949309198222282
1721,11,3.445953523152569,-1.7729384269218214
1721,12,3.505871738938984,-1.7990132315533114
1721,13,3.3923861636377746,-1.8061780080398122
1721,14,3.514129433754834,-1.753459001390776
1721,15,3.444766910136297,-1.7184505697580086
1721,16,3.458635934932732,-1.7799348219693372
1721,17,3.4260106176995193,-1.7753883841219784
1721,18,3.3126437065339003,-1.732794556288999
1721,19,3.368408523477876,-1.7341803553798225
1722,0,3.3812719431079215,-1.7515589534267166
1722,1,3.418686366021557,-1.8792731662947666
1722,2,3.460002355561611,-1.7395632747776308
1722,3,3.4375101436690976,-1.738544236005843
1722,4,3.4242825429120693,-1.8000863269080873
1722,5,3.353000155057485,-1.6416336492970582
1722,6,3.424113512759723,-1.814164535644742
1722,7,3.339243755523044,-1.8032872182350446
1722,8,3.495747130171696,-1.7582039096010331
1722,9,3.346448797128552,-1.7860694653861162
1722,10,3.4248324031106296,-1.6956550135291533
1722,11,3.445953523152569,-1.7729384269218214
1722,12,3.506753175956773,-1.7996406378203254
1722,13,3.393380015545386,-1.8067885545559788
1722,14,3.515007140255562,-1.7541317565780834
1722,15,3.4457158561492283,-1.719153391641449
1722,16,3.459566381405416,-1.7805767242640618
1722,17,3.4270019161716547,-1.7759880391363987
1722,18,3.3137232822176355,-1.7334714125246966
1722,19,3.369432284374,-1.7348608342724952
1723,0,3.3823097596597176,-1.7521779734029275
1723,1,3.4196624191391196,-1.8797861133224927
1723,2,3.4609351224593445,-1.7402452614555715
1723,3,3.4384656529051933,-1.7392249379405464
1723,4,3.4242825429120693,-1.8000863269080873
1723,5,3.3540474979766257,-1.6424046190103168
1723,6,3.4250750724171475,-1.8147698484871178
1723,7,3.340290643784692,-1.8038963418709903
1723,8,3.496642085541705,-1.758871213262225
1723,9,3.3474902985847015,-1.7866958394706398
1723,10,3.425803501327795,-1.69637838583187
1723,11,3.445953523152569,-1.7729384269218214
1723,12,3.50763373481575,-1.800267419014497
1723,13,3.3943728772928967,-1.8073984927935929
1723,14,3.515883972378877,-1.7548038415619232
1723,15,3.4466638567097676,-1.7198555132905011
1723,16,3.460495900930446,-1.7812179870702791
1723,17,3.427990732855776,-1.7765895708679595
1723,18,3.3148017823305835,-1.7341475944150888
1723,19,3.3704550252892846,-1.7355406351988232
1724,0,3.383344952028983,-1.7527990461311285
1724,1,3.420636445214578,-1.8803005576641687
1724,2,3.4618669601197647,-1.7409265687274675
1724,3,3.439419068268682,-1.7399065619804432
1724,4,3.4242825429120693,-1.8000863269080873
1724,5,3.355093797453751,-1.643174820625394
1724,6,3.42603567408742,-1.8153745582655842
1724,7,3.341336489023582,-1.8045048586324126
1724,8,3.4975361492752084,-1.7595378520943938
1724,9,3.3485307624299905,-1.7873215895209398
1724,10,3.426773632060901,-1.6971010374544744
1724,11,3.445953523152569,-1.7729384269218214
1724,12,3.508513416397355,-1.800893575763235
1724,13,3.395364749874163,-1.8080078233632033
1724,14,3.5167599310024884,-1.7554752570150527
1724,15,3.4476109127668644,-1.7205569354079895
1724,16,3.4614244944382726,-1.7818586110298937
1724,17,3.428977093773915,-1.7771929244178446
1724,18,3.315879207952324,-1.7348231026370344
1724,19,3.3714767472474936,-1.736219758839288
1725,0,3.384377548908165,-1.7534221101169396
1725,1,3.42160846212556,-1.8808164574590593
1725,2,3.462797869475642,-1.7416071972753084
1725,3,3.4403715337234475,-1.7405875069032983
1725,4,3.4242825429120693,-1.8000863269080873
1725,5,3.3561390545362078,-1.6439442549132623
1725,6,3.426995318732103,-1.8159786655854564
1725,7,3.342381292286606,-1.8051127691284372
1725,8,3.498429322267165,-1.7602038267648454
1725,9,3.3495701897059242,-1.7879467161633924
1725,10,3.427742796281049,-1.6978229691203417
1725,11,3.445953523152569,-1.7729384269218214
1725,12,3.509392221582151,-1.8015191086933227
1725,13,3.3963556342820502,-1.8086165468747506
1725,14,3.5176350170032316,-1.7561460036095597
1725,15,3.448557025268523,-1.7212576586960384
1725,16,3.4623521628584184,-1.7824985967841709
1725,17,3.4299610246714662,-1.7777980461699736
1725,18,3.315879207952324,-1.7348231026370344
1725,19,3.3724974512713723,-1.736898205873693
1726,0,3.3854075786737603,-1.7540471053550486
1726,1,3.422578487567797,-1.881333771760861
1726,2,3.4637278514588172,-1.742287147780404
1726,3,3.441323050222909,-1.741267773390738
1726,4,3.4242825429120693,-1.8000863269080873
1726,5,3.357183270270299,-1.6447129226441264
1726,6,3.427954007311803,-1.8165821710514463
1726,7,3.3434250546196127,-1.8057200739675832
1726,8,3.4993216054116427,-1.7608691379402213
1726,9,3.350608581452971,-1.78857122002375
1726,10,3.4287109949583736,-1.6985441815521263
1726,11,3.445953523152569,-1.7729384269218214
1726,12,3.5102701512498222,-1.8021440184309194
1726,13,3.397345531508434,-1.8092246639375678
1726,14,3.518508173805132,-1.756817459365988
1726,15,3.4495021951618026,-1.7219576838560724
1726,16,3.4632789071194807,-1.783137944973737
1726,17,3.430942551013199,-1.7784048837592104
1726,18,3.315879207952324,-1.7348231026370344
1726,19,3.373517138382646,-1.7375759769811643
1727,0,3.3864350693814376,-1.754673973290975
1727,1,3.4235465390529267,-1.8818524605165963
1727,2,3.4646569070002036,-1.7429664209233855
1727,3,3.4422736187195353,-1.7419473621237098
1727,4,3.4242825429120693,-1.8000863269080873
1727,5,3.3582264457012863,-1.645480824587423
1727,6,3.428911740786167,-1.8171850752676633
1727,7,3.3444677770674094,-1.8063267737577633
1727,8,3.5002129996018168,-1.7615337862864986
1727,9,3.3516459387105613,-1.7891951017271415
1727,10,3.4296782290620427,-1.6992646754717624
1727,11,3.445953523152569,-1.7729384269218214
1727,12,3.511147206279177,-1.8027683056015602
1727,13,3.3983344425442032,-1.8098321751603803
1727,14,3.5193804606693915,-1.757488246142188
1727,15,3.4504464233928194,-1.7226570115888176
1727,16,3.4642047281491313,-1.7837766562385802
1727,17,3.431921697979776,-1.7790133860403925
1727,18,3.315879207952324,-1.7348231026370344
1727,19,3.3745358096020226,-1.7382530728401515
1728,0,3.387460048761796,-1.7553026567838579
1728,1,3.42451263390658,-1.8823724845460186
1728,2,3.465583919302975,-1.743646543485107
1728,3,3.4432232401648464,-1.7426262737824827
1728,4,3.4242825429120693,-1.8000863269080873
1728,5,3.3592685818733887,-1.6462479615118233
1728,6,3.4298685201138874,-1.8177873788376153
1728,7,3.3455094606737625,-1.8069328691062847
1728,8,3.501103505729974,-1.7621977724689908
1728,9,3.352682262517091,-1.7898183618980732
1728,10,3.4306444995602585,-1.6999844516004652
1728,11,3.445953523152569,-1.7729384269218214
1728,12,3.512023387548149,-1.8033919708301573
1728,13,3.3993223683792584,-1.8104390811513078
1728,14,3.5202518784691703,-1.7581583646096177
1728,15,3.4513897109067466,-1.7233556425943015
1728,16,3.4651296268741176,-1.7844147312180512
1728,17,3.432898490464748,-1.7796235030581609
1728,18,3.315879207952324,-1.7348231026370344
1728,19,3.375553465949193,-1.7389294941284283
1729,0,3.3884825442167155,-1.7559331000702385
1729,1,3.425476789266732,-1.8828938055215132
1729,2,3.4665100080044233,-1.7443259884268054
1729,3,3.4441719155094144,-1.743304509046648
1729,4,3.4242825429120693,-1.8000863269080873
1729,5,3.360309679829786,-1.6470143341852317
1729,6,3.4308243462527015,-1.8183890823642088
1729,7,3.3455094606737625,-1.8069328691062847
1729,8,3.501993124687512,-1.7628610971523488
1729,9,3.353717553909921,-1.790441001160429
1729,10,3.4316098074202586,-1.7007035106587312
1729,11,3.445953523152569,-1.7729384269218214
1729,12,3.512898695933796,-1.8040150147410001
1729,13,3.4003093100025144,-1.8110453825178636
1729,14,3.521122428076758,-1.7588278154390666
1729,15,3.452332058647816,-1.7240535775718546
1729,16,3.4660536042202645,-1.7850521705508635
1729,17,3.4338729530719965,-1.7802351860175696
1729,18,3.315879207952324,-1.7348231026370344
1729,19,3.3765701084428326,-1.739605241523093
1730,0,3.389502582816268,-1.7565652487288141
1730,1,3.426439022082305,-1.883416385948485
1730,2,3.467435174031564,-1.745004756428606
1730,3,3.445119645702864,-1.7439820685951197
1730,4,3.4242825429120693,-1.8000863269080873
1730,5,3.361349740612617,-1.6477799433747882
1730,6,3.431779220159392,-1.8189901864497497
1730,7,3.3455094606737625,-1.8069328691062847
1730,8,3.50288185736494,-1.7635237610005614
1730,9,3.35475181392538,-1.7910630201374718
1730,10,3.432574153608317,-1.7014218533663392
1730,11,3.445953523152569,-1.7729384269218214
1730,12,3.5137731323123025,-1.804637437957756
1730,13,3.401295268401901,-1.8116510798669558
1730,14,3.521992110363576,-1.7594965993006557
1730,15,3.4532734675593186,-1.7247508172201103
1730,16,3.466975638176957,-1.7856904550926793
1730,17,3.4348451101135984,-1.7808483872554572
1730,18,3.315879207952324,-1.7348231026370344
1730,19,3.377585738100601,-1.7402803157005693
1731,0,3.39052019129615,-1.7571990496461365
1731,1,3.427399349112007,-1.883940189146219
1731,2,3.4683594183104893,-1.745682848169956
1731,3,3.4460664316938745,-1.7446589531061358
1731,4,3.425294454749671,-1.8006213387722327
1731,5,3.362388765262985,-1.6485447898468681
1731,6,3.4327331427897887,-1.8195906916959437
1731,7,3.3455094606737625,-1.8069328691062847
1731,8,3.50376970465188,-1.7641857646769556
1731,9,3.355785043598762,-1.7916844194518426
1731,10,3.4335375390897456,-1.702139480442351
1731,11,3.445953523152569,-1.7729384269218214
1731,12,3.5146466975589803,-1.8052592411034718
1731,13,3.4022802445643627,-1.8122561738048883
1731,14,3.522860926200177,-1.7601647168638381
1731,15,3.4542139385836057,-1.7254473622370061
1731,16,3.4678967534946374,-1.7863281037001275
1731,17,3.4358149856080864,-1.7814630602125592
1731,18,3.315879207952324,-1.7348231026370344
1731,19,3.3786003559391444,-1.7409547173366073
1732,0,3.391535396055609,-1.7578344509832307
1732,1,3.4283577869233954,-1.8844651792292055
1732,2,3.469282741766369,-1.7463602643296259
1732,3,3.447012274430179,-1.7453351632572582
1732,4,3.426303646088867,-1.801159070560654
1732,5,3.363426754820954,-1.6493088743670836
1732,6,3.433686115098769,-1.8201905987038969
1732,7,3.3455094606737625,-1.8069328691062847
1732,8,3.504656667437069,-1.764847108844198
1732,9,3.356817243964332,-1.7923051997255632
1732,10,3.434499964828894,-1.7028563926051121
1732,11,3.445953523152569,-1.7729384269218214
1732,12,3.5155193925482693,-1.8058804248005726
1732,13,3.4032642394758623,-1.8128606649373606
1732,14,3.523728876456247,-1.7608321687974005
1732,15,3.4551534726620896,-1.7261432133197847
1732,16,3.468816951095343,-1.7869651170114953
1732,17,3.4367826032790814,-1.7820791594063428
1732,18,3.315879207952324,-1.7348231026370344
1732,19,3.3796139629740964,-1.7416284471062835
1733,0,3.3925482231558255,-1.7584714021431096
1733,1,3.429314351892148,-1.8849913210889149
1733,2,3.47020514532345,-1.74703700558571
1733,3,3.4479571748585673,-1.746010699725374
1733,4,3.427310142873704,-1.801699450026257
1733,5,3.3644637103255532,-1.6500721977002841
1733,6,3.4346381380402593,-1.820789908074117
1733,7,3.3455094606737625,-1.8069328691062847
1733,8,3.5055427466083566,-1.7655077941642943
1733,9,3.357848416055323,-1.7929253615800351
1733,10,3.435461431789151,-1.7035725905722523
1733,11,3.445953523152569,-1.7729384269218214
1733,12,3.516391218153738,-1.806500989670864
1733,13,3.4042472541213797,-1.8134645538694691
1733,14,3.524595962000604,-1.7614989557694625
1733,15,3.456092070735245,-1.7268383711649933
1733,16,3.469736231900192,-1.7876014956644333
1733,17,3.4377479865542733,-1.782696640404547
1733,18,3.315879207952324,-1.7348231026370344
1733,19,3.380626560220079,-1.7423015056840023
1734,0,3.39355869831873,-1.7591098537391614
1734,1,3.4302690602015344,-1.8855185803760135
1734,2,3.47112662990506,-1.7477130726156271
1734,3,3.448901133924886,-1.7466855631866958
1734,4,3.428313970947458,-1.8022424065941287
1734,5,3.3654996328147755,-1.6508347606105571
1734,6,3.435589212567235,-1.8213886204065133
1734,7,3.3455094606737625,-1.8069328691062847
1734,8,3.5064279430527097,-1.7661678212985914
1734,9,3.3588774941364483,-1.7935466759524827
1734,10,3.436421940932947,-1.7042880750606864
1734,11,3.445953523152569,-1.7729384269218214
1734,12,3.517262175248084,-1.8071209363355318
1734,13,3.405229289484913,-1.814067841205707
1734,14,3.525462183701203,-1.7621650784474787
1734,15,3.4570297337426097,-1.7275328364684857
1734,16,3.470654596829386,-1.7882372402959574
1734,17,3.4387111585647308,-1.783315459799408
1734,18,3.315879207952324,-1.7348231026370344
1734,19,3.381638148690703,-1.7429738937434958
1735,0,3.39456684692622,-1.759749757564386
1735,1,3.4312219278420715,-1.8860469234830102
1735,2,3.4720471964336053,-1.7483884660961209
1735,3,3.4498441525740384,-1.7473597543167625
1735,4,3.429315156038151,-1.8027878713210526
1735,5,3.3654996328147755,-1.6508347606105571
1735,6,3.4365393396317234,-1.8219867363003974
1735,7,3.3455094606737625,-1.8069328691062847
1735,8,3.5073122576562104,-1.766827190907777
1735,9,3.3599055469160284,-1.7941673712906723
1735,10,3.4373814932217512,-1.705002846786615
1735,11,3.445953523152569,-1.7729384269218214
1735,12,3.5181313177936238,-1.807741593571194
1735,13,3.4062103465494813,-1.8146705275499655
1735,14,3.5263275424251312,-1.7628305374982385
1735,15,3.457966462622785,-1.7282266099254224
1735,16,3.471572046802209,-1.7888723515424485
1735,17,3.439672142144516,-1.7839355751825532
1735,18,3.315879207952324,-1.7348231026370344
1735,19,3.3826487293985688,-1.7436456119578252
1736,0,3.395572694019755,-1.7603910665614557
1736,1,3.4321729706113535,-1.8865763175273218
1736,2,3.4729668458305745,-1.7490631867032609
1736,3,3.4507862317499876,-1.7480332737904403
1736,4,3.430313723745068,-1.8033357768559974
1736,5,3.3654996328147755,-1.6508347606105571
1736,6,3.437488520184802,-1.8225842563544838
1736,7,3.3455094606737625,-1.8069328691062847
1736,8,3.508195691304058,-1.767485903651881
1736,9,3.3609325754231447,-1.7947874482159205
1736,10,3.438338867207987,-1.7057185445739103
1736,11,3.445953523152569,-1.7729384269218214
1736,12,3.5189995943992085,-1.8083616324365996
1736,13,3.4071894342091418,-1.8152742254581378
1736,14,3.5271920390386144,-1.7634953335878671
1736,15,3.458902258313437,-1.7289196922302712
1736,16,3.472488582737029,-1.7895068300396535
1736,17,3.4406309598305866,-1.7845569451205454
1736,18,3.315879207952324,-1.7348231026370344
1736,19,3.3836583033552694,-1.744316660999381
1737,0,3.396576264300302,-1.7610337347935836
1737,1,3.4331222041140483,-1.8871067303347475
1737,2,3.473885579016537,-1.749737235112443
1737,3,3.4517273723957556,-1.7487061222819227
1737,4,3.431309699526233,-1.803886057401558
1737,5,3.3654996328147755,-1.6508347606105571
1737,6,3.4384357970234585,-1.8231827005225443
1737,7,3.3455094606737625,-1.8069328691062847
1737,8,3.5090782448805715,-1.7681439601902753
1737,9,3.361958580685854,-1.7954069073489252
1737,10,3.439295287335417,-1.7064335292912385
1737,11,3.4469441106361427,-1.7735119189807553
1737,12,3.5198670059339836,-1.8089810535524082
1737,13,3.408167546381797,-1.8158773218885378
1737,14,3.5280556744070144,-1.7641594673818262
1737,15,3.4598371217512986,-1.7296120840768083
1737,16,3.4734042055513,-1.7901406764226862
1737,17,3.441587633862969,-1.7851795291310635
1737,18,3.315879207952324,-1.7348231026370344
1737,19,3.384666871571389,-1.744987041539884
1738,0,3.39757758212861,-1.7616777174161704
1738,1,3.434069643762045,-1.8876381304233423
1738,2,3.474803396911146,-1.7504106119983904
1738,3,3.452667575453425,-1.7493783004647316
1738,4,3.4323031086867974,-1.8044386486763284
1738,5,3.3654996328147755,-1.6508347606105571
1738,6,3.43938213007304,-1.8237805484498388
1738,7,3.3455094606737625,-1.8069328691062847
1738,8,3.509958883685615,-1.7688027477782624
1738,9,3.3629835637311887,-1.7960257493097653
1738,10,3.440250754561418,-1.7071478016543
1738,11,3.4479319611621606,-1.7740878738173957
1738,12,3.520733553266229,-1.809599857538661
1738,13,3.409144684046538,-1.8164798174448655
1738,14,3.528918449394831,-1.7648229395449142
1738,15,3.460771053872169,-1.7303037861581185
1738,16,3.4743189161615606,-1.7907738913260274
1738,17,3.442542186185178,-1.7858032876596976
1738,18,3.315879207952324,-1.7348231026370344
1738,19,3.3856744350565053,-1.7456567542503858
1739,0,3.398576671525788,-1.762322970649215
1739,1,3.435015304774748,-1.88817048698768
1739,2,3.475720300433138,-1.7510833180351542
1739,3,3.45360684186414,-1.7500498090117185
1739,4,3.43329397636828,-1.8049934878781901
1739,5,3.3654996328147755,-1.6508347606105571
1739,6,3.4403275202808272,-1.824377800734814
1739,7,3.3455094606737625,-1.8069328691062847
1739,8,3.510838645096941,-1.769460879006244
1739,9,3.364007525585157,-1.7966439747179024
1739,10,3.4412052698424143,-1.7078613623780823
1739,11,3.4489171025938523,-1.7746662238840876
1739,12,3.5215992372633598,-1.8102180450147811
1739,13,3.4101208481814806,-1.8170817127302195
1739,14,3.529780364865703,-1.7654857507412673
1739,15,3.4617040556109155,-1.7309947991665964
1739,16,3.4752327154834375,-1.7914064753835257
1739,17,3.443494638444876,-1.7864281820573478
1739,18,3.315879207952324,-1.7348231026370344
1739,19,3.386679836507169,-1.7463275391846365
1740,0,3.399573556174173,-1.7629694517504637
1740,1,3.4359600236928487,-1.8887023132031517
1740,2,3.476636290500334,-1.7517553538961135
1740,3,3.4545451725681073,-1.7507206485950635
1740,4,3.434282327538626,-1.805550513648496
1740,5,3.3654996328147755,-1.6508347606105571
1740,6,3.4412719685931563,-1.8249744579753198
1740,7,3.3455094606737625,-1.8069328691062847
1740,8,3.5117175299951913,-1.7701183545330101
1740,9,3.3650304672727467,-1.7972615841921806
1740,10,3.4421588341338762,-1.7085742121768601
1740,11,3.449899562608358,-1.7752469032093385
1740,12,3.522464058791926,-1.8108356165995751
1740,13,3.4110960397637666,-1.8176830083470976
1740,14,3.5306414216824082,-1.7661479016343604
1740,15,3.4626361279014732,-1.7316851237939466
1740,16,3.4761456044316446,-1.7920384292283984
1740,17,3.444445011994748,-1.787054174558207
1740,18,3.315879207952324,-1.7348231026370344
1740,19,3.3876842362464803,-1.7469976557959173
1741,0,3.4005682594184554,-1.763617118989281
1741,1,3.4369038014620115,-1.8892336096021158
1741,2,3.4775513680296415,-1.752426720253977
1741,3,3.455482568504597,-1.751390819886278
1741,4,3.4352681869830386,-1.806109666037131
1741,5,3.3654996328147755,-1.6508347606105571
1741,6,3.4422154759554213,-1.8255705207686108
1741,7,3.3455094606737625,-1.8069328691062847
1741,8,3.512595539260131,-1.7707751750166945
1741,9,3.366052389817923,-1.7978785783508275
1741,10,3.4421588341338762,-1.7085742121768601
1741,11,3.4508793686858397,-1.775829847359094
1741,12,3.523328018717615,-1.8114525729112327
1741,13,3.412070259769563,-1.8182837048973974
1741,14,3.531501620706866,-1.766809392887007
1741,15,3.4635661266082955,-1.7323763041184133
1741,16,3.4770575839199847,-1.792669753493232
1741,17,3.4453933278935795,-1.7876812282583148
1741,18,3.315879207952324,-1.7348231026370344
1741,19,3.388687635279845,-1.7476671047550156
1742,0,3.4015608042670555,-1.76426593162122
1742,1,3.4378466390269593,-1.8897643767164007
1742,2,3.4784655339370536,-1.753097417780783
1742,3,3.456419030611943,-1.7520603235562042
1742,4,3.436251579295538,-1.8066708864684309
1742,5,3.3654996328147755,-1.6508347606105571
1742,6,3.443158043312074,-1.8261659897113465
1742,7,3.3455094606737625,-1.8069328691062847
1742,8,3.5134726737706474,-1.7714313411147748
1742,9,3.367073294243631,-1.798494957811455
1742,10,3.4421588341338762,-1.7085742121768601
1742,11,3.4518565480994545,-1.7764149933989728
1742,12,3.5241911179052514,-1.8120689145673277
1742,13,3.4130435091740656,-1.8188838029824166
1742,14,3.532360962800136,-1.7674702251613605
1742,15,3.4644951987391477,-1.7330667958063526
1742,16,3.47796865486135,-1.7933004488099828
1742,17,3.446339606907528,-1.7883093070946656
1742,18,3.315879207952324,-1.7348231026370344
1742,19,3.3896900346116663,-1.7483358867320506
1743,0,3.402551213393726,-1.7649158498632733
1743,1,3.438788537331473,-1.8902946150773048
1743,2,3.4793787891376513,-1.7537674471479003
1743,3,3.4573534581328182,-1.7527306985840108
1743,4,3.437232528871216,-1.807234117707941
1743,5,3.3654996328147755,-1.6508347606105571
1743,6,3.4440996716066246,-1.8267608653995917
1743,7,3.3455094606737625,-1.8069328691062847
1743,8,3.514348934404754,-1.7720868534840741
1743,9,3.368093181571798,-1.7991107231910597
1743,10,3.4421588341338762,-1.7085742121768601
1743,11,3.452831127906137,-1.7770022798574414
1743,12,3.5250533572187983,-1.8126846421848186
1743,13,3.4140157889514975,-1.819483303202854
1743,14,3.53321944882242,-1.7681303991189148
1743,15,3.4654233452240315,-1.7337565995489475
1743,16,3.4788788181677237,-1.7939305158099772
1743,17,3.447283869511565,-1.7889383758248576
1743,18,3.3170031628351717,-1.7354152699161411
1743,19,3.3906914352453468,-1.749004002396474
1744,0,3.403539509139367,-1.7655668348697888
1744,1,3.439729497318394,-1.890824325215597
1744,2,3.4802911345456042,-1.7544368090260294
1744,3,3.45828695466284,-1.7534004057023163
1744,4,3.4382110598991407,-1.8077993038299947
1744,5,3.3654996328147755,-1.6508347606105571
1744,6,3.4450403617816443,-1.8273551484288175
1744,7,3.3455094606737625,-1.8069328691062847
1744,8,3.515224322039588,-1.772741712780761
1744,9,3.3691120528233314,-1.7997258751060232
1744,10,3.4421588341338762,-1.7085742121768601
1744,11,3.4538031349381533,-1.7775916466899084
1744,12,3.5259147375213584,-1.8132997563800497
1744,13,3.4140157889514975,-1.819483303202854
1744,14,3.5340760575922228,-1.7687912423491332
1744,15,3.4663505669920225,-1.7344457160366922
1744,16,3.47978807475018,-1.794559955123913
1744,17,3.4482261358910877,-1.7895684000072667
1744,18,3.3181240153126392,-1.7360106203384453
1744,19,3.3916918381832897,-1.7496714524170696
1745,0,3.404525713514033,-1.766218848709027
1745,1,3.4406687024897837,-1.8913549571188295
1745,2,3.4812025710741707,-1.7551055040852017
1745,3,3.459219521136439,-1.754069445581498
1745,4,3.439187196355886,-1.8083663901860967
1745,5,3.3654996328147755,-1.6508347606105571
1745,6,3.445980114778765,-1.827948839393902
1745,7,3.3455094606737625,-1.8069328691062847
1745,8,3.516098837551413,-1.7733959196603502
1745,9,3.3701299090181225,-1.800340414172113
1745,10,3.4421588341338762,-1.7085742121768601
1745,11,3.454772595795383,-1.778183035243717
1745,12,3.526775259675174,-1.8139142577687506
1745,13,3.4140157889514975,-1.819483303202854
1745,14,3.534931812912146,-1.7694514271730928
1745,15,3.467276864971271,-1.735134145959393
1745,16,3.4806964255188855,-1.7951887673818596
1745,17,3.4491664259436767,-1.7901993459817336
1745,18,3.3192417989558995,-1.736609062071183
1745,19,3.3916918381832897,-1.7496714524170696
1746,0,3.405510935343686,-1.7668702129537561
1746,1,3.4416069719153537,-1.8918850603446222
1746,2,3.4821130996357,-1.755773532994782
1746,3,3.460151158487115,-1.7547378188912657
1746,4,3.440160961999643,-1.808935323374089
1746,5,3.3654996328147755,-1.6508347606105571
1746,6,3.4469189315386806,-1.8285419388891304
1746,7,3.3455094606737625,-1.8069328691062847
1746,8,3.5169724818156207,-1.7740494747777034
1746,9,3.3711467511750466,-1.8009543410044837
1746,10,3.4421588341338762,-1.7085742121768601
1746,11,3.4557395368382866,-1.7787763882240153
1746,12,3.527634924541629,-1.814528146966038
1746,13,3.4140157889514975,-1.819483303202854
1746,14,3.535786715638801,-1.7701109542516393
1746,15,3.468202240089002,-1.735821890006169
1746,16,3.4816038713831,-1.7958169532132586
1746,17,3.4501057792818206,-1.7908296634095016
1746,18,3.320356547149638,-1.7372105056093867
1746,19,3.3916918381832897,-1.7496714524170696
1747,0,3.406495175614534,-1.7675209282559927
1747,1,3.442544306534312,-1.8924146354236089
1747,2,3.4830216425816922,-1.7564423640237339
1747,3,3.461081867647439,-1.7554055263006616
1747,4,3.4411323803648863,-1.809506051208085
1747,5,3.3654996328147755,-1.6508347606105571
1747,6,3.447856813001147,-1.8291344475081959
1747,7,3.3455094606737625,-1.8069328691062847
1747,8,3.5178452557067295,-1.77470237878703
1747,9,3.3721625803119633,-1.8015676562176763
1747,10,3.4421588341338762,-1.7085742121768601
1747,11,3.4567039841815252,-1.7793716496604872
1747,12,3.5284937329812482,-1.8151414245864153
1747,13,3.4140157889514975,-1.819483303202854
1747,14,3.5366407666279467,-1.7707698242449599
1747,15,3.4691266932715163,-1.7365089488654526
1747,16,3.4825104132511786,-1.7964445132469247
1747,17,3.4510431778585167,-1.791460868854948
1747,18,3.3214682930720536,-1.737814863714014
1747,19,3.3916918381832897,-1.7496714524170696
1748,0,3.407478435311802,-1.7681709952671034
1748,1,3.4434807072849316,-1.8929436828858948
1748,2,3.483929280330062,-1.7571105286843434
1748,3,3.4620116495490505,-1.7560725684780614
1748,4,3.4421014747575644,-1.8100785226891511
1748,5,3.3654996328147755,-1.6508347606105571
1748,6,3.4487937601049854,-1.8297263658442002
1748,7,3.3465924331266708,-1.8074589245560146
1748,8,3.5187171600983866,-1.7753546323418876
1748,9,3.3731773974457187,-1.8021803604256201
1748,10,3.4421588341338762,-1.7085742121768601
1748,11,3.4576659636881937,-1.77996876487492
1748,12,3.5293516858537,-1.8157540912437742
1748,13,3.4140157889514975,-1.819483303202854
1748,14,3.537493966734489,-1.7714280378125842
1748,15,3.470050225444193,-1.7371953232249904
1748,16,3.4834150634169987,-1.7970728738122612
1748,17,3.451979642484402,-1.7920914454165318
1748,18,3.322577069676457,-1.7384220513517192
1748,19,3.3916918381832897,-1.7496714524170696
1749,0,3.4084607154197344,-1.768820414637806
1749,1,3.444416175104551,-1.893472203261057
1749,2,3.4848360137893564,-1.7577780276454442
1749,3,3.4629405051226625,-1.756738946091175
1749,4,3.4430682682507836,-1.810652687976722
1749,5,3.3654996328147755,-1.6508347606105571
1749,6,3.44972977378808,-1.830317694489654
1749,7,3.3476726613721848,-1.8079878957474365
1749,8,3.5195881958633692,-1.7760062360951825
1749,9,3.374191203592146,-1.8027924542416325
1749,10,3.4421588341338762,-1.7085742121768601
1749,11,3.458625500964634,-1.780567680449593
1749,12,3.5302087840177965,-1.8163661475513946
1749,13,3.4140157889514975,-1.819483303202854
1749,14,3.538346316812482,-1.7720855956133845
1749,15,3.470972837531489,-1.7378810137718437
1749,16,3.4843188122621966,-1.797700608329699
1749,17,3.4529151740968778,-1.7927213937254607
1749,18,3.3236829096743685,-1.7390319856362355
1749,19,3.3916918381832897,-1.7496714524170696
1750,0,3.409442016921594,-1.7694691870181698
1750,1,3.4453507109295733,-1.8940001970781446
1750,2,3.485741843867216,-1.7584448615752033
1750,3,3.4638684352980604,-1.7574046598070472
1750,4,3.44403278368096,-1.8112284983607276
1750,5,3.3654996328147755,-1.6508347606105571
1750,6,3.4506648549873815,-1.830908434036478
1750,7,3.3487501716182724,-1.8085197034403333
1750,8,3.520458363873585,-1.7766571906991708
1750,9,3.375203999766066,-1.8034039382784202
1750,10,3.4421588341338762,-1.7085742121768601
1750,11,3.459582621355796,-1.7811683441964639
1750,12,3.531065028331493,-1.8169775941219455
1750,13,3.4140157889514975,-1.819483303202854
1750,14,3.5391978177151286,-1.7727424983055768
1750,15,3.4718945304569395,-1.7385660211923895
1750,16,3.4852216606914266,-1.798327717427601
1750,17,3.4538497736324127,-1.7933507144123135
1750,18,3.324785845520033,-1.7396445857713276
1750,19,3.3916918381832897,-1.7496714524170696
1751,0,3.410422340799665,-1.7701173130576167
1751,1,3.4462843156954706,-1.8945276648656804
1751,2,3.486646771470378,-1.759111031141122
1751,3,3.4647954410041035,-1.758069710292058
1751,4,3.444995043644411,-1.81180590623442
1751,5,3.3654996328147755,-1.6508347606105571
1751,6,3.4515990046389073,-1.831498585076003
1751,7,3.349824989979975,-1.8090542702888908
1751,8,3.5213276650000735,-1.7773074968054587
1751,9,3.3762157869812883,-1.804014813148079
1751,10,3.4421588341338762,-1.7085742121768601
1751,11,3.4605373499411156,-1.7817707051271394
1751,12,3.5319204196518914,-1.8175884315674855
1751,13,3.4140157889514975,-1.819483303202854
1751,14,3.5400484702947828,-1.7733987465467214
1751,15,3.47281530514316,-1.7392503461723208
1751,16,3.4861236096084403,-1.7989542017337037
1751,17,3.4547834420265415,-1.793979408107041
1751,18,3.3258859093962685,-1.7402597729952807
1751,19,3.3916918381832897,-1.7496714524170696
1752,0,3.4114016880352525,-1.7707647934049213
1752,1,3.447216990336782,-1.8950546071516599
1752,2,3.487550797504676,-1.7597765370100367
1752,3,3.465721523168725,-1.7587340982119235
1752,4,3.445955070494362,-1.8123848650678793
1752,5,3.3665948534786887,-1.6515069467896961
1752,6,3.452532223677742,-1.8320881481989708
1752,7,3.350897142462612,-1.8095915207943798
1752,8,3.5221961001130055,-1.7779571550650033
1752,9,3.3772265662506133,-1.8046250794620957
1752,10,3.4421588341338762,-1.7085742121768601
1752,11,3.4614897115308816,-1.7823747134236052
1752,12,3.532774958835239,-1.8181986604994635
1752,13,3.4140157889514975,-1.819483303202854
1752,14,3.540898275402948,-1.7740543409937233
1752,15,3.4737351625118467,-1.7399339893966477
1752,16,3.4870246599160897,-1.7995800618751188
1752,17,3.4557161802138676,-1.7946074754389663
1752,18,3.3269831332015722,-1.7408774705268877
1752,19,3.3916918381832897,-1.7496714524170696
1753,0,3.412380059608684,-1.7714116287082124
1753,1,3.448148735787116,-1.8955810244635527
1753,2,3.48845392287504,-1.7604413798481195
1753,3,3.466646682718934,-1.7593978242316968
1753,4,3.4469128863383482,-1.8129653293821841
1753,5,3.3676865662244224,-1.6521824119764326
1753,6,3.4534645130380386,-1.8326771239955346
1753,7,3.351966654946188,-1.8101313812590116
1753,8,3.5230636700816857,-1.778606166128113
1753,9,3.378236338585832,-1.8052347378313471
1753,10,3.4421588341338762,-1.7085742121768601
1753,11,3.4624397306630583,-1.7829803204097014
1753,12,3.5336277309449886,-1.8188095619331153
1753,13,3.4140157889514975,-1.819483303202854
1753,14,3.54174723389028,-1.7747092823028334
1753,15,3.474654103483778,-1.7406169515496976
1753,16,3.4879248125163267,-1.8002052984783328
1753,17,3.4566479891280624,-1.7952349170367852
1753,18,3.3280775485384058,-1.7414976035128993
1753,19,3.3916918381832897,-1.7496714524170696
1754,0,3.4133574564993103,-1.7720578196149726
1754,1,3.4490795529791503,-1.8961069173283032
1754,2,3.4893561484855007,-1.761105560320879
1754,3,3.4675709205808167,-1.760060889015768
1754,4,3.447868513035982,-1.8135472547242308
1754,5,3.3687748134973177,-1.6528610574512008
1754,6,3.4543958736530196,-1.8332655130552598
1754,7,3.35303355317093,-1.8106737797409447
1754,8,3.5239303757745524,-1.7792545306444485
1754,9,3.379244076917684,-1.8058454884279256
1754,10,3.4421588341338762,-1.7085742121768601
1754,11,3.463387431600546,-1.783587478523323
1754,12,3.534479653429076,-1.8194198547193579
1754,13,3.4140157889514975,-1.819483303202854
1754,14,3.5425953466065874,-1.7753635711296485
1754,15,3.475572128978815,-1.7412992333151167
1754,16,3.488824068310205,-1.8008299121692082
1754,17,3.4575788697018677,-1.7958617335285674
1754,18,3.3291691867025954,-1.7421200989769021
1754,19,3.3916918381832897,-1.7496714524170696
1755,0,3.4143338796855067,-1.7727033667720395
1755,1,3.450009442844634,-1.8966322862723308
1755,2,3.490257475239186,-1.76176907909316
1755,3,3.468494237679536,-1.760723293227866
1755,4,3.44882197219707,-1.8141305976421847
1755,5,3.3687748134973177,-1.6528610574512008
1755,6,3.455326306454978,-1.8338533159671244
1755,7,3.354097862723907,-1.811218646010417
1755,8,3.5247962180591785,-1.7799022492630234
1755,9,3.380250811213172,-1.8064556305175246
1755,10,3.4421588341338762,-1.7085742121768601
1755,11,3.4643328383288456,-1.784196141289329
1755,12,3.535330727140276,-1.820029539469095
1755,13,3.4140157889514975,-1.819483303202854
1755,14,3.5434426144008317,-1.7760172081291123
1755,15,3.4764892399159013,-1.7419808353758692
1755,16,3.489722428197881,-1.801453903572984
1755,17,3.458508822867096,-1.7964879255417567
1755,18,3.3302580786737783,-1.7427448857695875
1755,19,3.3916918381832897,-1.7496714524170696
1756,0,3.415309330144674,-1.7733482708256068
1756,1,3.4509384063143878,-1.8971571318215301
1756,2,3.491157904038325,-1.7624319368291457
1756,3,3.4694166349393325,-1.761385037531058
1756,4,3.4497732851800604,-1.8147153156615472
1756,5,3.3687748134973177,-1.6528610574512008
1756,6,3.4562548870747416,-1.834441995427805
1756,7,3.355159609026662,-1.8117659115069813
1756,8,3.525660196816185,-1.7805506585539115
1756,9,3.381256542480038,-1.807065164710897
1756,10,3.4421588341338762,-1.7085742121768601
1756,11,3.4652759745541095,-1.7848062632931414
1756,12,3.536180952930515,-1.8206386167926218
1756,13,3.4140157889514975,-1.819483303202854
1756,14,3.544289038121129,-1.7766701939555163
1756,15,3.4764892399159013,-1.7419808353758692
1756,16,3.490619893078614,-1.802077273314276
1756,17,3.459437849554631,-1.797113493703172
1756,18,3.33134425510683,-1.7433718945203784
1756,19,3.3916918381832897,-1.7496714524170696
1757,0,3.4162838088532386,-1.7739925324212236
1757,1,3.451866444318305,-1.8976814545012721
1757,2,3.4920574357842473,-1.7630941341923574
1757,3,3.4703381132835274,-1.7620461225877504
1757,4,3.4507224730907935,-1.8153013672618261
1757,5,3.3687748134973177,-1.6528610574512008
1757,6,3.457182542538444,-1.835030088380045
1757,7,3.356218817323808,-1.8123155092978196
1757,8,3.526523314779052,-1.781198421825539
1757,9,3.3822612717250196,-1.8076740916181873
1757,10,3.4421588341338762,-1.7085742121768601
1757,11,3.4662168637015522,-1.7854178001550172
1757,12,3.537030331650869,-1.8212470872996251
1757,13,3.4140157889514975,-1.819483303202854
1757,14,3.5451346186147497,-1.7773225292624997
1757,15,3.4764892399159013,-1.7419808353758692
1757,16,3.4915164638507665,-1.8027000220170781
1757,17,3.4603659506944293,-1.7977384386390078
1757,18,3.332427746324219,-1.7440010575903777
1757,19,3.3916918381832897,-1.7496714524170696
1758,0,3.417257316786655,-1.7746361522037966
1758,1,3.452793557785353,-1.8982052548364043
1758,2,3.4929560713773857,-1.763755671845655
1758,3,3.4712586736345212,-1.7627065490596903
1758,4,3.4516695567815465,-1.8158887118537916
1758,5,3.3687748134973177,-1.6528610574512008
1758,6,3.4581092737746686,-1.835617595412526
1758,7,3.357275512672531,-1.8128673740371113
1758,8,3.527385572811761,-1.7818455397263178
1758,9,3.383264999953852,-1.8082824118489318
1758,10,3.4421588341338762,-1.7085742121768601
1758,11,3.4671555289142013,-1.7860307085049778
1758,12,3.5378788641515677,-1.8218549515991846
1758,13,3.4140157889514975,-1.819483303202854
1758,14,3.5459793567281213,-1.7779742147030508
1758,15,3.4764892399159013,-1.7419808353758692
1758,16,3.492412141411807,-1.8033221503047623
1758,17,3.4612931272155216,-1.7983627609748345
1758,18,3.333508582309227,-1.7446323090266056
1758,19,3.3916918381832897,-1.7496714524170696
1759,0,3.4182298549194052,-1.77527913081759
1759,1,3.4537197476435724,-1.8987285333512516
1759,2,3.4938538117172753,-1.7644165504512388
1759,3,3.4721783169137956,-1.763366317607965
1759,4,3.4526145568503477,-1.8164773097573037
1759,5,3.3687748134973177,-1.6528610574512008
1759,6,3.459035081711075,-1.8362045171133432
1759,7,3.358329719932955,-1.8134214419264338
1759,8,3.5282469717774334,-1.7824920129040134
1759,9,3.384267728171269,-1.8088901260120596
1759,10,3.4431693126067553,-1.7092015477882248
1759,11,3.468091993051967,-1.786644945958378
1759,12,3.5387265512819925,-1.8224622102997732
1759,13,3.4140157889514975,-1.819483303202854
1759,14,3.546823253306827,-1.7786252509295075
1759,15,3.4764892399159013,-1.7419808353758692
1759,16,3.4933069266583097,-1.8039436588000795
1759,17,3.462219380046012,-1.7989864613355993
1759,18,3.3345867926999855,-1.7452655845174927
1759,19,3.3916918381832897,-1.7496714524170696
1760,0,3.4192003521076635,-1.7759230876043948
1760,1,3.454645014820081,-1.899251290569616
1760,2,3.494750657702555,-1.7650767706706487
1760,3,3.4730970440419147,-1.7640254288930037
1760,4,3.4535574936405498,-1.8170671221796986
1760,5,3.3687748134973177,-1.6528610574512008
1760,6,3.4599599672743975,-1.8367908540700058
1760,7,3.3593814637593153,-1.8139776506761713
1760,8,3.5291075125383307,-1.7831378420057462
1760,9,3.3852694573810016,-1.8094972347158933
1760,10,3.444176685601923,-1.7098316513580682
1760,11,3.469026278691013,-1.7872604710920974
1760,12,3.539573393890679,-1.8230688640092572
1760,13,3.4140157889514975,-1.819483303202854
1760,14,3.547666309195608,-1.7792756385935575
1760,15,3.4764892399159013,-1.7419808353758692
1760,16,3.4942008204859554,-1.8045645481251604
1760,17,3.463144710113081,-1.799609540345627
1760,18,3.3356624067842753,-1.7459008213495946
1760,19,3.3916918381832897,-1.7496714524170696
1761,0,3.4201698823692666,-1.7765664028035788
1761,1,3.4555693602410713,-1.899773527014778
1761,2,3.4956466102309682,-1.7657363331647657
1761,3,3.4740148559385253,-1.7646838835745773
1761,4,3.454498387240639,-1.817658111194717
1761,5,3.3687748134973177,-1.6528610574512008
1761,6,3.4608839313904474,-1.8373766068694375
1761,7,3.360430768591901,-1.8145359394679077
1761,8,3.5299671959558547,-1.7837830276779916
1761,9,3.3862701885857818,-1.8101037385681493
1761,10,3.44518098767571,-1.7104644438265082
1761,11,3.4699584081234045,-1.7878772434213421
1761,12,3.540419392825318,-1.8236749133348975
1761,13,3.4140157889514975,-1.819483303202854
1761,14,3.547666309195608,-1.7792756385935575
1761,15,3.4764892399159013,-1.7419808353758692
1761,16,3.495093823789533,-1.805184818901516
1761,17,3.464069118342984,-1.8002319986286202
1761,18,3.3367354534950433,-1.746537958365497
1761,19,3.3916918381832897,-1.7496714524170696
1762,0,3.421138446674715,-1.7772090770591014
1762,1,3.4564927848318145,-1.9002952432094968
1762,2,3.4965416701993646,-1.7663952385938126
1762,3,3.474930690384166,-1.7653431616844117
1762,4,3.4554372574842738,-1.818250239721964
1762,5,3.3687748134973177,-1.6528610574512008
1762,6,3.461806974984114,-1.8379617760979776
1762,7,3.361477658649718,-1.8150962489177815
1762,8,3.5308260228905497,-1.7844275705665813
1762,9,3.387269922787343,-1.8107096381759384
1762,10,3.4461822531384145,-1.7110998480696695
1762,11,3.4708884033570238,-1.7884952233770368
1762,12,3.5412645489327548,-1.8242803588833503
1762,13,3.4140157889514975,-1.819483303202854
1762,14,3.547666309195608,-1.7792756385935575
1762,15,3.4764892399159013,-1.7419808353758692
1762,16,3.495985937462939,-1.8058044717500379
1762,17,3.4649926056610556,-1.80085383680766
1762,18,3.3378059614065925,-1.7471769359228795
1762,19,3.3916918381832897,-1.7496714524170696
1763,0,3.422106045993543,-1.7778511110142798
1763,1,3.457414498617688,-1.9008178370739832
1763,2,3.4974358385037,-1.7670534876173545
1763,3,3.4758456123659363,-1.766001782942499
1763,4,3.4563741239505306,-1.8188434715068842
1763,5,3.3687748134973177,-1.6528610574512008
1763,6,3.4627290989793647,-1.8385463623413811
1763,7,3.362522157923839,-1.8156585210407803
1763,8,3.531683994202102,-1.7850714713167033
1763,9,3.3882686609864194,-1.8113149341457668
1763,10,3.447180516039922,-1.711737788849725
1763,11,3.47181628611573,-1.7891143722837952
1763,12,3.5421088630589916,-1.8248852012606671
1763,13,3.415035554249405,-1.8199953664672004
1763,14,3.547666309195608,-1.7792756385935575
1763,15,3.4764892399159013,-1.7419808353758692
1763,16,3.496877162399181,-1.8064235072909989
1763,17,3.465915172991707,-1.8014750555052077
1763,18,3.338873958731398,-1.7478176958547067
1763,19,3.3927458274091133,-1.7502480994908483
1764,0,3.423072681294318,-1.778492505311791
1764,1,3.458335294088022,-1.901339910271345
1764,2,3.498329116039038,-1.767711080894299
1764,3,3.476759622799674,-1.7666597480081194
1764,4,3.4573090059643485,-1.8194377711012402
1764,5,3.3687748134973177,-1.6528610574512008
1764,6,3.4636503042992466,-1.8391303661848193
1764,7,3.3635642901713934,-1.8162226992159516
1764,8,3.532541110749342,-1.7857147305729026
1764,9,3.389266404182749,-1.8119196270835365
1764,10,3.4481758101565076,-1.7123781927662316
1764,11,3.47274207783975,-1.789734652338452
1764,12,3.5429523360491877,-1.8254894410722957
1764,13,3.416052650775666,-1.82051022654031
1764,14,3.547666309195608,-1.7792756385935575
1764,15,3.4764892399159013,-1.7419808353758692
1764,16,3.497767499490375,-1.8070419261440545
1764,17,3.466836821258429,-1.8020956553431033
1764,18,3.339939473317514,-1.7484601814305167
1764,19,3.393796801956494,-1.7508277768123937
1765,0,3.4240383535446437,-1.7791332605936712
1765,1,3.4592551721645335,-1.9018614633241782
1765,2,3.499220461574581,-1.7683694323631522
1765,3,3.477672722600304,-1.7673170575398969
1765,4,3.4582419225971592,-1.820033103844082
1765,5,3.3687748134973177,-1.6528610574512008
1765,6,3.4645705918658867,-1.8397137882128805
1765,7,3.3646040789101663,-1.8167887281525092
1765,8,3.5333973733902435,-1.7863573489790827
1765,9,3.3902631533750744,-1.8125237175945454
1765,10,3.449168168978769,-1.713020988208735
1765,11,3.4736657996862883,-1.7903560265891438
1765,12,3.54379496874766,-1.8260930789230807
1765,13,3.41706710288697,-1.82102781037242
1765,14,3.547666309195608,-1.7792756385935575
1765,15,3.4764892399159013,-1.7419808353758692
1765,16,3.4986569496277498,-1.8076597289282423
1765,17,3.467757551383792,-1.8027156369425679
1765,18,3.341002532646531,-1.7491043373187765
1765,19,3.3948447930109316,-1.751410400359671
1766,0,3.4250030637111584,-1.779773377501317
1766,1,3.460174133768022,-1.9023824967545575
1766,2,3.500110919044491,-1.769027127903086
1766,3,3.478584912681841,-1.7679737121957988
1766,4,3.459172892667688,-1.8206294358431943
1766,5,3.3687748134973177,-1.6528610574512008
1766,6,3.4654899626004942,-1.8402966290095708
1766,7,3.3656415474137704,-1.8173565538568113
1766,8,3.534252782981927,-1.7869993271785052
1766,9,3.391258909561142,-1.813127206283489
1766,10,3.4501576257006143,-1.7136661053106133
1766,11,3.4745874725303336,-1.790978458914923
1766,12,3.5446367619978854,-1.8266961154172643
1766,13,3.418078934882096,-1.8215480465904572
1766,14,3.547666309195608,-1.7792756385935575
1766,15,3.4764892399159013,-1.7419808353758692
1766,16,3.499545513701646,-1.8082769162619838
1766,17,3.4686763805326666,-1.8033364593957208
1766,18,3.342063163832047,-1.7497501095502757
1766,19,3.3958898316192037,-1.7519958881537956
1767,0,3.4259668127595377,-1.780412856675486
1767,1,3.4610921798183685,-1.9029030110840384
1767,2,3.5010004893401168,-1.7696841681724542
1767,3,3.479496193957387,-1.7686297126331372
1767,4,3.460101934742915,-1.821226733957008
1767,5,3.3687748134973177,-1.6528610574512008
1767,6,3.4664084174233603,-1.8408788891583145
1767,7,3.366676718707356,-1.8179261236001907
1767,8,3.535107340380658,-1.7876406658137909
1767,9,3.392253673737705,-1.8137300937544598
1767,10,3.4511442132092522,-1.7143134759041296
1767,11,3.4755071169656566,-1.7916019140058912
1767,12,3.545477716642499,-1.8272985511584865
1767,13,3.4190881709862473,-1.822070865457914
1767,14,3.547666309195608,-1.7792756385935575
1767,15,3.4764892399159013,-1.7419808353758692
1767,16,3.50043223783736,-1.8088948610698194
1767,17,3.469594294236361,-1.8039566633128563
1767,18,3.343121393618619,-1.7503974454825313
1767,19,3.396931948670885,-1.7525841602070211
1768,0,3.426929601654496,-1.7810516987562974
1768,1,3.462009311234538,-1.9034230068336557
1768,2,3.501889173351919,-1.7703405538289547
1768,3,3.4804065673391364,-1.769285059508569
1768,4,3.4610290671391883,-1.8218249657769683
1768,5,3.3687748134973177,-1.6528610574512008
1768,6,3.4673259572538586,-1.8414605692419548
1768,7,3.3677096155638293,-1.8184973858876163
1768,8,3.5359610464418494,-1.7882813655269203
1768,9,3.393247446900523,-1.8143323806109488
1768,10,3.452127964076127,-1.7149630334766701
1768,11,3.4764247533059827,-1.7922263573438404
1768,12,3.5463178335232977,-1.827900386749786
1768,13,3.4200948353364238,-1.8225961988356678
1768,14,3.547666309195608,-1.7792756385935575
1768,15,3.4764892399159013,-1.7419808353758692
1768,16,3.5013180785199145,-1.8095121902123414
1768,17,3.4705112934137072,-1.804576249314799
1768,18,3.3441772483811625,-1.7510462937651725
1768,19,3.3979711748812247,-1.7531751384720422
1769,0,3.427891431359785,-1.781689904383233
1769,1,3.46292552893458,-1.9039424845239261
1769,2,3.502776971969471,-1.7709962855296304
1769,3,3.4813160337383735,-1.7699397534780972
1769,4,3.4619543079234756,-1.8224240996103411
1769,5,3.3687748134973177,-1.6528610574512008
1769,6,3.4682425830104475,-1.8420416698427535
1769,7,3.3687402605005494,-1.8190702904271634
1769,8,3.5368139020200617,-1.7889214269592344
1769,9,3.394240230044364,-1.8149340674558458
1769,10,3.4531089105487403,-1.7156147131281345
1769,11,3.4773404015863285,-1.7928517551833854
1769,12,3.5471571134812394,-1.828501622793601
1769,13,3.421098951967786,-1.8231239801437256
1769,14,3.547666309195608,-1.7792756385935575
1769,15,3.4764892399159013,-1.7419808353758692
1769,16,3.502203036636036,-1.8101289043074968
1769,17,3.471427378982623,-1.805195218021755
1769,18,3.34523075412477,-1.7516966043062816
1769,19,3.399007540775317,-1.7537687467925793
1770,0,3.428852302838198,-1.7823274741951372
1770,1,3.4638408338356292,-1.9044614446748471
1770,2,3.5036638860814606,-1.771651363930869
1770,3,3.482224594065475,-1.770593795197071
1770,4,3.462877674914744,-1.823024104463453
1770,5,3.3687748134973177,-1.6528610574512008
1770,6,3.4691582956106704,-1.8426221915423933
1770,7,3.369768675776473,-1.819644788100273
1770,8,3.5376659079690045,-1.7895608507514356
1770,9,3.395232024163005,-1.81553515489144
1770,10,3.454087084543314,-1.7162684515294542
1770,11,3.478254081564488,-1.7934780745335777
1770,12,3.547994670536236,-1.8291034958991554
1770,13,3.4221005448009536,-1.823654144323879
1770,14,3.547666309195608,-1.7792756385935575
1770,15,3.4764892399159013,-1.7419808353758692
1770,16,3.5030871130715693,-1.8107450039726172
1770,17,3.4723425518601103,-1.8058135700533127
1770,18,3.346281936484918,-1.7523483282396635
1770,19,3.4000410766734883,-1.7543649108552233
1771,0,3.429812217051568,-1.782964408830218
1771,1,3.464755226853907,-1.9049798878058983
1771,2,3.5045499165756895,-1.7723057896884051
1771,3,3.483132249229911,-1.7712471853201868
1771,4,3.4638001219986734,-1.8236235115597976
1771,5,3.3687748134973177,-1.6528610574512008
1771,6,3.4700730959711565,-1.8432021349219767
1771,7,3.370794883389723,-1.8202208309327832
1771,8,3.5385170651415363,-1.7901996375435874
1771,9,3.3962228302492328,-1.8161356435194205
1771,10,3.4550625176382406,-1.7169241868822098
1771,11,3.47916581272266,-1.7941052831399873
1771,12,3.548831393124234,-1.8297047693521358
1771,13,3.4230996376301936,-1.8241866278032488
1771,14,3.547666309195608,-1.7792756385935575
1771,15,3.4764892399159013,-1.7419808353758692
1771,16,3.5039703087114753,-1.8113604898244187
1771,17,3.4732568129622585,-1.8064313060284432
1771,18,3.347330820728033,-1.7530014178930162
1771,19,3.401071812677838,-1.7549635581425107
1772,0,3.43077117496077,-1.7836007089260473
1772,1,3.4656687089047216,-1.9054978144360417
1772,2,3.505435064339075,-1.7729595634573194
1772,3,3.484039000140245,-1.7718999245014888
1772,4,3.464721650098635,-1.8242223214993822
1772,5,3.3687748134973177,-1.6528610574512008
1772,6,3.470986985007622,-1.843781500562028
1772,7,3.3718189050755556,-1.8207983720667071
1772,8,3.5393673743896663,-1.790837787975116
1772,9,3.397212649294845,-1.8167355339408768
1772,10,3.4560352410682795,-1.7175818588793217
1772,11,3.4800756142692095,-1.7947333494672384
1772,12,3.549667282082793,-1.8303054437544173
1772,13,3.424096254112452,-1.824721368458705
1772,14,3.547666309195608,-1.7792756385935575
1772,15,3.4764892399159013,-1.7419808353758692
1772,16,3.5048526244398337,-1.8119753624790034
1772,17,3.474170163204244,-1.8070484265655005
1772,18,3.3483774317523998,-1.7536558267569802
1772,19,3.4020997786598657,-1.7555646178872044
1773,0,3.431729177525722,-1.7842363751195625
1773,1,3.4665812809024694,-1.9060152250837226
1773,2,3.5063193302576505,-1.7736126858920398
1773,3,3.4849448477041354,-1.7725520133943695
1773,4,3.465642260137079,-1.8248205348816162
1773,5,3.3687748134973177,-1.6528610574512008
1773,6,3.4718999636348706,-1.8443602890424924
1773,7,3.372840762304696,-1.821377365732745
1773,8,3.5402168365645545,-1.791475302684811
1773,9,3.398201482290652,-1.8173348267563
1773,10,3.45700528571945,-1.7182414086667863
1773,11,3.480983505140544,-1.79536224268199
1773,12,3.5505023382486396,-1.8309055197072757
1773,13,3.4250904177571835,-1.8252583055821403
1773,14,3.547666309195608,-1.7792756385935575
1773,15,3.4764892399159013,-1.7419808353758692
1773,16,3.5057340611398438,-1.8125896225518594
1773,17,3.475082603500331,-1.8076649322822231
1773,18,3.349421794089375,-1.7543115094550397
1773,19,3.4031250042491297,-1.756168021027752
1774,0,3.4326862257053854,-1.784871408047066
1774,1,3.467492943760636,-1.9065321202668692
1774,2,3.5072027152165677,-1.7742651576463428
1774,3,3.4858497928283367,-1.7732034526515708
1774,4,3.4665619530355367,-1.8254181523053117
1774,5,3.3687748134973177,-1.6528610574512008
1774,6,3.472811138038412,-1.844939909874869
1774,7,3.3738604762820286,-1.821957767223506
1774,8,3.541064484698891,-1.7921134698512402
1774,9,3.399188339102898,-1.8179351548736569
1774,10,3.4579726821245855,-1.7189027788064326
1774,11,3.48189049154566,-1.7959905093757729
1774,12,3.551336562457665,-1.8315049978113878
1774,13,3.4260821519169427,-1.8257973798465859
1774,14,3.547666309195608,-1.7792756385935575
1774,15,3.4764892399159013,-1.7419808353758692
1774,16,3.506614619693824,-1.8132032706578618
1774,17,3.4759941347638734,-1.8082808237957337
1774,18,3.350463931904894,-1.7549684217142518
1774,19,3.404147518822874,-1.7567737001648949
1775,0,3.4336423204577664,-1.7855058083442263
1775,1,3.4684036983917963,-1.9070485005028945
1775,2,3.5080852201000954,-1.7749169793733532
1775,3,3.4867538364187,-1.7738542429251836
1775,4,3.467480729714622,-1.8260151743686843
1775,5,3.3687748134973177,-1.6528610574512008
1775,6,3.473721404628923,-1.845518953224667
1775,7,3.3748780679456143,-1.8225395328674256
1775,8,3.541911288312419,-1.7927510012049672
1775,9,3.400174212690078,-1.818534884872173
1775,10,3.4589374604595045,-1.7195659132396726
1775,11,3.482796574392451,-1.7966181501774827
1775,12,3.552169955544929,-1.8321038786668316
1775,13,3.42707147977869,-1.8263385332731443
1775,14,3.547666309195608,-1.7792756385935575
1775,15,3.4774573865757317,-1.742585621054086
1775,16,3.507494300983215,-1.8138163074112728
1775,17,3.4769047579073145,-1.8088961017225405
1775,18,3.3515038690012444,-1.7556265203367827
1775,19,3.405167351496572,-1.7573815895194045
1776,0,3.4345974627399167,-1.7861395766460788
1776,1,3.469313545707617,-1.9075643663086954
1776,2,3.508966845791622,-1.775568151725545
1776,3,3.4876569793801733,-1.7745043848666497
1776,4,3.4683985910940316,-1.8266116016693539
1776,5,3.3698674846048773,-1.6535301374896523
1776,6,3.4746307643175816,-1.846097419671509
1776,7,3.3758935579660134,-1.823122620003357
1776,8,3.5427572482527907,-1.7933878973841613
1776,9,3.4011591040390527,-1.8191340173521784
1776,10,3.4589374604595045,-1.7195659132396726
1776,11,3.4837017545879068,-1.7972451657153885
1776,12,3.553002518344659,-1.8327021628730873
1776,13,3.4280584243557795,-1.8268817091987293
1776,14,3.547666309195608,-1.7792756385935575
1776,15,3.4784226789583528,-1.743192841002039
1776,16,3.508373105888578,-1.8144287334257427
1776,17,3.4778144738421894,-1.809510766678537
1776,18,3.3525427700113735,-1.7562839632976226
1776,19,3.406184531115336,-1.7579916248909153
1777,0,3.4355516535079347,-1.7867727135870262
1777,1,3.470222486618856,-1.9080797182006541
1777,2,3.5098475931736557,-1.7762186753547426
1777,3,3.488559222616804,-1.775153879126762
1777,4,3.4693155380925447,-1.8272074348043446
1777,5,3.370956647422249,-1.6542025138965193
1777,6,3.475539218014657,-1.8466753097944406
1777,7,3.3769069667458984,-1.8237069869558222
1777,8,3.5436023653668127,-1.7940241590263564
1777,9,3.4021430141356994,-1.8197325529134054
1777,10,3.4589374604595045,-1.7195659132396726
1777,11,3.484606033038114,-1.7978715566171335
1777,12,3.5538342516902506,-1.8332998510290381
1777,13,3.429043008480594,-1.82742685224459
1777,14,3.547666309195608,-1.7792756385935575
1777,15,3.479385147466946,-1.7438024272384238
1777,16,3.5092510352895983,-1.8150405493143107
1777,17,3.478723283479124,-1.8101248192790038
1777,18,3.3535806359752227,-1.756940751254873
1777,19,3.40719908624614,-1.7586037436178317
1778,0,3.4365048937169664,-1.787405219800839
1778,1,3.4711305220353643,-1.9085945566946385
1778,2,3.5107274631278256,-1.7768685509121207
1778,3,3.4894605670317382,-1.775802726355665
1778,4,3.4702315716280268,-1.827802674370086
1778,5,3.3720423441719194,-1.6548780878061533
1778,6,3.476446766629513,-1.8472526241719303
1778,7,3.377918314419936,-1.824292593010904
1778,8,3.544446640500448,-1.7946597867684508
1778,9,3.403125943964913,-1.8203304921549888
1778,10,3.4589374604595045,-1.7195659132396726
1778,11,3.485509410648256,-1.7984973235097355
1778,12,3.55466515641427,-1.8338969437329704
1778,13,3.4300252547977865,-1.827973908285605
1778,14,3.547666309195608,-1.7792756385935575
1778,15,3.4803448222774462,-1.7444143133834635
1778,16,3.5101280900650833,-1.815651755689405
1778,17,3.4796311877278385,-1.810738260138608
1778,18,3.3546174679316967,-1.7575968848659789
1778,19,3.408211045170815,-1.7592178845382827
1779,0,3.4374561497546288,-1.7880386523359442
1779,1,3.472037652866086,-1.909108882306002
1779,2,3.5116064565348823,-1.7775177790482053
1779,3,3.490361013527223,-1.7764509272028552
1779,4,3.471146692617428,-1.8283973209624134
1779,5,3.373124616771103,-1.6555567629404309
1779,6,3.477353411070606,-1.8478293633818703
1779,7,3.3789276208549204,-1.8248793983927611
1779,8,3.545290074498817,-1.7952947812467088
1779,9,3.404107894510607,-1.8209278356754661
1779,10,3.4589374604595045,-1.7195659132396726
1779,11,3.4864109056768213,-1.79912388322285
1779,12,3.5554952333484535,-1.8344934415825747
1779,13,3.431005185758103,-1.828522824420329
1779,14,3.547666309195608,-1.7792756385935575
1779,15,3.481301733328068,-1.7450284346190912
1779,16,3.511004271092966,-1.8162623531628437
1779,17,3.4805381874971455,-1.8113510898714045
1779,18,3.355653266918665,-1.7582523647877308
1779,19,3.4092204358797664,-1.759833987952099
1780,0,3.4384064580366944,-1.7886714537694253
1780,1,3.4729438800190597,-1.9096226955495856
1780,2,3.512484574274699,-1.7781663604128746
1780,3,3.4912605630046056,-1.7770984823171823
1780,4,3.4720599740040647,-1.8289928008285006
1780,5,3.37420350681025,-1.6562384455374473
1780,6,3.4782591522454887,-1.8484055280015774
1780,7,3.379934905650141,-1.8254673642407526
1780,8,3.5461326682061975,-1.7959291430967603
1780,9,3.4050888667557153,-1.8215245840727792
1780,10,3.4589374604595045,-1.7195659132396726
1780,11,3.4873115025293644,-1.7997498186830367
1780,12,3.5563244833237095,-1.8350893451749457
1780,13,3.431982823612749,-1.829073548941774
1780,14,3.547666309195608,-1.7792756385935575
1780,15,3.4822559103097,-1.745644727650132
1780,16,3.5118795792503046,-1.8168723423458355
1780,17,3.4814442836949526,-1.8119633090908362
1780,18,3.3566880339729637,-1.7589071916762649
1780,19,3.4102272860663723,-1.7604519955837863
1781,0,3.439355819514423,-1.7893036247347172
1781,1,3.4738484389802466,-1.9101373445951915
1781,2,3.5133618172262726,-1.778814295655359
1781,3,3.492158190115088,-1.7777468155786815
1781,4,3.4729723454767862,-1.8295876874103882
1781,5,3.375279055533411,-1.6569230442821796
1781,6,3.4791639910608083,-1.848981118607793
1781,7,3.3809401881379726,-1.8260564525871537
1781,8,3.546974422466027,-1.7965628729536023
1781,9,3.4060688616821917,-1.8221207379442734
1781,10,3.4589374604595045,-1.7195659132396726
1781,11,3.488211202107383,-1.8003751305168576
1781,12,3.5571529071701176,-1.8356846551065837
1781,13,3.432958190408278,-1.8296260313089094
1781,14,3.5485593708813274,-1.7798535057360678
1781,15,3.4832073826571257,-1.7462631306664662
1781,16,3.5127540154132832,-1.8174817238489804
1781,17,3.482349477228263,-1.8125749184097355
1781,18,3.3577217701303956,-1.7595613661870635
1781,19,3.41123162312203,-1.761071850546472
1782,0,3.440304235138126,-1.7899351658646236
1782,1,3.474752096722828,-1.9106514808922477
1782,2,3.5142381862677237,-1.7794615854242424
1782,3,3.4930549229066057,-1.7783945028963086
1782,4,3.473883807948877,-1.8301819813035582
1782,5,3.376351303820354,-1.6576104702390753
1782,6,3.4800679284223097,-1.8495561357766834
1782,7,3.3819434873846665,-1.8266466263354468
1782,8,3.5478153381209023,-1.7971959714515988
1782,9,3.407047880271012,-1.8227162978866995
1782,10,3.4589374604595045,-1.7195659132396726
1782,11,3.4891100053114776,-1.8009998193502506
1782,12,3.5579805057169307,-1.8362793719733945
1782,13,3.4339313079819633,-1.8301802221188648
1782,14,3.549449838304605,-1.780433443834592
1782,15,3.4841561795410203,-1.7468835833061502
1782,16,3.5136275804572135,-1.8180904982822697
1782,17,3.483253769003176,-1.8131859184403238
1782,18,3.3587544764257315,-1.7602148889749558
1782,19,3.412233474131801,-1.7616934973068
1783,0,3.441251705857169,-1.790566077791318
1783,1,3.4756548541513657,-1.9111651049554053
1783,2,3.515113682276299,-1.7801082303674622
1783,3,3.4939507622767887,-1.7790415449183994
1783,4,3.474794362332712,-1.8307756831028996
1783,5,3.3774202921703225,-1.6583006367865172
1783,6,3.480970965234835,-1.8501305800838417
1783,7,3.3829457870231727,-1.8272362120811942
1783,8,3.548655416012581,-1.797828439224482
1783,9,3.408025923502175,-1.8233112644962135
1783,10,3.4589374604595045,-1.7195659132396726
1783,11,3.4900079130413513,-1.8016238858085296
1783,12,3.558807279792576,-1.8368734963706903
1783,13,3.4349021979576366,-1.8307360730798183
1783,14,3.550337737462552,-1.7810153971565956
1783,15,3.4851023298606862,-1.7475060266194717
1783,16,3.5145002752565344,-1.8186986662550872
1783,17,3.484157159924889,-1.8137963097942127
1783,18,3.3597861538927116,-1.760867760694119
1783,19,3.4132328658706306,-1.7623168816507504
1784,0,3.4421982326199707,-1.7911963611463435
1784,1,3.4765567121695207,-1.9116782172988023
1784,2,3.5159872999186352,-1.7807555912295763
1784,3,3.494845709122373,-1.7796879422926435
1784,4,3.4757040095397573,-1.8313687934027083
1784,5,3.3784860606873446,-1.6589934595531226
1784,6,3.4818731024023246,-1.850704452104287
1784,7,3.3839470880567935,-1.8278252104145718
1784,8,3.5494946569819814,-1.798460276905353
1784,9,3.409002992354703,-1.8239056383683776
1784,10,3.4589374604595045,-1.7195659132396726
1784,11,3.4909049261958103,-1.8022473305163857
1784,12,3.559633230224655,-1.83746702889319
1784,13,3.435870881741961,-1.831293536984555
1784,14,3.551223094160522,-1.7815993112085853
1784,15,3.4860458622374804,-1.748130403033922
1784,16,3.515372100684815,-1.8193062283762098
1784,17,3.4850586999213427,-1.8144074981852616
1784,18,3.3608168035640458,-1.761519981998078
1784,19,3.4142298248000973,-1.7629419506503605
1785,0,3.4431438163740054,-1.7918260165606148
1785,1,3.477457671680054,-1.9121908184360648
1785,2,3.5168600471645948,-1.7814023071178238
1785,3,3.4957397643392016,-1.7803336956660853
1785,4,3.4766127504805704,-1.8319613127966883
1785,5,3.3784860606873446,-1.6589934595531226
1785,6,3.4827743408278193,-1.851277752412466
1785,7,3.3849473914878327,-1.8284136219251677
1785,8,3.5503330618691846,-1.7990914851266817
1785,9,3.4099790878066427,-1.8244994200981608
1785,10,3.4589374604595045,-1.7195659132396726
1785,11,3.4918010456727657,-1.802870154097888
1785,12,3.5604583578399454,-1.8380599701350204
1785,13,3.4368373805211188,-1.83185256768468
1785,14,3.5521059340048344,-1.7821851327070122
1785,15,3.4869868050089017,-1.74875665632006
1785,16,3.516242134349405,-1.819914507956296
1785,17,3.485959341698064,-1.815018077638853
1785,18,3.361846426471416,-1.7621715535397071
1785,19,3.4152243770656687,-1.763568652631324
1786,0,3.4440884580658033,-1.7924550446644174
1786,1,3.478357733584827,-1.9127029088803071
1786,2,3.5177319248877983,-1.7820483786795678
1786,3,3.4966329288222244,-1.7809788056851246
1786,4,3.4775205860648017,-1.8325532418779522
1786,5,3.3784860606873446,-1.6589934595531226
1786,6,3.483674681413459,-1.8518504815822525
1786,7,3.385946698317595,-1.8290014472019822
1786,8,3.551170631513435,-1.7997220645203083
1786,9,3.4109542108350666,-1.825092610279939
1786,10,3.4589374604595045,-1.7195659132396726
1786,11,3.492696272369234,-1.8034923571764832
1786,12,3.5612826634644,-1.8386523206897163
1786,13,3.4378017152578857,-1.8324131200654692
1786,14,3.5529862823960894,-1.782772809549871
1786,15,3.4879251862232947,-1.7493847315582498
1786,16,3.5171113011926605,-1.8205221815026857
1786,17,3.4868590861565956,-1.8156280487661776
1786,18,3.3628750236454747,-1.76282247597123
1786,19,3.416216548494427,-1.7641969371414443
1787,0,3.445032158640952,-1.793083446087409
1787,1,3.4792568987848025,-1.9132144891441323
1787,2,3.5186029339609965,-1.7826938065615265
1787,3,3.4975252034655004,-1.781623272995517
1787,4,3.478427517201196,-1.8331445812390215
1787,5,3.3784860606873446,-1.6589934595531226
1787,6,3.4845741250604862,-1.8524226401869492
1787,7,3.386945009546387,-1.829588686833429
1787,8,3.5520073667531404,-1.8003520157174433
1787,9,3.411928362416074,-1.825685209507496
1787,10,3.4589374604595045,-1.7195659132396726
1787,11,3.493590607181338,-1.8041139403749973
1787,12,3.5621052889417935,-1.8392452746680004
1787,13,3.438763906689076,-1.832975150021345
1787,14,3.5538641645230347,-1.7833622907889752
1787,15,3.4888610336351404,-1.7500145751062495
1787,16,3.5179796020846177,-1.821129249623661
1787,17,3.487757934197583,-1.8162374121778173
1787,18,3.3639025961158495,-1.763472749944221
1787,19,3.417206364593239,-1.7648267549199255
1788,0,3.4459749190440956,-1.79371122145862
1788,1,3.4801551681800458,-1.9137255597396325
1788,2,3.5194730752560703,-1.783338591409774
1788,3,3.498416589162197,-1.7822670982423752
1788,4,3.479333544797592,-1.8337353314718274
1788,5,3.3784860606873446,-1.6589934595531226
1788,6,3.4854726726692444,-1.8529942287992875
1788,7,3.38794232617352,-1.8301753414073356
1788,8,3.5528432684258737,-1.8009813393486687
1788,9,3.4129015435247916,-1.8262772183740246
1788,10,3.4589374604595045,-1.7195659132396726
1788,11,3.4944840510043074,-1.8047349043156355
1788,12,3.5629270948301803,-1.8398376378810148
1788,13,3.439723975323331,-1.8335386144319594
1788,14,3.5547396053569638,-1.7839535266028974
1788,15,3.4897943747008977,-1.7506461345676319
1788,16,3.518847037894447,-1.8217357129268978
1788,17,3.488655886720774,-1.8168461684837454
1788,18,3.3649291449111414,-1.7641223761096048
1788,19,3.4181938505473375,-1.7654580578674701
1789,0,3.4469167402189393,-1.7943383714064542
1789,1,3.481052542669725,-1.91423612117839
1789,2,3.520342349644032,-1.7839827338697403
1789,3,3.499307086804592,-1.7829102820701686
1789,4,3.480238669760924,-1.8343254931677118
1789,5,3.3784860606873446,-1.6589934595531226
1789,6,3.4863703251391804,-1.8535652479914282
1789,7,3.3889386491973084,-1.8307614115109438
1789,8,3.5536783373683734,-1.8016100360439378
1789,9,3.4138737551353744,-1.826868637472126
1789,10,3.4589374604595045,-1.7195659132396726
1789,11,3.495376604732481,-1.8053552496199836
1789,12,3.563748081952189,-1.8404294109217156
1789,13,3.4406819414392364,-1.834103471138872
1789,14,3.555612629646614,-1.7845464682705574
1789,15,3.490725236575364,-1.7512793587610165
1789,16,3.5197136094904526,-1.8223415720194664
1789,17,3.48955294462502,-1.8174543182933274
1789,18,3.3659546710589265,-1.7647713551176576
1789,19,3.4191790312192984,-1.7660907990171721
1790,0,3.4478576231082467,-1.7949648965586893
1790,1,3.4819490231521137,-1.9147461739714773
1790,2,3.521210757995026,-1.784626234586213
1790,3,3.5001966972840743,-1.7835528251227248
1790,4,3.481142892997223,-1.8349150669174268
1790,5,3.3784860606873446,-1.6589934595531226
1790,6,3.4872670833688457,-1.854135698334962
1790,7,3.3899339796150727,-1.8313468977309104
1790,8,3.554512574416544,-1.8022381064325765
1790,9,3.414844998221007,-1.8274594673938114
1790,10,3.4589374604595045,-1.7195659132396726
1790,11,3.4962682692593052,-1.8059749769090077
1790,12,3.564568251129628,-1.8410205943824682
1790,13,3.441637825083748,-1.8346696789228056
1790,14,3.5564832619135376,-1.785141068145447
1790,15,3.4916536461085266,-1.7519141976900934
1790,16,3.520579317740073,-1.8229468275078322
1790,17,3.490449108808277,-1.818061862215322
1790,18,3.3659546710589265,-1.7647713551176576
1790,19,3.420161931148376,-1.7667249325061767
1791,0,3.4487975686538426,-1.7955907975424776
1791,1,3.482844610524589,-1.9152557186294576
1791,2,3.5220783011783294,-1.7852690942033367
1791,3,3.5010854214911453,-1.7841947280432304
1791,4,3.4820462154116174,-1.8355040533111362
1791,5,3.3784860606873446,-1.6589934595531226
1791,6,3.488162948255896,-1.85470558040091
1791,7,3.3909283184231396,-1.8319318006533074
1791,8,3.5553450434659495,-1.8028667937070897
1791,9,3.4158152737539056,-1.828049708730502
1791,10,3.4589374604595045,-1.7195659132396726
1791,11,3.497159045477338,-1.8065940868030554
1791,12,3.5653876031834884,-1.841611188855048
1791,13,3.4425916460709036,-1.8352371974814699
1791,14,3.557351526447923,-1.7857372796304756
1791,15,3.492579629842875,-1.752550602514418
1791,16,3.5214441635098837,-1.8235514799978565
1791,17,3.4913443801676056,-1.818668800857881
1791,18,3.3659546710589265,-1.7647713551176576
1791,19,3.4211425745501822,-1.7673604135480916
1792,0,3.4497365777966134,-1.7962160749843468
1792,1,3.483739305683635,-1.9157647556623858
1792,2,3.5229449800623547,-1.7859113133646147
1792,3,3.501973260315419,-1.7848359914742307
1792,4,3.482948637908334,-1.8360924529384162
1792,5,3.3784860606873446,-1.6589934595531226
1792,6,3.4890570552937867,-1.8552762529115927
1792,7,3.391921666616843,-1.8325161208636236
1792,8,3.5561766831161723,-1.803494854612716
1792,9,3.416784582705316,-1.8286393620730301
1792,10,3.4589374604595045,-1.7195659132396726
1792,11,3.498048934278246,-1.8072125799218566
1792,12,3.566206138933942,-1.8422011949306403
1792,13,3.4435434239808123,-1.8358059874079324
1792,14,3.5582174473048434,-1.7863350571534244
1792,15,3.4935032140111453,-1.75318852552096
1792,16,3.5223081476655955,-1.8241555300947971
1792,17,3.492238759599174,-1.819275134828551
1792,18,3.3659546710589265,-1.7647713551176576
1792,19,3.4221209853166847,-1.7679971984061276
1793,0,3.4506746514765076,-1.7968407295102
1793,1,3.4846331095248426,-1.9162732855798084
1793,2,3.523810795514648,-1.7865528927129088
1793,3,3.5028602146456222,-1.785476616057631
1793,4,3.4838501613906985,-1.8366802663882553
1793,5,3.3784860606873446,-1.6589934595531226
1793,6,3.4899502715261503,-1.855846356856986
1793,7,3.392914025190526,-1.8330998589467637
1793,8,3.5570074941996843,-1.8041222897781455
1793,9,3.4177519692878717,-1.829229997920599
1793,10,3.4589374604595045,-1.7195659132396726
1793,11,3.49893793655281,-1.8078304568845232
1793,12,3.5670238592003436,-1.842790613199842
1793,13,3.444493178158897,-1.836376010169532
1793,14,3.5590810483009028,-1.7869343561429931
1793,15,3.4944244245344773,-1.753827920096387
1793,16,3.5231712710720577,-1.824758978403309
1793,17,3.4931322479982567,-1.8198808647342726
1793,18,3.3659546710589265,-1.7647713551176576
1793,19,3.4230971870165003,-1.7686352443669489
1794,0,3.4516117906325388,-1.797464761745317
1794,1,3.48552602294291,-1.9167813088907641
1794,2,3.5246757484018914,-1.7871938328904406
1794,3,3.5037462853695978,-1.786116602434697
1794,4,3.4847507867611367,-1.8372674942490554
1794,5,3.3784860606873446,-1.6589934595531226
1794,6,3.490842597847097,-1.8564158928077645
1794,7,3.3939053951375397,-1.8336830154870505
1794,8,3.5578374775481287,-1.8047490998314408
1794,9,3.4187183920457667,-1.8298200453070441
1794,10,3.4589374604595045,-1.7195659132396726
1794,11,3.499826053190922,-1.8084477183095506
1794,12,3.5678407648012325,-1.8433794442526614
1794,13,3.4454409277153797,-1.8369472280873118
1794,14,3.55994235301127,-1.7875351330054285
1794,15,3.4953432870209507,-1.754468740700062
1794,16,3.524033534593258,-1.8253618255274442
1794,17,3.4940248462592365,-1.820485991181382
1794,18,3.3659546710589265,-1.7647713551176576
1794,19,3.42407120289547,-1.769274509715216
1795,0,3.4525479962027834,-1.7980881723143547
1795,1,3.4864180468316444,-1.9172888261037853
1795,2,3.525539839589903,-1.787834134538792
1795,3,3.504631473374303,-1.7867559512460558
1795,4,3.4856505149211756,-1.8378541371086323
1795,5,3.3784860606873446,-1.6589934595531226
1795,6,3.4917340351498463,-1.8569848613340343
1795,7,3.394895777450247,-1.834265591068224
1795,8,3.558666633992319,-1.8053752854000398
1795,9,3.4187183920457667,-1.8298200453070441
1795,10,3.4589374604595045,-1.7195659132396726
1795,11,3.500713285081587,-1.8090643648148184
1795,12,3.5686568565543317,-1.843967688678519
1795,13,3.4463866915249914,-1.837519604315968
1795,14,3.560801384767067,-1.7881373451017195
1795,15,3.4962598267644838,-1.75511094283774
1795,16,3.5248949390923223,-1.8259640720706534
1795,17,3.4949165552756045,-1.8210905147756116
1795,18,3.3659546710589265,-1.7647713551176576
1795,19,3.4250430558774876,-1.7699149537088008
1796,0,3.453483269124385,-1.7987109618413477
1796,1,3.487309182083963,-1.9177958377268967
1796,2,3.52640306994364,-1.7884737982989054
1796,3,3.5055157795458123,-1.7873946631316961
1796,4,3.486549346771444,-1.838440195554216
1796,5,3.3784860606873446,-1.6589934595531226
1796,6,3.4926245843267276,-1.8575532630053333
1796,7,3.3958851731200212,-1.834847586273443
1796,8,3.5594949643622424,-1.8060008471107547
1796,9,3.4187183920457667,-1.8298200453070441
1796,10,3.4589374604595045,-1.7195659132396726
1796,11,3.5015996331129253,-1.80968039701759
1796,12,3.5694721352765497,-1.844555347066248
1796,13,3.447330488226897,-1.8380931028242935
1796,14,3.5616581666531038,-1.7887409507253471
1796,15,3.4971740687440724,-1.7557544830359444
1796,16,3.525755485431518,-1.826565718635786
1796,17,3.4958073759399633,-1.82169443612209
1796,18,3.3659546710589265,-1.7647713551176576
1796,19,3.426012768565575,-1.770556536554656
1797,0,3.4544176103335515,-1.799333130949709
1797,1,3.4881994295918926,-1.9183023442676177
1797,2,3.527265440327196,-1.789112824811085
1797,3,3.506399204769316,-1.7880327387309694
1797,4,3.4874472832116736,-1.8390256701724514
1797,5,3.3784860606873446,-1.6589934595531226
1797,6,3.4935142462691817,-1.8581210983906322
1797,7,3.3968735831372485,-1.8354290016852852
1797,8,3.560322469487058,-1.8066257855897736
1797,9,3.4187183920457667,-1.8298200453070441
1797,10,3.4599257358480426,-1.7201913243588394
1797,11,3.5024850981721722,-1.8102958155345146
1797,12,3.5702866017839816,-1.8451424200040947
1797,13,3.4482723362248175,-1.8386676883761097
1797,14,3.562512721505928,-1.7893459090805754
1797,15,3.498086037623343,-1.7563993188170048
1797,16,3.5266151744722523,-1.8271667658250907
1797,17,3.4966973091440243,-1.8222977558253428
1797,18,3.3659546710589265,-1.7647713551176576
1797,19,3.4269803632431772,-1.7711992193853234
1798,0,3.455350022125942,-1.7999561773620167
1798,1,3.489088048553205,-1.9188096476330896
1798,2,3.528126951603805,-1.789751214714997
1798,3,3.507281749929125,-1.7886701786825896
1798,4,3.4883434277704524,-1.839611935534749
1798,5,3.3784860606873446,-1.6589934595531226
1798,6,3.494403021867761,-1.8586883680583348
1798,7,3.3978610084913283,-1.8360098378857481
1798,8,3.561149150195099,-1.8072501014626603
1798,9,3.4187183920457667,-1.8298200453070441
1798,10,3.460911041529435,-1.7208192602711432
1798,11,3.5033687320957356,-1.810911984232149
1798,12,3.571100256891909,-1.84572890807972
1798,13,3.449212253687338,-1.8392433265116719
1798,14,3.5633650719121857,-1.7899521802612715
1798,15,3.4989957577504045,-1.7570454086747427
1798,16,3.527474007075075,-1.8277672142402166
1798,17,3.497586355778612,-1.822900474489294
1798,18,3.3659546710589265,-1.7647713551176576
1798,19,3.427945861875669,-1.77184296423606
1799,0,3.4562815049407756,-1.8005786030227011
1799,1,3.489975782177671,-1.9193164455689211
1799,2,3.5289876046358404,-1.7903889686496701
1799,3,3.5081624239802407,-1.7893083547158173
1799,4,3.4892386794909416,-1.8401976167946736
1799,5,3.3784860606873446,-1.6589934595531226
1799,6,3.4952909120121314,-1.8592550725762786
1799,7,3.3988474501706745,-1.8365900954562493
1799,8,3.561975007313874,-1.8078737953543558
1799,9,3.4187183920457667,-1.8298200453070441
1799,10,3.4618934103137313,-1.7214496488929785
1799,11,3.504251485646393,-1.8115275390350332
1799,12,3.5719131014148013,-1.8463148118801989
1799,13,3.4501502585483927,-1.8398199835295352
1799,14,3.5642152402072655,-1.7905597252302414
1799,15,3.499903253157982,-1.7576927120507835
1799,16,3.5283319840996783,-1.8283670644822128
1799,17,3.4984745167336633,-1.8235025927172654
1799,18,3.3659546710589265,-1.7647713551176576
1799,19,3.428909286112049,-1.7724877340225687
1800,0,3.4572120597104674,-1.8012004085548106
1800,1,3.490862631353912,-1.9198227385824176
1800,2,3.529847400284817,-1.7910260872534967
1800,3,3.509042220603114,-1.7899458949250708
1800,4,3.490133039269289,-1.8407827145384927
1800,5,3.3784860606873446,-1.6589934595531226
1800,6,3.496177917591071,-1.8598212125117353
1800,7,3.399832909162716,-1.8371697749776272
1800,8,3.5628000416700663,-1.8084968678891782
1800,9,3.4187183920457667,-1.8298200453070441
1800,10,3.4628728747489896,-1.7220824198786673
1800,11,3.5051333597077816,-1.812142480559338
1800,12,3.572725136166317,-1.8469001319920217
1800,13,3.4510863685079127,-1.840397626468873
1800,14,3.5650632484742135,-1.791168505799071
1800,15,3.500808547563806,-1.7583411893114824
1800,16,3.5291891064048984,-1.82896631715153
1800,17,3.4993617928982275,-1.824104111111978
1800,18,3.3659546710589265,-1.7647713551176576
1800,19,3.4298706572868207,-1.7731334925193154
1801,0,3.4581416873665036,-1.8018215945807732
1801,1,3.491748596969665,-1.9203285271803787
1801,2,3.530706339411391,-1.791662571164233
1801,3,3.5099211406784225,-1.7905827999485286
1801,4,3.491026508000749,-1.8413672293518897
1801,5,3.3784860606873446,-1.6589934595531226
1801,6,3.496177917591071,-1.8598212125117353
1801,7,3.400816438735544,-1.837750485149273
1801,8,3.5636242540895364,-1.8091193196908235
1801,9,3.4187183920457667,-1.8298200453070441
1801,10,3.463849467110097,-1.7227175045761955
1801,11,3.5060143551626584,-1.8127568094206206
1801,12,3.5735363619593037,-1.8474848690010945
1801,13,3.452020601032624,-1.8409762230922315
1801,14,3.5650632484742135,-1.791168505799071
1801,15,3.500808547563806,-1.7583411893114824
1801,16,3.530045374848715,-1.829564972848021
1801,17,3.500248185160469,-1.8247050302755523
1801,18,3.3659546710589265,-1.7647713551176576
1801,19,3.43082999642203,-1.7737802043384174
1802,0,3.4590703888394425,-1.8024421617223967
1802,1,3.492633679911783,-1.9208338118690993
1802,2,3.531563450083163,-1.7922997317132954
1802,3,3.5107991850859657,-1.7912190704237332
1802,4,3.4919190865796863,-1.8419511618199647
1802,5,3.3784860606873446,-1.6589934595531226
1802,6,3.496177917591071,-1.8598212125117353
1802,7,3.401798988397931,-1.8383306167476088
1802,8,3.5644476453973217,-1.809741151382367
1802,9,3.4187183920457667,-1.8298200453070441
1802,10,3.464823219388568,-1.7233548359840911
1802,11,3.5068944728929003,-1.8133705262338247
1802,12,3.574346779605799,-1.8480690234927397
1802,13,3.4529529733569913,-1.8415557418687136
1802,14,3.5650632484742135,-1.791168505799071
1802,15,3.500808547563806,-1.7583411893114824
1802,16,3.53089989634886,-1.830164308758612
1802,17,3.5011327748626693,-1.825306704962677
1802,18,3.3659546710589265,-1.7647713551176576
1802,19,3.431788379780235,-1.7744262718470118
1803,0,3.4599981650589156,-1.8030621106008693
1803,1,3.493517881066234,-1.9213385931543698
1803,2,3.5324197068068655,-1.79293625745283
1803,3,3.511676354704667,-1.7918547069875919
1803,4,3.4928107758995717,-1.8425345125272343
1803,5,3.3784860606873446,-1.6589934595531226
1803,6,3.496177917591071,-1.8598212125117353
1803,7,3.4027805591334097,-1.8389101703533468
1803,8,3.565270216417638,-1.8103623635862625
1803,9,3.4187183920457667,-1.8298200453070441
1803,10,3.4657941632832614,-1.7239943487094191
1803,11,3.5077737137795064,-1.8139836316132814
1803,12,3.5751563899170318,-1.8486525960516964
1803,13,3.4538835024842904,-1.8421361519575792
1803,14,3.5650632484742135,-1.791168505799071
1803,15,3.500808547563806,-1.7583411893114824
1803,16,3.531753566481004,-1.830763047545063
1803,17,3.5020164832350775,-1.82590778019242
1803,18,3.3659546710589265,-1.7647713551176576
1803,19,3.432745808320778,-1.7750716956918127
1804,0,3.460925016953627,-1.8036814418367606
1804,1,3.4944012013181047,-1.921842871541477
1804,2,3.5332751104396127,-1.7935721490199998
1804,3,3.5125526504125744,-1.7924897102763775
1804,4,3.4937015768529873,-1.8431172820576336
1804,5,3.3784860606873446,-1.6589934595531226
1804,6,3.496177917591071,-1.8598212125117353
1804,7,3.403761151924534,-1.839489146546621
1804,8,3.5660919679738794,-1.810982956924344
1804,9,3.4187183920457667,-1.8298200453070441
1804,10,3.466762330191963,-1.7246359789268695
1804,11,3.5086520787025974,-1.81459612617271
1804,12,3.575964361480258,-1.8492367401001388
1804,13,3.454813104547927,-1.8427159837979115
1804,14,3.5650632484742135,-1.791168505799071
1804,15,3.500808547563806,-1.7583411893114824
1804,16,3.5326063860996726,-1.8313611898067121
1804,17,3.5028993111622873,-1.8265082565664583
1804,18,3.3659546710589265,-1.7647713551176576
1804,19,3.433702283002046,-1.77571647651889
1805,0,3.461850945451357,-1.8043001560500216
1805,1,3.4952836415515995,-1.9223466475352038
1805,2,3.5341296618376643,-1.794207407051333
1805,3,3.5134280730868603,-1.793124080925729
1805,4,3.4945914903316257,-1.8436994709945151
1805,5,3.3784860606873446,-1.6589934595531226
1805,6,3.496177917591071,-1.8598212125117353
1805,7,3.404740767752878,-1.8400675459069868
1805,8,3.56691290088862,-1.8116029320178264
1805,9,3.4187183920457667,-1.8298200453070441
1805,10,3.4677277512037894,-1.72527966433891
1805,11,3.5095295685414176,-1.8152080105252177
1805,12,3.5767715280574697,-1.8498203021630129
1805,13,3.455741780478433,-1.8432952379701228
1805,14,3.5650632484742135,-1.791168505799071
1805,15,3.500808547563806,-1.7583411893114824
1805,16,3.5334583560585386,-1.8319587361423006
1805,17,3.50378125952801,-1.8271081346858695
1805,18,3.3659546710589265,-1.7647713551176576
1805,19,3.4346578047814713,-1.77636061497367
1806,0,3.4627759514789602,-1.804918253859986
1806,1,3.496165202650042,-1.9228499216398305
1806,2,3.534983361856427,-1.7948420321827234
1806,3,3.5143026236038235,-1.7937578195706518
1806,4,3.4954805172262913,-1.8442810799206506
1806,5,3.3795586076344954,-1.6596733961854189
1806,6,3.496177917591071,-1.8598212125117353
1806,7,3.405719407599038,-1.8406453690134228
1806,8,3.5677330159836145,-1.812222289487305
1806,9,3.4187183920457667,-1.8298200453070441
1806,10,3.4686904570923636,-1.7259253441369795
1806,11,3.5104061841743355,-1.815819285283302
1806,12,3.577577890456641,-1.8504032828244645
1806,13,3.4566695312054145,-1.8438739150540473
1806,14,3.5650632484742135,-1.791168505799071
1806,15,3.500808547563806,-1.7583411893114824
1806,16,3.5343094772104253,-1.8325556871499729
1806,17,3.5046623292150763,-1.827707415151132
1806,18,3.3659546710589265,-1.7647713551176576
1806,19,3.435612374615532,-1.7770041117009356
1807,0,3.4637000359623693,-1.8055357358853703
1807,1,3.496165202650042,-1.9228499216398305
1807,2,3.5358362113504556,-1.7954760250494315
1807,3,3.5151763028388903,-1.7943909268455194
1807,4,3.496368658426901,-1.8448621094182311
1807,5,3.3806278469988382,-1.6603561954407937
1807,6,3.496177917591071,-1.8598212125117353
1807,7,3.406697072442634,-1.8412226164443304
1807,8,3.568552314079799,-1.8128410299527573
1807,9,3.4187183920457667,-1.8298200453070441
1807,10,3.469650478309716,-1.7265729589636987
1807,11,3.5112819264788437,-1.8164299510588489
1807,12,3.578383449484942,-1.8509856826680582
1807,13,3.4575963576575504,-1.844452015628941
1807,14,3.5650632484742135,-1.791168505799071
1807,15,3.500808547563806,-1.7583411893114824
1807,16,3.5351597504073053,-1.8331520434272774
1807,17,3.5055425211054385,-1.8283060985621264
1807,18,3.3659546710589265,-1.7647713551176576
1807,19,3.436565993459753,-1.777646967344828
1808,0,3.4646231998265935,-1.8061526027442745
1808,1,3.496165202650042,-1.9228499216398305
1808,2,3.536688211173453,-1.7961093862860846
1808,3,3.5160491116666144,-1.7950234033840724
1808,4,3.4972559148224844,-1.845442560068868
1808,5,3.3816938190896235,-1.6610417701669145
1808,6,3.496177917591071,-1.8598212125117353
1808,7,3.407673763262309,-1.8417992887775347
1808,8,3.5693707959972913,-1.8134591540335432
1808,9,3.4187183920457667,-1.8298200453070441
1808,10,3.4706078449808735,-1.7272224508760698
1808,11,3.5121567963315616,-1.8170400084631357
1808,12,3.5791882059487374,-1.8515675022767764
1808,13,3.458522260762595,-1.8450295402734833
1808,14,3.5650632484742135,-1.791168505799071
1808,15,3.500808547563806,-1.7583411893114824
1808,16,3.536009176500303,-1.8337478055711676
1808,17,3.5064218360801696,-1.8289041855181352
1808,18,3.367031718165777,-1.7653280543956644
1808,19,3.437518662268708,-1.7782891825488465
1809,0,3.4655454439957207,-1.806768855054183
1809,1,3.496165202650042,-1.9228499216398305
1809,2,3.5375393621782716,-1.796742116526678
1809,3,3.5160491116666144,-1.7950234033840724
1809,4,3.498142287301187,-1.8460224324535928
1809,5,3.382756563837084,-1.6617300354688898
1809,6,3.496177917591071,-1.8598212125117353
1809,7,3.4086494810357313,-1.8423753865902857
1809,8,3.570187556177699,-1.814077860690096
1809,9,3.4187183920457667,-1.8298200453070441
1809,10,3.4715625868990942,-1.7278737633096457
1809,11,3.5130307946082344,-1.8176494581068305
1809,12,3.57999216065359,-1.8521487422330214
1809,13,3.4594472414473785,-1.845606489565777
1809,14,3.5650632484742135,-1.791168505799071
1809,15,3.500808547563806,-1.7583411893114824
1809,16,3.536857756339695,-1.8343429741780017
1809,17,3.5073002750194644,-1.8295016766178438
1809,18,3.3681057720830325,-1.7658879284549889
1809,19,3.43847038199602,-1.7789307579558487
1810,0,3.4664667693929183,-1.807384493431965
1810,1,3.496165202650042,-1.9228499216398305
1810,2,3.5383896652169153,-1.7973742164045752
1810,3,3.5160491116666144,-1.7950234033840724
1810,4,3.4990277767502675,-1.8466017271528583
1810,5,3.383816120778465,-1.6624209086473816
1810,6,3.496177917591071,-1.8598212125117353
1810,7,3.4096242267395955,-1.8429509104592574
1810,8,3.5710035026163154,-1.8146959509264624
1810,9,3.4187183920457667,-1.8298200453070441
1810,10,3.47251473352171,-1.7285268410436394
1810,11,3.513903922183735,-1.818258300599993
1810,12,3.5807953144042584,-1.8527294031186148
1810,13,3.4603713006378074,-1.846182864083349
1810,14,3.5650632484742135,-1.791168505799071
1810,15,3.500808547563806,-1.7583411893114824
1810,16,3.53770549077491,-1.834937549843544
1810,17,3.5081778388026414,-1.8300985724593417
1810,18,3.36917686282541,-1.7664508899642248
1810,19,3.4394211535943606,-1.7795716942080524
1811,0,3.467387176940434,-1.807999518493875
1811,1,3.496165202650042,-1.9228499216398305
1811,2,3.539239121140538,-1.798005686552509
1811,3,3.5160491116666144,-1.7950234033840724
1811,4,3.4999123840561026,-1.847180444746539
1811,5,3.3848725290454524,-1.6631143091384473
1811,6,3.496177917591071,-1.8598212125117353
1811,7,3.4105980013496233,-1.84352586096055
1811,8,3.5718186361299042,-1.8153134253613514
1811,9,3.4187183920457667,-1.8298200453070441
1811,10,3.4734643139665398,-1.729181630166956
1811,11,3.5147761799320656,-1.818866536552075
1811,12,3.581597668004701,-1.853309485514799
1811,13,3.4612944392588654,-1.8467586644031506
1811,14,3.5650632484742135,-1.791168505799071
1811,15,3.500808547563806,-1.7583411893114824
1811,16,3.538552380654531,-1.8355315331629656
1811,17,3.509054528308143,-1.830694873640122
1811,18,3.370245020316818,-1.767016853718641
1811,19,3.4403709780154537,-1.7802119919470354
1812,0,3.468306667559596,-1.808613930855554
1812,1,3.496165202650042,-1.9228499216398305
1812,2,3.540087730799445,-1.7986365276025813
1812,3,3.5160491116666144,-1.7950234033840724
1812,4,3.5007961101041847,-1.8477585858139318
1812,5,3.3859258273529016,-1.6638101584550715
1812,6,3.496177917591071,-1.8598212125117353
1812,7,3.411570805840564,-1.8441002386696894
1812,8,3.572632957534415,-1.8159302846128553
1812,9,3.4187183920457667,-1.8298200453070441
1812,10,3.4744113570088437,-1.7298380780451186
1812,11,3.5156475687263566,-1.8194741665719214
1812,12,3.582399222258074,-1.8538889900022366
1812,13,3.4622166582346154,-1.8473338911015584
1812,14,3.5650632484742135,-1.791168505799071
1812,15,3.500808547563806,-1.7583411893114824
1812,16,3.5393984268262964,-1.8361249247308442
1812,17,3.5099303444135357,-1.831290580757083
1812,18,3.371310274369535,-1.7675857365861363
1812,19,3.441319856210074,-1.7808516518137365
1813,0,3.4692252421708165,-1.809227731132029
1813,1,3.496165202650042,-1.9228499216398305
1813,2,3.5409354950430965,-1.799266740186265
1813,3,3.5160491116666144,-1.7950234033840724
1813,4,3.5016789557791244,-1.8483361509337566
1813,5,3.386976053988798,-1.664508380130341
1813,6,3.496177917591071,-1.8598212125117353
1813,7,3.412542641186195,-1.8446740441616283
1813,8,3.5734464676449837,-1.8165465292984508
1813,9,3.4187183920457667,-1.8298200453070441
1813,10,3.47535589107878,-1.730496133288069
1813,11,3.5165180894388692,-1.8200811912677703
1813,12,3.5831999779667343,-1.8544679171610126
1813,13,3.4631379584882,-1.847908544754375
1813,14,3.5650632484742135,-1.791168505799071
1813,15,3.500808547563806,-1.7583411893114824
1813,16,3.5402436301370988,-1.8367177251411655
1813,17,3.5108052879955123,-1.8318856944065278
1813,18,3.3723726546648662,-1.768157457454544
1813,19,3.4422677891280498,-1.7814906744484558
1814,0,3.4701429016935887,-1.809840919937715
1814,1,3.496165202650042,-1.9228499216398305
1814,2,3.5417824147201045,-1.7998963249344033
1814,3,3.5160491116666144,-1.7950234033840724
1814,4,3.502560921964651,-1.8489131406841566
1814,5,3.3880232468053677,-1.6652088996622227
1814,6,3.496177917591071,-1.8598212125117353
1814,7,3.4135135083593253,-1.8452472780107465
1814,8,3.5742591672759354,-1.8171621600349996
1814,9,3.4187183920457667,-1.8298200453070441
1814,10,3.476297944259337,-1.7311557457188198
1814,11,3.5173877429409957,-1.8206876112472543
1814,12,3.583999935932239,-1.8550462675706334
1814,13,3.464058340941841,-1.8484826259368292
1814,14,3.5650632484742135,-1.791168505799071
1814,15,3.500808547563806,-1.7583411893114824
1814,16,3.5410879914329874,-1.8373099349873232
1814,17,3.5116793599298926,-1.832480215184166
1814,18,3.3734321907352056,-1.7687319371802632
1814,19,3.4432147777182625,-1.7821290604908555
1815,0,3.471059647046491,-1.8104534978864144
1815,1,3.496165202650042,-1.9228499216398305
1815,2,3.542628490678237,-1.8005252824772113
1815,3,3.5160491116666144,-1.7950234033840724
1815,4,3.5034411406659123,-1.849490881598567
1815,5,3.389067443211269,-1.665911644459902
1815,6,3.496177917591071,-1.8598212125117353
1815,7,3.414483408331794,-1.8458199407908518
1815,8,3.575071057240783,-1.8177771774387486
1815,9,3.4187183920457667,-1.8298200453070441
1815,10,3.477237544284713,-1.731816866342935
1815,11,3.5182556114038803,-1.8212947424793335
1815,12,3.584799096955347,-1.8556240418100283
1815,13,3.4649778065168424,-1.8490561352235768
1815,14,3.5650632484742135,-1.791168505799071
1815,15,3.500808547563806,-1.7583411893114824
1815,16,3.5419315115591687,-1.8379015548621198
1815,17,3.5125525610916233,-1.8330741436851132
1815,18,3.3744889119474197,-1.7693090985381854
1815,19,3.4441597809329583,-1.7827683535695475
1816,0,3.471974513934316,-1.8110669076076211
1816,1,3.496165202650042,-1.9228499216398305
1816,2,3.5434737237644165,-1.801153613444276
1816,3,3.5160491116666144,-1.7950234033840724
1816,4,3.5043204823933953,-1.8500680469019026
1816,5,3.390108680164794,-1.6666165437916414
1816,6,3.496177917591071,-1.8598212125117353
1816,7,3.415452342074471,-1.8463920330751802
1816,8,3.5758821383522292,-1.8183915821253307
1816,9,3.4187183920457667,-1.8298200453070441
1816,10,3.478174718539112,-1.7324794473188199
1816,11,3.519122615197917,-1.8219012688185223
1816,12,3.5855974618360196,-1.8562012404575499
1816,13,3.4658954674395464,-1.8496304955122895
1816,14,3.5650632484742135,-1.791168505799071
1816,15,3.500808547563806,-1.7583411893114824
1816,16,3.5427741913600075,-1.8384925853577676
1816,17,3.5134248923547795,-1.8336674805038928
1816,18,3.3755428474874867,-1.7698888661728929
1816,19,3.4451038426193876,-1.7834070097059576
1817,0,3.4728884693234567,-1.8116797061774559
1817,1,3.496165202650042,-1.9228499216398305
1817,2,3.5443181148247227,-1.8017813184645572
1817,3,3.5160491116666144,-1.7950234033840724
1817,4,3.5051989480273216,-1.8506446371719065
1817,5,3.3911469941680212,-1.667323528734116
1817,6,3.496177917591071,-1.8598212125117353
1817,7,3.416420310557261,-1.8469635554363963
1817,8,3.576692411422167,-1.8190053747097659
1817,9,3.4187183920457667,-1.8298200453070441
1817,10,3.4791094940559315,-1.7331434419287968
1817,11,3.519988755190977,-1.8225071908719541
1817,12,3.5863950313734203,-1.8567778640909747
1817,13,3.4668122140856226,-1.8502042835589299
1817,14,3.5650632484742135,-1.791168505799071
1817,15,3.500808547563806,-1.7583411893114824
1817,16,3.543616031679027,-1.8390830270658887
1817,17,3.514296354592566,-1.8342602262344354
1817,18,3.37659402634632,-1.7704711665511021
1817,19,3.4460469637225573,-1.784045029539381
1818,0,3.4738015141287844,-1.812291894209331
1818,1,3.496165202650042,-1.9228499216398305
1818,2,3.5451616647043913,-1.8024083981663885
1818,3,3.5160491116666144,-1.7950234033840724
1818,4,3.5060765384470365,-1.8512206529857462
1818,5,3.3921824212618534,-1.6680325321231895
1818,6,3.496177917591071,-1.8598212125117353
1818,7,3.4173873147491007,-1.847534508446595
1818,8,3.5775018772616805,-1.8196185558064608
1818,9,3.4187183920457667,-1.8298200453070441
1818,10,3.4800418975173186,-1.7338088045509479
1818,11,3.520854032250068,-1.8231125092461575
1818,12,3.587191806365917,-1.8573539132875034
1818,13,3.4677280473727348,-1.8507774999378603
1818,14,3.5650632484742135,-1.791168505799071
1818,15,3.500808547563806,-1.7583411893114824
1818,16,3.54445703335891,-1.8396728805775155
1818,17,3.5151669486773165,-1.8348523814700801
1818,18,3.3776424773067113,-1.7710559279153237
1818,19,3.4469891451865324,-1.7846824137084762
1819,0,3.474713649264257,-1.812903472316047
1819,1,3.496165202650042,-1.9228499216398305
1819,2,3.5460034325650756,-1.8030361179479928
1819,3,3.5160491116666144,-1.7950234033840724
1819,4,3.506953254531009,-1.851796094920014
1819,5,3.3932149970218877,-1.668743488506089
1819,6,3.496177917591071,-1.8598212125117353
1819,7,3.4183533556179624,-1.8481048926773007
1819,8,3.5783105366810455,-1.8202311260292106
1819,9,3.4187183920457667,-1.8298200453070441
1819,10,3.480971955254067,-1.7344754906317035
1819,11,3.5217184472413328,-1.823717224547057
1819,12,3.587987787611082,-1.857929388623762
1819,13,3.468642968217633,-1.8513501452228711
1819,14,3.5650632484742135,-1.791168505799071
1819,15,3.500808547563806,-1.7583411893114824
1819,16,3.5452963314773034,-1.8402633789480005
1819,17,3.5160366754804975,-1.8354439468035748
1819,18,3.3786882289313316,-1.771643080238713
1819,19,3.4479303879544374,-1.7853191628512655
1820,0,3.4756248756429233,-1.8135144411097945
1820,1,3.496165202650042,-1.9228499216398305
1820,2,3.546844361761706,-1.803663212324374
1820,3,3.5160491116666144,-1.7950234033840724
1820,4,3.5078290971568324,-1.852370963550728
1820,5,3.3942447565550604,-1.669456334094941
1820,6,3.496177917591071,-1.8598212125117353
1820,7,3.419317519030101,-1.848676255740385
1820,8,3.579118390489731,-1.8208430859911986
1820,9,3.4187183920457667,-1.8298200453070441
1820,10,3.481899693245839,-1.7351434566591573
1820,11,3.5225820010300515,-1.824321337379973
1820,12,3.588782975905694,-1.8585042906758018
1820,13,3.4695569775361546,-1.8519222199871805
1820,14,3.5650632484742135,-1.791168505799071
1820,15,3.500808547563806,-1.7583411893114824
1820,16,3.5461347933951783,-1.8408532889994689
1820,17,3.5169046464753695,-1.8360362283190417
1820,18,3.379731309551731,-1.772232555181086
1820,19,3.448870692968457,-1.7859552776051353
1821,0,3.4765351941769214,-1.8141248012021536
1821,1,3.496165202650042,-1.9228499216398305
1821,2,3.547684453136054,-1.8042896819232546
1821,3,3.5160491116666144,-1.7950234033840724
1821,4,3.508704067201226,-1.852945259453332
1821,5,3.3952717344970185,-1.6701710067216322
1821,6,3.496177917591071,-1.8598212125117353
1821,7,3.4202807218300215,-1.849247049544843
1821,8,3.5799254394963995,-1.8214544363049974
1821,9,3.4187183920457667,-1.8298200453070441
1821,10,3.4828251371216807,-1.7358126601370882
1821,11,3.523444694480643,-1.8249248483496228
1821,12,3.5895765655496135,-1.859079733895375
1821,13,3.470470076243223,-1.852493724803436
1821,14,3.5650632484742135,-1.791168505799071
1821,15,3.500808547563806,-1.7583411893114824
1821,16,3.546972419951836,-1.8414426113224214
1821,17,3.5177717527019765,-1.836627919738455
1821,18,3.38077174725828,-1.7728242860460708
1821,19,3.4498100611698383,-1.786590758606837
1822,0,3.4774446057774813,-1.8147345532040953
1822,1,3.496165202650042,-1.9228499216398305
1822,2,3.548523707529051,-1.8049155273717308
1822,3,3.5160491116666144,-1.7950234033840724
1822,4,3.509578165540036,-1.8535189832026968
1822,5,3.3962959650101667,-1.6708874457939555
1822,6,3.496177917591071,-1.8598212125117353
1822,7,3.4212429649818903,-1.8498172746620396
1822,8,3.5807316845089083,-1.822065177582569
1822,9,3.4187183920457667,-1.8298200453070441
1822,10,3.4837483121608255,-1.7364830595596714
1822,11,3.524306528456663,-1.825527758060122
1822,12,3.5903693645410453,-1.8596546038015032
1822,13,3.471382265252851,-1.8530646602437146
1822,14,3.5650632484742135,-1.791168505799071
1822,15,3.501746367722292,-1.7589396119101555
1822,16,3.547809211985742,-1.8420313465067701
1822,17,3.5186379950282927,-1.8372190216540987
1822,18,3.3818095698910033,-1.7734182077393725
1822,19,3.4507484934988892,-1.787225606492488
1823,0,3.4783531113549246,-1.815343697725982
1823,1,3.496165202650042,-1.9228499216398305
1823,2,3.5493621257807924,-1.8055407492962745
1823,3,3.5160491116666144,-1.7950234033840724
1823,4,3.510451393048236,-1.8540921353731206
1823,5,3.3973174817823484,-1.6716055922530082
1823,6,3.496177917591071,-1.8598212125117353
1823,7,3.4222042494489138,-1.850386931662771
1823,8,3.5815371263343088,-1.8226753104352662
1823,9,3.4187183920457667,-1.8298200453070441
1823,10,3.484669243293751,-1.7371546143868584
1823,11,3.5251675038208092,-1.8261300671149834
1823,12,3.5911613736735823,-1.8602289009696313
1823,13,3.472293545478141,-1.8536350268795232
1823,14,3.5650632484742135,-1.791168505799071
1823,15,3.5026814970012894,-1.7595402014619617
1823,16,3.5486451703345248,-1.8426194951418398
1823,17,3.5195033743214275,-1.8378095346576662
1823,18,3.382844805031252,-1.7740142567281223
1823,19,3.451685990894981,-1.7878598218975716
1824,0,3.4792607118186663,-1.8159522353775681
1824,1,3.496165202650042,-1.9228499216398305
1824,2,3.5501997087305353,-1.8061653483227338
1824,3,3.5160491116666144,-1.7950234033840724
1824,4,3.5113237505999266,-1.8546647165383292
1824,5,3.3983363180261117,-1.6723253885318048
1824,6,3.496177917591071,-1.8598212125117353
1824,7,3.4231645761933387,-1.8509560211172642
1824,8,3.582341765778849,-1.8232848354738325
1824,9,3.4187183920457667,-1.8298200453070441
1824,10,3.4855879551034845,-1.737827285020409
1824,11,3.5260276214349187,-1.8267317761171191
1824,12,3.5919525937400265,-1.8608026259746315
1824,13,3.473203917831285,-1.8542048252817993
1824,14,3.5659346597552557,-1.7917414043069049
1824,15,3.503613963565135,-1.7601428976756257
1824,16,3.54948029583498,-1.8432070578163675
1824,17,3.520367891447626,-1.8383994593402617
1824,18,3.3838774799941653,-1.7746123710012858
1824,19,3.4526225542965503,-1.788493405456938
1825,0,3.4801674080772154,-1.8165601667680005
1825,1,3.496165202650042,-1.9228499216398305
1825,2,3.551036457216701,-1.8067893250763327
1825,3,3.5160491116666144,-1.7950234033840724
1825,4,3.512195239068339,-1.855236727271477
1825,5,3.399352506478526,-1.6730467785150716
1825,6,3.496177917591071,-1.8598212125117353
1825,7,3.424123946176453,-1.8515245435951784
1825,8,3.5831456036479747,-1.8238937533084032
1825,9,3.4187183920457667,-1.8298200453070441
1825,10,3.486504471827128,-1.7385010327805592
1825,11,3.5268868821599697,-1.8273328856688404
1825,12,3.59274302553239,-1.8613757793908032
1825,13,3.474113383223567,-1.8547740560209116
1825,14,3.5668035884686318,-1.792316199029921
1825,15,3.5045437953464753,-1.7607476416474714
1825,16,3.5503145893230696,-1.8437940351185043
1825,17,3.5212315472722717,-1.8389887962924005
1825,18,3.384907621821883,-1.7752124900311066
1825,19,3.4535581846410977,-1.7891263578048047
1826,0,3.4810732010381757,-1.8171674925058188
1826,1,3.496165202650042,-1.9228499216398305
1826,2,3.551872372076875,-1.8074126801816726
1826,3,3.5160491116666144,-1.7950234033840724
1826,4,3.513065859325834,-1.855808168145147
1826,5,3.4003660794015076,-1.6737697075001878
1826,6,3.496177917591071,-1.8598212125117353
1826,7,3.425082360358587,-1.8520924996656052
1826,8,3.5839477628242795,-1.8245032217670092
1826,9,3.4187183920457667,-1.8298200453070441
1826,10,3.4874188173575997,-1.7391758198833036
1826,11,3.5277452868560832,-1.8279333963718585
1826,12,3.5935326698418955,-1.8619483617918735
1826,13,3.4750219425653626,-1.8553427196666608
1826,14,3.567670059150256,-1.792892839023865
1826,15,3.5054710200386325,-1.7613543758276402
1826,16,3.5511480516339216,-1.8443804276358147
1826,17,3.522094342659884,-1.8395775461040094
1826,18,3.385935257277456,-1.775814554735558
1826,19,3.4544928828651895,-1.7897586795747578
1827,0,3.4819780916082474,-1.8177742131989567
1827,1,3.496165202650042,-1.9228499216398305
1827,2,3.55270745414781,-1.8080354142627324
1827,3,3.5160491116666144,-1.7950234033840724
1827,4,3.513935612243904,-1.8563790397313524
1827,5,3.4013770685826157,-1.6744941221592429
1827,6,3.496177917591071,-1.8598212125117353
1827,7,3.4260398196991146,-1.852659889897069
1827,8,3.58474912280796,-1.825112083011098
1827,9,3.4187183920457667,-1.8298200453070441
1827,10,3.4883310152455653,-1.7398516094182808
1827,11,3.5286028363825235,-1.8285333088272853
1827,12,3.594321527458978,-1.8625203737509979
1827,13,3.4759295967661408,-1.8559108167882794
1827,14,3.568534096143207,-1.7934712744572816
1827,15,3.506395665088642,-1.7619630439871476
1827,16,3.551980683601833,-1.8449662359552785
1827,17,3.5229562784741226,-1.8401657093644272
1827,18,3.3869604128394237,-1.7764185074417786
1827,19,3.45542664990446,-1.790390371399752
1828,0,3.4828820806932264,-1.8183803294547425
1828,1,3.496165202650042,-1.9228499216398305
1828,2,3.5535417042654234,-1.8086575279428698
1828,3,3.5160491116666144,-1.7950234033840724
1828,4,3.514804498693172,-1.8569493426015362
1828,5,3.4023855053362926,-1.6752199705021749
1828,6,3.496177917591071,-1.8598212125117353
1828,7,3.4269963251564532,-1.853226714857528
1828,8,3.5855496844011787,-1.8257203376501405
1828,9,3.4187183920457667,-1.8298200453070441
1828,10,3.48924108870155,-1.7405283653272416
1828,11,3.529459531597698,-1.8291326236356336
1828,12,3.5951095991732847,-1.8630918158407608
1828,13,3.476836346734464,-1.8564783479544336
1828,14,3.5693957235919935,-1.7940514565857986
1828,15,3.5073177576909282,-1.762573591185761
1828,16,3.552812486060269,-1.8455514606632903
1828,17,3.5238173555777856,-1.8407532866624063
1828,18,3.3879831146970107,-1.7770242918504695
1828,19,3.4563594866936116,-1.7910214339121115
1829,0,3.4837851691980064,-1.818985841879899
1829,1,3.497081171009374,-1.9232851051033557
1829,2,3.5543751232648004,-1.8092790218448211
1829,3,3.5169695974520203,-1.7955821644862087
1829,4,3.5156725195433935,-1.857519077326572
1829,5,3.403391420505507,-1.6759472018409611
1829,6,3.496177917591071,-1.8598212125117353
1829,7,3.4279518776880655,-1.853792975114375
1829,8,3.586349448405298,-1.826327986293
1829,9,3.4187183920457667,-1.8298200453070441
1829,10,3.4901490605982186,-1.7412060523830868
1829,11,3.5303153733591595,-1.8297313413968181
1829,12,3.595896885773676,-1.8636626886331764
1829,13,3.476836346734464,-1.8564783479544336
1829,14,3.570254965437304,-1.794633337727017
1829,15,3.5082373247815815,-1.7631859637406775
1829,16,3.5536434598418642,-1.8461361023456606
1829,17,3.524677574832812,-1.8413402785861122
1829,18,3.389003388745913,-1.7776318530012245
1829,19,3.457291394166414,-1.7916518677435305
1830,0,3.4846873580265805,-1.8195907510805447
1830,1,3.49799506352454,-1.923722317084443
1830,2,3.555207711980194,-1.8098998965907023
1830,3,3.5178875165992487,-1.7961430988510048
1830,4,3.5165396756634593,-1.8580882444767648
1830,5,3.4043948444637753,-1.6766757667548293
1830,6,3.496177917591071,-1.8598212125117353
1830,7,3.4289064782504606,-1.8543586712344364
1830,8,3.5871484156208826,-1.8269350295479334
1830,9,3.4187183920457667,-1.8298200453070441
1830,10,3.4910549534728075,-1.7418846361694562
1830,11,3.5311703625236066,-1.8303294627101563
1830,12,3.596683388048227,-1.864232992699689
1830,13,3.476836346734464,-1.8564783479544336
1830,14,3.5711118454112145,-1.795216871235995
1830,15,3.5091543930332034,-1.7638001091959872
1830,16,3.554473605778425,-1.8467201615876163
1830,17,3.5255369371002825,-1.841926685723124
1830,18,3.3900212605846343,-1.7782411372387759
1830,19,3.4582223732557074,-1.7922816735250737
1831,0,3.48558864808204,-1.8201950576621941
1831,1,3.4989068960039806,-1.9241615091968296
1831,2,3.556039471245027,-1.8105201528020096
1831,3,3.518802894171577,-1.796706148691666
1831,4,3.517405967921393,-1.8586568446218517
1831,5,3.4053958071175305,-1.6774056170564606
1831,6,3.496177917591071,-1.8598212125117353
1831,7,3.429860127799195,-1.854923803783975
1831,8,3.5879465868476994,-1.8275414680225919
1831,9,3.4187183920457667,-1.8298200453070441
1831,10,3.4919587895296975,-1.7425640830608566
1831,11,3.532024499946884,-1.8309269881743677
1831,12,3.5974691067842266,-1.8648027286111735
1831,13,3.476836346734464,-1.8564783479544336
1831,14,3.5719663870328313,-1.7958020114813122
1831,15,3.510068988850292,-1.7644159762929006
1831,16,3.5553029247009276,-1.8473036389738013
1831,17,3.526395443240419,-1.8425125086604361
1831,18,3.3910367555113408,-1.778852092180126
1831,19,3.459152424893403,-1.7929108518871777
1832,0,3.4864890402665774,-1.820798762229759
1832,1,3.499816684213217,-1.9246026340423497
1832,2,3.556870401891891,-1.81113979109962
1832,3,3.5197157550655245,-1.7972712575078196
1832,4,3.518271397184354,-1.8592248783310017
1832,5,3.406394337908813,-1.6781367057591545
1832,6,3.496177917591071,-1.8598212125117353
1832,7,3.4308128272888725,-1.8554883733286889
1832,8,3.5887439628847186,-1.8281473023240207
1832,9,3.4187183920457667,-1.8298200453070441
1832,10,3.4928605906431187,-1.743244360203313
1832,11,3.532877786483985,-1.8315239183875762
1832,12,3.5982540427681804,-1.8653718969379358
1832,13,3.476836346734464,-1.8564783479544336
1832,14,3.572818613604351,-1.7963887138217012
1832,15,3.5109811383651315,-1.765033514940724
1832,16,3.5561314174395213,-1.847886535088277
1832,17,3.5272530941125875,-1.843097747984458
1832,18,3.392049898521204,-1.7794646666825484
1832,19,3.460081550010484,-1.7935394034596503
1833,0,3.487388535481486,-1.8214018653875481
1833,1,3.5007244438673877,-1.9250456451898628
1833,2,3.557700504752548,-1.8117588121037924
1833,3,3.520626124002585,-1.7978383700553346
1833,4,3.5191351236530046,-1.8597936249077223
1833,5,3.4073904658182563,-1.678868987044929
1833,6,3.496177917591071,-1.8598212125117353
1833,7,3.4317645776731465,-1.8560523804337128
1833,8,3.5895405445301147,-1.8287525330586605
1833,9,3.4187183920457667,-1.8298200453070441
1833,10,3.4937603783599704,-1.7439254354955276
1833,11,3.5337293343255722,-1.8321215222433676
1833,12,3.59903819678581,-1.8659404982497143
1833,13,3.476836346734464,-1.8564783479544336
1833,14,3.573668548207507,-1.7969769345832354
1833,15,3.511890867434166,-1.7656526761885647
1833,16,3.5569590848235286,-1.8484688505145228
1833,17,3.5281098905752972,-1.8436824042810143
1833,18,3.3930607143042004,-1.7800788108124304
1833,19,3.4610097495370047,-1.7941673288716724
1834,0,3.4882871346271616,-1.8220043677392683
1834,1,3.5016301906242453,-1.925490497154629
1834,2,3.5585297806579317,-1.812377216434167
1834,3,3.5215340255215972,-1.7984074323168575
1834,4,3.519997989585121,-1.8603618048383739
1834,5,3.4083842193683447,-1.6796024162335261
1834,6,3.496177917591071,-1.8598212125117353
1834,7,3.4327153799047196,-1.8566158256636183
1834,8,3.5903363325812663,-1.829357160832348
1834,9,3.4187183920457667,-1.8298200453070441
1834,10,3.494659269702473,-1.7446058322961264
1834,11,3.534580033763847,-1.8327185307020877
1834,12,3.599821569622055,-1.8665085331156794
1834,13,3.476836346734464,-1.8564783479544336
1834,14,3.57451621370039,-1.797566631037061
1834,15,3.512798201634821,-1.7662734121977495
1834,16,3.557785927681445,-1.8490505858354374
1834,17,3.528965833486202,-1.8442664781353468
1834,18,3.394069227243338,-1.780694475814939
1834,19,3.4619360186024504,-1.7947961129629395
1835,0,3.4891839063628978,-1.822607657950596
1835,1,3.502533940077576,-1.9259371453781218
1835,2,3.5593582304381486,-1.8129950047097672
1835,3,3.52243948397171,-1.7989783914730468
1835,4,3.5208599958444324,-1.8609294186917054
1835,5,3.4093756266269204,-1.6803369497523002
1835,6,3.496177917591071,-1.8598212125117353
1835,7,3.4336652349353463,-1.8571787095824146
1835,8,3.591131327834758,-1.8299611862503162
1835,9,3.4187183920457667,-1.8298200453070441
1835,10,3.495557265570418,-1.7452855512861876
1835,11,3.53542988565036,-1.8333149443613426
1835,12,3.6006041620610714,-1.8670760021044346
1835,13,3.476836346734464,-1.8564783479544336
1835,14,3.5753616327146185,-1.7981577613776587
1835,15,3.513703166262755,-1.7668956762149377
1835,16,3.5586119468409407,-1.849631741633338
1835,17,3.5298209237021023,-1.8448499701321142
1835,18,3.3950754614132874,-1.7813116140844882
1835,19,3.4628613648082194,-1.7954242705845287
1836,0,3.4900797846359755,-1.8232103470978465
1836,1,3.5034357077510365,-1.9263855462082744
1836,2,3.5601858549224774,-1.813612177549
1836,3,3.523342523505923,-1.799551195874495
1836,4,3.5217211432938083,-1.8614964670358984
1836,5,3.4103647152109184,-1.6810725451069586
1836,6,3.496177917591071,-1.8598212125117353
1836,7,3.434614143715832,-1.8577410327535493
1836,8,3.591925531086381,-1.830564609917195
1836,9,3.4187183920457667,-1.8298200453070441
1836,10,3.4964543668626993,-1.74596459314611
1836,11,3.536278890835814,-1.833910763818143
1836,12,3.6013859748862354,-1.867642905784017
1836,13,3.476836346734464,-1.8564783479544336
1836,14,3.5762048276528433,-1.7987502847016261
1836,15,3.5146057863295135,-1.767519422545914
1836,16,3.5594363044422783,-1.8502135087217544
1836,17,3.5306751620789436,-1.8454328808553924
1836,18,3.3960794405793906,-1.7819301791359845
1836,19,3.4637857890805845,-1.7960518023652265
1837,0,3.49097477034317,-1.823812435784312
1837,1,3.5043355090923813,-1.926835656880147
1837,2,3.5610117440426174,-1.8142299551967058
1837,3,3.524243168075161,-1.8001257950143192
1837,4,3.5225814327952576,-1.8620629504385693
1837,5,3.4113515122903095,-1.681809160853133
1837,6,3.496177917591071,-1.8598212125117353
1837,7,3.435562107196035,-1.8583027957399083
1837,8,3.5927189431311337,-1.8311674324370124
1837,9,3.4187183920457667,-1.8298200453070441
1837,10,3.4973494819408963,-1.746644399525968
1837,11,3.5371270501700636,-1.8345059896689049
1837,12,3.602166226349306,-1.8682103223387403
1837,13,3.476836346734464,-1.8564783479544336
1837,14,3.5770458206865654,-1.7993441609869674
1837,15,3.51550608656056,-1.768144606530044
1837,16,3.560259840730495,-1.8507946961916382
1837,17,3.531527688144414,-1.8460164711377618
1837,18,3.3970811881970184,-1.7825501255768335
1837,19,3.4647092923448954,-1.7966787089331928
1838,0,3.491868864380363,-1.824413924612684
1838,1,3.505233359468064,-1.9272874354970122
1838,2,3.561836810324735,-1.8148471173490315
1838,3,3.5251414414228655,-1.8007021395014116
1838,4,3.5234408652099316,-1.8626288694667683
1838,5,3.4123373262485166,-1.6825450427275117
1838,6,3.496177917591071,-1.8598212125117353
1838,7,3.436508241577533,-1.8588654894205077
1838,8,3.5935115647632223,-1.831769654413194
1838,9,3.4187183920457667,-1.8298200453070441
1838,10,3.4982437052021664,-1.7473235286042683
1838,11,3.5379743645021176,-1.8351006225094497
1838,12,3.6029457004491,-1.8687771735772638
1838,13,3.476836346734464,-1.8564783479544336
1838,14,3.577884633754252,-1.7999393510728785
1838,15,3.5164040913936656,-1.7687711845153735
1838,16,3.561082556529951,-1.8513753046247587
1838,17,3.5323793648291177,-1.8465994799829393
1838,18,3.398080727411262,-1.7831714090796844
1838,19,3.4656318755255797,-1.7973049909159617
1839,0,3.4927620676425435,-1.8250148141850535
1839,1,3.5061292741581944,-1.9277408410118462
1839,2,3.5626610545947215,-1.8154636646237567
1839,3,3.5260373670800687,-1.801280181034329
1839,4,3.5242994413981226,-1.863194224686981
1839,5,3.4133221580723405,-1.6832801914667133
1839,6,3.496177917591071,-1.8598212125117353
1839,7,3.437453433308057,-1.8594276224791104
1839,8,3.5943033967760614,-1.832371276448565
1839,9,3.4197292273031903,-1.830327773012628
1839,10,3.4991370375416277,-1.7480019810608198
1839,11,3.538820834680138,-1.8356946629350055
1839,12,3.6037243979658724,-1.8693434600670062
1839,13,3.476836346734464,-1.8564783479544336
1839,14,3.5787212885597337,-1.8005358166400183
1839,15,3.5172998249776355,-1.7693991138343612
1839,16,3.561904452664186,-1.8519553346023057
1839,17,3.5332301929855836,-1.8471819079745173
1839,18,3.399078081056931,-1.7837939863558951
1839,19,3.466553539546144,-1.797930648940442
1840,0,3.4936543810238088,-1.8256151051029115
1840,1,3.50702326835184,-1.9281958332092217
1840,2,3.563484477677647,-1.816079597638046
1840,3,3.5269309683609285,-1.8018598723758144
1840,4,3.5251571622192666,-1.8637590166651286
1840,5,3.414306008747599,-1.6840146078066225
1840,6,3.496177917591071,-1.8598212125117353
1840,7,3.438397683333745,-1.8599891954784122
1840,8,3.5943033967760614,-1.832371276448565
1840,9,3.4197292273031903,-1.830327773012628
1840,10,3.500029479853507,-1.7486797575747544
1840,11,3.5396664615514433,-1.8362881115402074
1840,12,3.6045023196791,-1.869909182374821
1840,13,3.476836346734464,-1.8564783479544336
1840,14,3.5795558065708692,-1.8011335201912517
1840,15,3.5181933111713493,-1.7700283527802239
1840,16,3.562725529955918,-1.8525347867048894
1840,17,3.5340801734654916,-1.8477637556955067
1840,18,3.400073271658839,-1.7844178151296974
1840,19,3.4674742853291747,-1.7985556836329182
1841,0,3.4945458054173653,-1.8262147979671497
1841,1,3.5079153571426462,-1.9286523726875933
1841,2,3.5643070803977586,-1.8166949170084488
1841,3,3.527822268358697,-1.8024411673279293
1841,4,3.5260140285319426,-1.8643232459665682
1841,5,3.415288879259127,-1.6847482924823907
1841,6,3.496177917591071,-1.8598212125117353
1841,7,3.4393409925997918,-1.8605502089805483
1841,8,3.5943033967760614,-1.832371276448565
1841,9,3.4197292273031903,-1.830327773012628
1841,10,3.50092103303114,-1.7493568588245265
1841,11,3.540511245962506,-1.8368809689190981
1841,12,3.605279466367483,-1.8704743410669966
1841,13,3.476836346734464,-1.8564783479544336
1841,14,3.580388209018459,-1.801732425032857
1841,15,3.5190845735431,-1.7706588605838813
1841,16,3.5635457892270477,-1.853113661512542
1841,17,3.5349293071196732,-1.8483450237283376
1841,18,3.4010663214323573,-1.7850428541130436
1841,19,3.4683941137963394,-1.7991800956190505
1842,0,3.49543634171553,-1.8268138933780613
1842,1,3.508805555524768,-1.9291104208419667
1842,2,3.5651288635784826,-1.8173096233509005
1842,3,3.5287112899421045,-1.8030240207077908
1842,4,3.5268700411938747,-1.864886913156094
1842,5,3.4162707705907795,-1.685481246228437
1842,6,3.496177917591071,-1.8598212125117353
1842,7,3.4402833620504514,-1.8611106635470938
1842,8,3.5943033967760614,-1.832371276448565
1842,9,3.4197292273031903,-1.830327773012628
1842,10,3.501811697966972,-1.7500332854879157
1842,11,3.541355188758956,-1.8374732356651284
1842,12,3.6060558388089463,-1.8710389367092575
1842,13,3.476836346734464,-1.8564783479544336
1842,14,3.581218516895398,-1.802332495256183
1842,15,3.5199736353702122,-1.7712905973914859
1842,16,3.5643652312986545,-1.853691959604718
1842,17,3.535777594798112,-1.8489257126548602
1842,18,3.402057252284222,-1.7856690629811174
1842,19,3.4693130258683875,-1.7998038855238758
1843,0,3.4963259908097304,-1.8274123919353416
1843,1,3.5096938783890974,-1.929569939846947
1843,2,3.5659498280424247,-1.8179237172807228
1843,3,3.5295980557521287,-1.803608388323893
1843,4,3.527725201061932,-1.8654500187979373
1843,5,3.4172516837254303,-1.6862134697784488
1843,6,3.496177917591071,-1.8598212125117353
1843,7,3.4412247926290362,-1.861670559739064
1843,8,3.5943033967760614,-1.832371276448565
1843,9,3.4197292273031903,-1.830327773012628
1843,10,3.502701475552559,-1.7507090382420254
1843,11,3.542198290785581,-1.8380649123711579
1843,12,3.6068314377806394,-1.8716029698667644
1843,13,3.476836346734464,-1.8564783479544336
1843,14,3.58204675095605,-1.802933695719749
1843,15,3.5208605196389215,-1.7719235242425213
1843,16,3.5651838569910006,-1.8542696815602944
1843,17,3.536625037349945,-1.8495058230563444
1843,18,3.403046085813571,-1.7862964023484902
1843,19,3.4702310224651503,-1.8004270539718086
1844,0,3.497214753590506,-1.8280102942380878
1844,1,3.5105803405197675,-1.9300308926401553
1844,2,3.566769974611371,-1.8185371994126243
1844,3,3.5304825881991375,-1.804194226953003
1844,4,3.5285795089921312,-1.8660125634557676
1844,5,3.4182316196449745,-1.6869449638653826
1844,6,3.496177917591071,-1.8598212125117353
1844,7,3.4421652852779197,-1.8622298981169156
1844,8,3.5943033967760614,-1.832371276448565
1844,9,3.4197292273031903,-1.830327773012628
1844,10,3.50359036667857,-1.7513841177632847
1844,11,3.5430405528863274,-1.8386559996294554
1844,12,3.6076062640589375,-1.872166441104115
1844,13,3.476836346734464,-1.8564783479544336
1844,14,3.582872931715835,-1.8035359920317737
1844,15,3.5217452490444994,-1.7725576030484564
1844,16,3.5660016671235315,-1.8548468279575712
1844,17,3.537471635623462,-1.8500853555134813
1844,18,3.404032843313198,-1.7869248337459052
1844,19,3.4711481045055437,-1.801049601586641
1845,0,3.4981026309475096,-1.8286076008848011
1845,1,3.511464956590926,-1.9304932429060089
1845,2,3.567589304106289,-1.819150070360701
1845,3,3.5313649094603776,-1.804781494317618
1845,4,3.529432965839635,-1.8665745476926925
1845,5,3.419210579330329,-1.6876757292214646
1845,6,3.496177917591071,-1.8598212125117353
1845,7,3.443104840938535,-1.862788679240547
1845,8,3.5943033967760614,-1.832371276448565
1845,9,3.4197292273031903,-1.830327773012628
1845,10,3.504478372234786,-1.7520585247274492
1845,11,3.5438819759043,-1.8392464980317
1845,12,3.6083803184194423,-1.8727293509853447
1845,13,3.476836346734464,-1.8564783479544336
1845,14,3.5836970794510163,-1.804139350533126
1845,15,3.5226278459916096,-1.7731927965719412
1845,16,3.5668186625148754,-1.8554233993742726
1845,17,3.5383173904661094,-1.8506643106063836
1845,18,3.4050175457710066,-1.7875543195976733
1845,19,3.4720642729075677,-1.801671528991544
1846,0,3.498989623769507,-1.8292043124733859
1846,1,3.5123477411637625,-1.9309569550598569
1846,2,3.568407817347328,-1.8197623307384376
1846,3,3.532245041477794,-1.8053701490639698
1846,4,3.5302855724587543,-1.8671359720712588
1846,5,3.4201885637614335,-1.6884057665781917
1846,6,3.496177917591071,-1.8598212125117353
1846,7,3.4440434605513794,-1.8633469036692987
1846,8,3.5943033967760614,-1.832371276448565
1846,9,3.4197292273031903,-1.830327773012628
1846,10,3.5053654931101006,-1.7527322598096007
1846,11,3.5447225606817643,-1.839836408168981
1846,12,3.6091536016369834,-1.8732917000739266
1846,13,3.476836346734464,-1.8564783479544336
1846,14,3.584519214198669,-1.8047437382806848
1846,15,3.523508332594878,-1.7738290684065277
1846,16,3.5676348439828462,-1.855999396387547
1846,17,3.5391623027244887,-1.8512426889145857
1846,18,3.4060002138716547,-1.7881848231996644
1846,19,3.472979528588308,-1.8022928368090672
1847,0,3.499875732944379,-1.829800429601151
1847,1,3.513228708683775,-1.9314219942324624
1847,2,3.5692255151538217,-1.8203739811587072
1847,3,3.533123005956161,-1.805960150740564
1847,4,3.5311373297029496,-1.867696837153453
1847,5,3.4211655739172513,-1.6891350766663322
1847,6,3.496177917591071,-1.8598212125117353
1847,7,3.444981145056011,-1.8639045719619538
1847,8,3.5943033967760614,-1.832371276448565
1847,9,3.4197292273031903,-1.830327773012628
1847,10,3.5062517301925236,-1.7534053236841487
1847,11,3.545562308060146,-1.8404257306317993
1847,12,3.6099261144856176,-1.8738534889327731
1847,13,3.476836346734464,-1.8564783479544336
1847,14,3.5853393557568305,-1.8053491230311
1847,15,3.524386730679666,-1.7744663829569078
1847,16,3.568450212344442,-1.8565748195739682
1847,17,3.540006373244358,-1.851820491017045
1847,18,3.406981902927352,-1.788814698622754
1847,19,3.473893872463936,-1.8029135256611404
1848,0,3.5007609593591216,-1.8303959528648104
1848,1,3.5141078734782694,-1.9318883262548272
1848,2,3.5700423983442855,-1.8209850222337725
1848,3,3.5339988243615057,-1.8065514597772414
1848,4,3.5319882384248307,-1.8682571435007016
1848,5,3.4221416107757703,-1.689863660215926
1848,6,3.497105647412307,-1.8603155863822547
1848,7,3.4459178953910534,-1.8644616846767388
1848,8,3.5943033967760614,-1.832371276448565
1848,9,3.4197292273031903,-1.830327773012628
1848,10,3.5071370843691785,-1.7540777170248307
1848,11,3.5464012188800336,-1.841014466010067
1848,12,3.6099261144856176,-1.8738534889327731
1848,13,3.476836346734464,-1.8564783479544336
1848,14,3.586157523684815,-1.8059554732249448
1848,15,3.5252630617830305,-1.7751047054196494
1848,16,3.569264768415847,-1.8571496695095353
1848,17,3.5408496028706327,-1.852397717492142
1848,18,3.4079626139207706,-1.789443946497448
1848,19,3.474807305449711,-1.803533596169074
1849,0,3.5016453038998474,-1.8309908828604833
1849,1,3.514985249754075,-1.9323559176433485
1849,2,3.57085846773642,-1.8215954545752862
1849,3,3.53487251791981,-1.8071440374647494
1849,4,3.5328382994761576,-1.8688168916738717
1849,5,3.4231166753140045,-1.690591517956286
1849,6,3.4980310546235973,-1.8608121049064703
1849,7,3.4468537124941947,-1.8650182423713242
1849,8,3.5943033967760614,-1.832371276448565
1849,9,3.4197292273031903,-1.830327773012628
1849,10,3.508021556526306,-1.7547494405047133
1849,11,3.5464012188800336,-1.841014466010067
1849,12,3.6099261144856176,-1.8738534889327731
1849,13,3.476836346734464,-1.8564783479544336
1849,14,3.586973737303683,-1.8065627579712475
1849,15,3.526137347154861,-1.775744001764421
1849,16,3.570078513012433,-1.8577239467696736
1849,17,3.541691992447386,-1.8529743689176807
1849,18,3.4089423478336025,-1.7900725674536244
1849,19,3.4757198284599804,-1.8041530489535589
1850,0,3.502528767451786,-1.8315852201836953
1850,1,3.5158608515954697,-1.9328247355853037
1850,2,3.57085846773642,-1.8215954545752862
1850,3,3.5357441076159755,-1.807737845934812
1850,4,3.5336866993125966,-1.8693773170574408
1850,5,3.424089502051654,-1.691320344131661
1850,6,3.498954159384242,-1.861310714064208
1850,7,3.4477885973021887,-1.8655742456028246
1850,8,3.5943033967760614,-1.832371276448565
1850,9,3.4197292273031903,-1.830327773012628
1850,10,3.508905147549264,-1.7554204947961922
1850,11,3.5464012188800336,-1.841014466010067
1850,12,3.6099261144856176,-1.8738534889327731
1850,13,3.4777810455212466,-1.8569779002921882
1850,14,3.5877880156968542,-1.8071709470323984
1850,15,3.5270096077591804,-1.7763842387156916
1850,16,3.5708914469487594,-1.8582976519292351
1850,17,3.5425335428178513,-1.8535504458708902
1850,18,3.409921105646563,-1.790700562120533
1850,19,3.4766314424081806,-1.804771884634668
1851,0,3.5034113508992855,-1.8321789654293785
1851,1,3.516734692962302,-1.9332947479246545
1851,2,3.57085846773642,-1.8215954545752862
1851,3,3.5366136141930324,-1.8083328481406837
1851,4,3.5345342538837947,-1.8699371840862384
1851,5,3.42506135953529,-1.6920484441574881
1851,6,3.4998749817599926,-1.8618113609911848
1851,7,3.4487225507508557,-1.8661296949278
1851,8,3.5943033967760614,-1.832371276448565
1851,9,3.4197292273031903,-1.830327773012628
1851,10,3.509787858322527,-1.7560908805709936
1851,11,3.5464012188800336,-1.841014466010067
1851,12,3.6099261144856176,-1.8738534889327731
1851,13,3.4787234127007367,-1.8574795960825883
1851,14,3.588600377710862,-1.807780010809417
1851,15,3.5278798642755955,-1.7770253837348935
1851,16,3.571703571038573,-1.8588707855624995
1851,17,3.5433742548244207,-1.8541259489284239
1851,18,3.4108988883393887,-1.7913279311267971
1851,19,3.477542148206838,-1.8053901038318567
1852,0,3.5042921526731985,-1.832773458460548
1852,1,3.517606787688299,-1.9337659231481639
1852,2,3.57085846773642,-1.8215954545752862
1852,3,3.5374810581515828,-1.8089290078381808
1852,4,3.5345342538837947,-1.8699371840862384
1852,5,3.426032248737742,-1.692775818762596
1852,6,3.500793541714753,-1.8623139939530753
1852,7,3.4496555737750842,-1.8666845909022554
1852,8,3.5943033967760614,-1.832371276448565
1852,9,3.4197292273031903,-1.830327773012628
1852,10,3.51066968972969,-1.7567605985001742
1852,11,3.5464012188800336,-1.841014466010067
1852,12,3.6099261144856176,-1.8738534889327731
1852,13,3.479663468810033,-1.8579833805691588
1852,14,3.5894108419562336,-1.808389920327575
1852,15,3.528748137100894,-1.7776674050030354
1852,16,3.5725148860948117,-1.859443348243174
1852,17,3.5442141293086484,-1.8547008786663606
1852,18,3.4118756968908417,-1.791954675100414
1852,19,3.47845194676757,-1.8060077071639629
1853,0,3.505172076891839,-1.8333673591898971
1853,1,3.518477149479556,-1.9342382303718197
1853,2,3.57085846773642,-1.8215954545752862
1853,3,3.5383464597494605,-1.8095262895671718
1853,4,3.5345342538837947,-1.8699371840862384
1853,5,3.427002170630872,-1.6935024686750875
1853,6,3.501709859102839,-1.862818562320158
1853,7,3.4505876673088314,-1.8672389340816424
1853,8,3.5943033967760614,-1.832371276448565
1853,9,3.4197292273031903,-1.830327773012628
1853,10,3.5115506426534666,-1.7574296492541222
1853,11,3.5464012188800336,-1.841014466010067
1853,12,3.6099261144856176,-1.8738534889327731
1853,13,3.4806012342796966,-1.858489200181084
1853,14,3.5902194268084893,-1.8090006472223643
1853,15,3.529614446350769,-1.7783102714037564
1853,16,3.57332458027345,-1.8600164903363556
1853,17,3.545053167111249,-1.8552752356602058
1853,18,3.412851532278708,-1.7925807946687549
1853,19,3.479359867844058,-1.806626123454457
1854,0,3.5060511244360124,-1.8339606682119214
1854,1,3.5193457919131936,-1.9347116393275585
1854,2,3.57085846773642,-1.8215954545752862
1854,3,3.5392098390016002,-1.8101246586335218
1854,4,3.5345342538837947,-1.8699371840862384
1854,5,3.427971126185572,-1.6942283946223398
1854,6,3.50262395366177,-1.8633250165425357
1854,7,3.4515188322851236,-1.8677927250208592
1854,8,3.5943033967760614,-1.832371276448565
1854,9,3.4197292273031903,-1.830327773012628
1854,10,3.5124307179756924,-1.758098033502558
1854,11,3.5464012188800336,-1.841014466010067
1854,12,3.6099261144856176,-1.8738534889327731
1854,13,3.481536729425617,-1.858997002506257
1854,14,3.5910261504092555,-1.8096121637258027
1854,15,3.530478811861667,-1.7789539525068048
1854,16,3.5741334677519103,-1.8605890614067475
1854,17,3.5458905347201153,-1.855850237433974
1854,18,3.4138263954798003,-1.793206290458566
1854,19,3.480266884346933,-1.8072439236087328
1855,0,3.5069292961856458,-1.8345533861205237
1855,1,3.5202127284361735,-1.9351861203502818
1855,2,3.57085846773642,-1.8215954545752862
1855,3,3.540071215680096,-1.8107240810914769
1855,4,3.5345342538837947,-1.8699371840862384
1855,5,3.428939116371768,-1.6949535973310055
1855,6,3.503535845005561,-1.8638333081259142
1855,7,3.4524490696360575,-1.868345964274251
1855,8,3.5943033967760614,-1.832371276448565
1855,9,3.4197292273031903,-1.830327773012628
1855,10,3.513308860952256,-1.758767139601405
1855,11,3.5464012188800336,-1.841014466010067
1855,12,3.6099261144856176,-1.8738534889327731
1855,13,3.4824699744414422,-1.8595067362649458
1855,14,3.5918310306674814,-1.8102244426530674
1855,15,3.5313412531927497,-1.7795984185519362
1855,16,3.5749415493398895,-1.8611610620274939
1855,17,3.546727068052098,-1.8564246663283008
1855,18,3.4138263954798003,-1.793206290458566
1855,19,3.4811729971841183,-1.8078611082452087
1856,0,3.50780659301979,-1.8351455135090151
1856,1,3.521077972364269,-1.93566164436516
1856,2,3.57085846773642,-1.8215954545752862
1856,3,3.5409306093144437,-1.811324523726478
1856,4,3.5345342538837947,-1.8699371840862384
1856,5,3.4299061421584187,-1.695678077527013
1856,6,3.504445552618502,-1.8643433896079318
1856,7,3.453378380292802,-1.8688986523956108
1856,8,3.5943033967760614,-1.832371276448565
1856,9,3.4197292273031903,-1.830327773012628
1856,10,3.5141861290198313,-1.7594355790583094
1856,11,3.5464012188800336,-1.841014466010067
1856,12,3.6099261144856176,-1.8738534889327731
1856,13,3.483400989391551,-1.8600183512840638
1856,14,3.592634085260754,-1.8108374573894503
1856,15,3.5313412531927497,-1.7795984185519362
1856,16,3.5757488258462784,-1.861732492771168
1856,17,3.547562767944567,-1.8569985229181902
1856,18,3.4138263954798003,-1.793206290458566
1856,19,3.4820782072626346,-1.8084776779816876
1857,0,3.5086830158166205,-1.8357370509701159
1857,1,3.52194153688118,-1.9361381828752169
1857,2,3.57085846773642,-1.8215954545752862
1857,3,3.5417880391919536,-1.8119259540383936
1857,4,3.5345342538837947,-1.8699371840862384
1857,5,3.4308722045135185,-1.6964018359355681
1857,6,3.5053530958493897,-1.8648552145350272
1857,7,3.4543059104005254,-1.869452224680279
1857,8,3.5943033967760614,-1.832371276448565
1857,9,3.4197292273031903,-1.830327773012628
1857,10,3.5150625230565646,-1.7601033525423793
1857,11,3.5464012188800336,-1.841014466010067
1857,12,3.6099261144856176,-1.8738534889327731
1857,13,3.4843297942045357,-1.8605317984720324
1857,14,3.5934353316367025,-1.8114511818776258
1857,15,3.5313412531927497,-1.7795984185519362
1857,16,3.5765552980791613,-1.8623033542097724
1857,17,3.54839763523406,-1.8575718077780732
1857,18,3.4138263954798003,-1.793206290458566
1857,19,3.482982515488598,-1.809093633435356
1858,0,3.5095585654534367,-1.8363279990959553
1858,1,3.5228034350377837,-1.9366157079491892
1858,2,3.57085846773642,-1.8215954545752862
1858,3,3.542643524358322,-1.812528340225163
1858,4,3.5345342538837947,-1.8699371840862384
1858,5,3.431837304404096,-1.6971248732811535
1858,6,3.5062584939061945,-1.8653687374398351
1858,7,3.4552325164008773,-1.8700052454354337
1858,8,3.5943033967760614,-1.832371276448565
1858,9,3.4197292273031903,-1.830327773012628
1858,10,3.515938043939727,-1.7607704607220567
1858,11,3.5464012188800336,-1.841014466010067
1858,12,3.6099261144856176,-1.8738534889327731
1858,13,3.4852564086671736,-1.861047029794223
1858,14,3.594234787014489,-1.8120655906052225
1858,15,3.5313412531927497,-1.7795984185519362
1858,16,3.5773609668458173,-1.8628736469147402
1858,17,3.549231670756279,-1.8581445214818084
1858,18,3.4138263954798003,-1.793206290458566
1858,19,3.483885922767221,-1.8097089752227862
1859,0,3.510433242806665,-1.8369183584780733
1859,1,3.5236636797515155,-1.937094192209654
1859,2,3.57085846773642,-1.8215954545752862
1859,3,3.543497083618354,-1.8131316511668358
1859,4,3.5345342538837947,-1.8699371840862384
1859,5,3.4328014427962175,-1.69784719028753
1859,6,3.507161765851142,-1.865883913819099
1859,7,3.4561581992213912,-1.8705577152146493
1859,8,3.5943033967760614,-1.832371276448565
1859,9,3.4197292273031903,-1.830327773012628
1859,10,3.516812692545716,-1.7614369042651177
1859,11,3.5464012188800336,-1.841014466010067
1859,12,3.6099261144856176,-1.8738534889327731
1859,13,3.4852564086671736,-1.861047029794223
1859,14,3.595032468386376,-1.8126806585926947
1859,15,3.5313412531927497,-1.7795984185519362
1859,16,3.578165832952722,-1.8634433714569347
1859,17,3.550064875346095,-1.8587166646026827
1859,18,3.4138263954798003,-1.793206290458566
1859,19,3.4847884300028165,-1.8103237039599356
1860,0,3.511307048751858,-1.83750812970742
1860,1,3.524522283805873,-1.9375736088214195
1860,2,3.57085846773642,-1.8215954545752862
1860,3,3.544348735536825,-1.8137358564100026
1860,4,3.5345342538837947,-1.8699371840862384
1860,5,3.4337646206549866,-1.6985687876777382
1860,6,3.5080629305961843,-1.8664007001120901
1860,7,3.4570829597886763,-1.8711096345709488
1860,8,3.5943033967760614,-1.832371276448565
1860,9,3.4197292273031903,-1.830327773012628
1860,10,3.5176864697500556,-1.7621026838386729
1860,11,3.5464012188800336,-1.841014466010067
1860,12,3.6099261144856176,-1.8738534889327731
1860,13,3.4852564086671736,-1.861047029794223
1860,14,3.595828392519368,-1.8132963613814814
1860,15,3.5313412531927497,-1.7795984185519362
1860,16,3.5789698972055475,-1.8640125284066509
1860,17,3.550897249837546,-1.8592882377134121
1860,18,3.4138263954798003,-1.793206290458566
1860,19,3.4856900380987943,-1.8109378202621484
1861,0,3.5121799841636965,-1.8380973133743572
1861,1,3.525379259850036,-1.9380539314801715
1861,2,3.57085846773642,-1.8215954545752862
1861,3,3.5451984984394747,-1.8143409261526031
1861,4,3.5345342538837947,-1.8699371840862384
1861,5,3.434726838944545,-1.6992896661740975
1861,6,3.5089620068988463,-1.8669190536795228
1861,7,3.458006799028419,-1.8716610040568038
1861,8,3.595143568844147,-1.832901454249415
1861,9,3.4197292273031903,-1.830327773012628
1861,10,3.5185593764273975,-1.7627678001091682
1861,11,3.5464012188800336,-1.841014466010067
1861,12,3.6099261144856176,-1.8738534889327731
1861,13,3.4852564086671736,-1.861047029794223
1861,14,3.5966225759569173,-1.813912675022451
1861,15,3.5313412531927497,-1.7795984185519362
1861,16,3.5797731604091623,-1.8645811183336154
1861,17,3.5517287950638403,-1.859859241386142
1861,18,3.4138263954798003,-1.793206290458566
1861,19,3.486590747957665,-1.811551324744156
1862,0,3.5130520499159896,-1.8386859100686583
1862,1,3.5262346203985957,-1.9385351344013726
1862,2,3.57085846773642,-1.8215954545752862
1862,3,3.5460463904141206,-1.814946831229106
1862,4,3.5345342538837947,-1.8699371840862384
1862,5,3.4356880986280744,-1.7000098264982078
1862,6,3.509859013358424,-1.8674389327829548
1862,7,3.4589297178653835,-1.8722118242241357
1862,8,3.595981411218679,-1.8334334830076529
1862,9,3.4197292273031903,-1.830327773012628
1862,10,3.519431413451522,-1.7634322537423857
1862,11,3.5464012188800336,-1.841014466010067
1862,12,3.6099261144856176,-1.8738534889327731
1862,13,3.4852564086671736,-1.861047029794223
1862,14,3.597415035020694,-1.8145295760646194
1862,15,3.5313412531927497,-1.7795984185519362
1862,16,3.580575623367634,-1.8651491418069872
1862,17,3.5525595118573547,-1.860429676192447
1862,18,3.4138263954798003,-1.793206290458566
1862,19,3.487490560481041,-1.8121642180200763
1863,0,3.513923246881676,-1.8392739203795092
1863,1,3.527088377831389,-1.9390171923094062
1863,2,3.57085846773642,-1.8215954545752862
1863,3,3.5468924293118897,-1.8155535430960474
1863,4,3.5345342538837947,-1.8699371840862384
1863,5,3.4366484006677966,-1.7007292693709504
1863,6,3.5107539684125197,-1.8679602965646631
1863,7,3.4598517172234122,-1.872762095624316
1863,8,3.5968169451186354,-1.833967315670831
1863,9,3.4197292273031903,-1.830327773012628
1863,10,3.520302581695339,-1.764096045403444
1863,11,3.5464012188800336,-1.841014466010067
1863,12,3.6099261144856176,-1.8738534889327731
1863,13,3.4852564086671736,-1.861047029794223
1863,14,3.5982057858124143,-1.8151470415441389
1863,15,3.5313412531927497,-1.7795984185519362
1863,16,3.5813772868842286,-1.8657165993953584
1863,17,3.553389401049638,-1.8609995427033337
1863,18,3.4138263954798003,-1.793206290458566
1863,19,3.488389476569634,-1.8127765007034167
1864,0,3.514793575932825,-1.8398613448955086
1864,1,3.5279405443934313,-1.9395000804269602
1864,2,3.57085846773642,-1.8215954545752862
1864,3,3.5477366327485527,-1.8161610338179222
1864,4,3.5345342538837947,-1.8699371840862384
1864,5,3.437607746024975,-1.7014479955124884
1864,6,3.511646890333894,-1.868483105027984
1864,7,3.4607727980254275,-1.8733118188081672
1864,8,3.5976501916292483,-1.834502906168423
1864,9,3.4197292273031903,-1.830327773012628
1864,10,3.521172882030889,-1.7647591757567995
1864,11,3.5464012188800336,-1.841014466010067
1864,12,3.6099261144856176,-1.8738534889327731
1864,13,3.4852564086671736,-1.861047029794223
1864,14,3.598994844215715,-1.815765048973548
1864,15,3.5313412531927497,-1.7795984185519362
1864,16,3.582178151761412,-1.8662834916667548
1864,17,3.5542184634714102,-1.8615688414892384
1864,18,3.4138263954798003,-1.793206290458566
1864,19,3.4892874971232613,-1.8133881734070723
1865,0,3.5156630379406364,-1.8404481842046692
1865,1,3.528791132194941,-1.939983774464646
1865,2,3.57085846773642,-1.8215954545752862
1865,3,3.5485790181059587,-1.8167692760534175
1865,4,3.5345342538837947,-1.8699371840862384
1865,5,3.438566135659915,-1.7021660056422674
1865,6,3.5125377972276226,-1.8690073190181082
1865,7,3.461692961193432,-1.8738609943259625
1865,8,3.5984811716961294,-1.835040209390231
1865,9,3.4197292273031903,-1.830327773012628
1865,10,3.522042315329344,-1.7654216454662461
1865,11,3.5464012188800336,-1.841014466010067
1865,12,3.6099261144856176,-1.8738534889327731
1865,13,3.4852564086671736,-1.861047029794223
1865,14,3.5997822258980827,-1.8163835763312783
1865,15,3.5313412531927497,-1.7795984185519362
1865,16,3.5829782188008514,-1.8668498191886358
1865,17,3.5550466999525634,-1.86213757312003
1865,18,3.4138263954798003,-1.793206290458566
1865,19,3.4901846230408413,-1.8139992367433284
1866,0,3.516531633775443,-1.8410344388944175
1866,1,3.5296401532114503,-1.9404682506108466
1866,2,3.57085846773642,-1.8215954545752862
1866,3,3.549419602533562,-1.8173782430419805
1866,4,3.5345342538837947,-1.8699371840862384
1866,5,3.4395235705319656,-1.7028833004790163
1866,6,3.5134267070285383,-1.8695329002033214
1866,7,3.4626122076485104,-1.8744096227274272
1866,8,3.5993099061198155,-1.8355791811652695
1866,9,3.4197292273031903,-1.830327773012628
1866,10,3.5229108824610065,-1.7660834551949167
1866,11,3.5464012188800336,-1.841014466010067
1866,12,3.6099261144856176,-1.8738534889327731
1866,13,3.4852564086671736,-1.861047029794223
1866,14,3.600568823145243,-1.817001487476253
1866,15,3.5313412531927497,-1.7795984185519362
1866,16,3.583777488803414,-1.867415582527896
1866,17,3.5558741113221632,-1.8627057381650096
1866,18,3.4138263954798003,-1.793206290458566
1866,19,3.4910808552203987,-1.8146096913238599
1867,0,3.5173993643067094,-1.8416201095515952
1867,1,3.530487619284003,-1.9409534855217896
1867,2,3.57085846773642,-1.8215954545752862
1867,3,3.5502584029500324,-1.817987908590712
1867,4,3.5345342538837947,-1.8699371840862384
1867,5,3.44048005159952,-1.7035998807407478
1867,6,3.5143136374989443,-1.8700598110566786
1867,7,3.463530538310829,-1.8749577045617387
1867,8,3.6001364155507205,-1.8361197782411223
1867,9,3.4197292273031903,-1.830327773012628
1867,10,3.523778584295314,-1.7667446056052836
1867,11,3.5464012188800336,-1.841014466010067
1867,12,3.6099261144856176,-1.8738534889327731
1867,13,3.4852564086671736,-1.861047029794223
1867,14,3.6013546367445803,-1.8176187830270016
1867,15,3.5313412531927497,-1.7795984185519362
1867,16,3.58457596256917,-1.867980782250865
1867,17,3.556700698408449,-1.8632733371929107
1867,18,3.4138263954798003,-1.793206290458566
1867,19,3.4919761945590624,-1.8152195377597322
1868,0,3.5182662304030354,-1.842205196762459
1868,1,3.531333542119425,-1.9414394563118382
1868,2,3.57085846773642,-1.8215954545752862
1868,3,3.5510954360449456,-1.8185982470615778
1868,4,3.5345342538837947,-1.8699371840862384
1868,5,3.441435579820017,-1.7043157471447594
1868,6,3.5151986062265856,-1.870588014838105
1868,7,3.4644479540996374,-1.8755052403775276
1868,8,3.6009607204844696,-1.836661958263757
1868,9,3.4197292273031903,-1.830327773012628
1868,10,3.5246454217008365,-1.7674050973591588
1868,11,3.5464012188800336,-1.841014466010067
1868,12,3.6099261144856176,-1.8738534889327731
1868,13,3.4852564086671736,-1.861047029794223
1868,14,3.6021396674826947,-1.8182354636014377
1868,15,3.5313412531927497,-1.7795984185519362
1868,16,3.585373640897393,-1.8685454189233082
1868,17,3.557526462038836,-1.8638403707719005
1868,18,3.4138263954798003,-1.793206290458566
1868,19,3.492870641953068,-1.8158287766614025
1869,0,3.5191322329321544,-1.8427897011126821
1869,1,3.5321779332906695,-1.9419261405439978
1869,2,3.57085846773642,-1.8215954545752862
1869,3,3.5519307182805444,-1.819209233358929
1869,4,3.5345342538837947,-1.8699371840862384
1869,5,3.442390156149941,-1.7050309004076343
1869,6,3.516081630622864,-1.8711174755769122
1869,7,3.46536445593327,-1.876052230722878
1869,8,3.6017828412576,-1.8372056797577945
1869,9,3.4197292273031903,-1.830327773012628
1869,10,3.525511395545279,-1.7680649311176955
1869,11,3.5464012188800336,-1.841014466010067
1869,12,3.6099261144856176,-1.8738534889327731
1869,13,3.4852564086671736,-1.861047029794223
1869,14,3.6029239161454027,-1.818851529816859
1869,15,3.5313412531927497,-1.7795984185519362
1869,16,3.5861697361780576,-1.8691106052702213
1869,17,3.5583514030399135,-1.8644068394695803
1869,18,3.4138263954798003,-1.793206290458566
1869,19,3.4937641982977583,-1.8164374086387194
1870,0,3.519996499789402,-1.843374914502905
1870,1,3.533020804237234,-1.9424135162206309
1870,2,3.57085846773642,-1.8215954545752862
1870,3,3.5527651684100476,-1.819819610993243
1870,4,3.5345342538837947,-1.8699371840862384
1870,5,3.4433425619274973,-1.7057469662838525
1870,6,3.5169627279212836,-1.87164815805472
1870,7,3.466280044729146,-1.8765986761453275
1870,8,3.6026027980436095,-1.8377509021072167
1870,9,3.4197292273031903,-1.830327773012628
1870,10,3.526376506695482,-1.7687241075413875
1870,11,3.5472841645216633,-1.8415328249375558
1870,12,3.6107426596249037,-1.8743472701489305
1870,13,3.4852564086671736,-1.861047029794223
1870,14,3.603707383517738,-1.8194669822899485
1870,15,3.5313412531927497,-1.7795984185519362
1870,16,3.5869650383064293,-1.8696752285201566
1870,17,3.5591755222374486,-1.8649727438529857
1870,18,3.4138263954798003,-1.793206290458566
1870,19,3.4946568644875837,-1.8170454343009241
1871,0,3.5208599055701426,-1.843959544839991
1871,1,3.533862835440235,-1.9429004063299427
1871,2,3.57085846773642,-1.8215954545752862
1871,3,3.5535978856490513,-1.8204306112754787
1871,4,3.5345342538837947,-1.8699371840862384
1871,5,3.4442940187990043,-1.7064623187254637
1871,6,3.5178419151761156,-1.8721800277887775
1871,7,3.4671947214037706,-1.8771445771918684
1871,8,3.603420610849334,-1.8382975855365127
1871,9,3.4197292273031903,-1.830327773012628
1871,10,3.527240756017423,-1.7693826272900715
1871,11,3.5481647748679572,-1.8420531599428582
1871,12,3.6115570730292177,-1.8748427530113259
1871,13,3.4852564086671736,-1.861047029794223
1871,14,3.6044900703839526,-1.8200818216367747
1871,15,3.5313412531927497,-1.7795984185519362
1871,16,3.5877595480786066,-1.870239289238302
1871,17,3.5599980120355736,-1.8655392599812184
1871,18,3.4138263954798003,-1.793206290458566
1871,19,3.4955477024939365,-1.81765423044028
1872,0,3.521722451138646,-1.8445435927091558
1872,1,3.534704027742545,-1.9433868113593105
1872,2,3.57085846773642,-1.8215954545752862
1872,3,3.5544297732433496,-1.8210410028118817
1872,4,3.5345342538837947,-1.8699371840862384
1872,5,3.4452445277168713,-1.7071769584485363
1872,6,3.5187192092612682,-1.872713051015671
1872,7,3.468108486872736,-1.8776899344089486
1872,8,3.604236299511643,-1.8388456910922466
1872,9,3.4197292273031903,-1.830327773012628
1872,10,3.5281041443762162,-1.770040491022926
1872,11,3.549043070935868,-1.8425754207787355
1872,12,3.6123693727108006,-1.875339895898308
1872,13,3.4852564086671736,-1.861047029794223
1872,14,3.6052719775275164,-1.8206960484727923
1872,15,3.5313412531927497,-1.7795984185519362
1872,16,3.5885532662898947,-1.870802787989283
1872,17,3.560819682382765,-1.8661052116864378
1872,18,3.4138263954798003,-1.793206290458566
1872,19,3.4964376529478467,-1.8182624200288415
1873,0,3.522584137358321,-1.845127058695032
1873,1,3.5355443819862,-1.9438727317956264
1873,2,3.57085846773642,-1.8215954545752862
1873,3,3.555260832025663,-1.8216507862134546
1873,4,3.535425547310281,-1.8704223035902205
1873,5,3.4461940896325585,-1.7078908861684257
1873,6,3.519594626869354,-1.8732471946754117
1873,7,3.4690213420507225,-1.8782347483424708
1873,8,3.60504988369443,-1.839395180625043
1873,9,3.4197292273031903,-1.830327773012628
1873,10,3.5289656523812876,-1.7706990362417305
1873,11,3.549919073619016,-1.843099558262165
1873,12,3.6131795765792654,-1.8758386580203712
1873,13,3.4852564086671736,-1.861047029794223
1873,14,3.606053105731119,-1.8213096634128432
1873,15,3.5313412531927497,-1.7795984185519362
1873,16,3.589346193734806,-1.8713657253371627
1873,17,3.5616405341015156,-1.8666705995351622
1873,18,3.4138263954798003,-1.793206290458566
1873,19,3.4973267167401554,-1.8188700036754069
1874,0,3.523444965091716,-1.8457099433816693
1874,1,3.536383899012394,-1.944358168125297
1874,2,3.57085846773642,-1.8215954545752862
1874,3,3.5560910628278823,-1.822259962090591
1874,4,3.536314578689337,-1.8709094789628928
1874,5,3.4471427054965784,-1.7086041025997738
1874,6,3.520468184510939,-1.873782426395893
1874,7,3.469932460131454,-1.878780404021977
1874,8,3.6058613828858905,-1.839946016771979
1874,9,3.4197292273031903,-1.830327773012628
1874,10,3.529826302051559,-1.7713569253409454
1874,11,3.5507928036809018,-1.843625524250624
1874,12,3.61398770243669,-1.876338999402646
1874,13,3.4852564086671736,-1.861047029794223
1874,14,3.606833455776671,-1.8219226670711561
1874,15,3.5313412531927497,-1.7795984185519362
1874,16,3.590138331207062,-1.8719281018454417
1874,17,3.5624605680134986,-1.8672354240933453
1874,18,3.4138263954798003,-1.793206290458566
1874,19,3.4982148947608165,-1.819476981988168
1875,0,3.524304935200521,-1.8462922473525363
1875,1,3.5372225796614853,-1.9448431208342447
1875,2,3.57085846773642,-1.8215954545752862
1875,3,3.556920466481069,-1.8228685310530768
1875,4,3.537201367114573,-1.8713986596253551
1875,5,3.4480903762584965,-1.7093166084565112
1875,6,3.521339898513969,-1.8743187144777125
1875,7,3.4708426704525763,-1.879325516057145
1875,8,3.6066708163960692,-1.840498162939376
1875,9,3.4197292273031903,-1.830327773012628
1875,10,3.5306860942485407,-1.772014158979118
1875,11,3.551664281748601,-1.844153271618907
1875,12,3.614793767973045,-1.876840880867764
1875,13,3.4852564086671736,-1.861047029794223
1875,14,3.6076121594235984,-1.8225361647079712
1875,15,3.5313412531927497,-1.7795984185519362
1875,16,3.5909296794995926,-1.8724899180770593
1875,17,3.563279784939569,-1.867799685926377
1875,18,3.4138263954798003,-1.793206290458566
1875,19,3.499102187898897,-1.8200833555747107
1876,0,3.525164048545567,-1.8468739711905195
1876,1,3.538060424772994,-1.9453275904079077
1876,2,3.57085846773642,-1.8215954545752862
1876,3,3.5577490438154573,-1.8234764937100898
1876,4,3.538085931599253,-1.8718897960522962
1876,5,3.4490371028669324,-1.710028404451857
1876,6,3.5222097850233567,-1.8748560278793442
1876,7,3.4717519739252114,-1.879870084993632
1876,8,3.60747820335466,-1.8410515832859815
1876,9,3.4197292273031903,-1.830327773012628
1876,10,3.5315450298328868,-1.7726707378141402
1876,11,3.5525335283069146,-1.8446827542364632
1876,12,3.6155977907619357,-1.8773442640190832
1876,13,3.4852564086671736,-1.861047029794223
1876,14,3.6083900872440178,-1.8231490511138886
1876,15,3.532250878831911,-1.7801723657873025
1876,16,3.591720239404539,-1.8730511745943943
1876,17,3.5640981856997636,-1.8683633855990842
1876,18,3.4138263954798003,-1.793206290458566
1876,19,3.4999885970425786,-1.8206891250420154
1877,0,3.5260223059868268,-1.8474551154779253
1877,1,3.538897435185603,-1.9458115773312403
1877,2,3.57085846773642,-1.8215954545752862
1877,3,3.5585767956604535,-1.8240838506702015
1877,4,3.5389682910686164,-1.8723828397489999
1877,5,3.44998288626956,-1.7107394912983196
1877,6,3.523077860000729,-1.8753943362026597
1877,7,3.4726603714595727,-1.8804141113765525
1877,8,3.6082835627090546,-1.8416062427065332
1877,9,3.4197292273031903,-1.830327773012628
1877,10,3.5324031096643917,-1.7733266625032478
1877,11,3.553400563692954,-1.8452139269452474
1877,12,3.6163997882566474,-1.8778491112242752
1877,13,3.4852564086671736,-1.861047029794223
1877,14,3.609167240016636,-1.8237613269024082
1877,15,3.533157877200632,-1.7807484816111079
1877,16,3.5925100117132516,-1.873611871959265
1877,17,3.564915771113302,-1.8689265236757306
1877,18,3.4138263954798003,-1.793206290458566
1877,19,3.500874123079157,-1.8212942909964582
1878,0,3.526879708383417,-1.8480356807964793
1878,1,3.5397336117371614,-1.9462950820887142
1878,2,3.57085846773642,-1.8215954545752862
1878,3,3.5594037228446385,-1.8246906025413767
1878,4,3.5398484643526964,-1.8728777432288508
1878,5,3.4509277274131094,-1.7114498697076976
1878,6,3.523944139224316,-1.8759336096787838
1878,7,3.473567863964967,-1.8809575957504772
1878,8,3.6090869132226184,-1.8421621068156966
1878,9,3.4197292273031903,-1.830327773012628
1878,10,3.5332603346019944,-1.773981933703022
1878,11,3.5542654080911427,-1.8457467455380727
1878,12,3.6171997777864777,-1.8783553855992603
1878,13,3.4852564086671736,-1.861047029794223
1878,14,3.6099436185193836,-1.8243729926864187
1878,15,3.5340622745558647,-1.781326707811846
1878,16,3.593298997216294,-1.87417201073293
1878,17,3.565732541998589,-1.869489100720018
1878,18,3.4138263954798003,-1.793206290458566
1878,19,3.5017587668950454,-1.8218988540438108
1879,0,3.5277362565935984,-1.8486156677273282
1879,1,3.5405689552646824,-1.9467781051643178
1879,2,3.57085846773642,-1.8215954545752862
1879,3,3.5602298261957666,-1.8252967499309745
1879,4,3.54072647017961,-1.8733744599913311
1879,5,3.4518716272433676,-1.7121595403910805
1879,6,3.5248086382889783,-1.8764738191542814
1879,7,3.4744744523497952,-1.8815005386594346
1879,8,3.609888273473186,-1.842719141932369
1879,9,3.4197292273031903,-1.830327773012628
1879,10,3.534116705503778,-1.7746365520693903
1879,11,3.5551280815286095,-1.8462811667374532
1879,12,3.6179977765533438,-1.8788630509924882
1879,13,3.4852564086671736,-1.861047029794223
1879,14,3.6107192235294163,-1.8249840490781983
1879,15,3.534964096971397,-1.7819069874810856
1879,16,3.5940871967034407,-1.874731591476089
1879,17,3.5665484991732117,-1.8700511172950867
1879,18,3.4138263954798003,-1.793206290458566
1879,19,3.502642529375773,-1.8225028147892413
1880,0,3.5285919514747768,-1.8491950768510395
1880,1,3.541403466604346,-1.9472606470415579
1880,2,3.57085846773642,-1.8215954545752862
1880,3,3.5610551065407687,-1.8259022934457492
1880,4,3.5416023271692976,-1.8738729445005005
1880,5,3.4528145867051796,-1.7128685040588496
1880,6,3.5256713726063675,-1.8770149360776653
1880,7,3.475380137521553,-1.882042940646911
1880,8,3.610687661851766,-1.8432773150643411
1880,9,3.4197292273031903,-1.830327773012628
1880,10,3.5349722232269705,-1.775290518257626
1880,11,3.5559886038709556,-1.8468171481749307
1880,12,3.618793801628652,-1.8793720719695568
1880,13,3.4852564086671736,-1.861047029794223
1880,14,3.6114940558231154,-1.8255944966894149
1880,15,3.5358633703296407,-1.7824892649827
1880,16,3.5948746109636804,-1.8752906147488824
1880,17,3.567363643453945,-1.8706125739635155
1880,18,3.4138263954798003,-1.793206290458566
1880,19,3.5035254114059864,-1.8231061738373149
1881,0,3.5294467938835035,-1.8497739087476022
1881,1,3.5422371465914986,-1.9477427082034593
1881,2,3.57085846773642,-1.8215954545752862
1881,3,3.561879564705751,-1.8265072336918504
1881,4,3.542476053827688,-1.8743731521639475
1881,5,3.4537566067424486,-1.7135767614206778
1881,6,3.5265323574052054,-1.8775569324862191
1881,7,3.4762849203868327,-1.8825848022558513
1881,8,3.6114850965614385,-1.8438365938933081
1881,9,3.4197292273031903,-1.830327773012628
1881,10,3.535826888627946,-1.7759438329223498
1881,11,3.55684699481838,-1.847354648370871
1881,12,3.6195878699504163,-1.879882413798162
1881,13,3.4852564086671736,-1.861047029794223
1881,14,3.612268116176089,-1.826204336131127
1881,15,3.536760120314062,-1.7830734859228328
1881,16,3.595661240785216,-1.8758490811108932
1881,17,3.567363643453945,-1.8706125739635155
1881,18,3.4138263954798003,-1.793206290458566
1881,19,3.5044074138694516,-1.8237089317919948
1882,0,3.530300784675476,-1.8503521639964278
1882,1,3.543069996060655,-1.9482242891325658
1882,2,3.57085846773642,-1.8215954545752862
1882,3,3.5627032015159967,-1.8271115712748238
1882,4,3.5433476685412737,-1.8748750393122073
1882,5,3.454697688298137,-1.7142843131855316
1882,6,3.5273916077316776,-1.8780997809931252
1882,7,3.477188801851322,-1.8831261240286596
1882,8,3.612280595616445,-1.8443969467602237
1882,9,3.4197292273031903,-1.830327773012628
1882,10,3.5366807025622253,-1.7765964967175305
1882,11,3.557703273902139,-1.847893626714723
1882,12,3.620379998320614,-1.8803940424333716
1882,13,3.4852564086671736,-1.861047029794223
1882,14,3.613041405363172,-1.826813568013785
1882,15,3.5376543724022262,-1.78365959712058
1882,16,3.596447086955464,-1.876406991121147
1882,17,3.567363643453945,-1.8706125739635155
1882,18,3.4138263954798003,-1.793206290458566
1882,19,3.5052885376490543,-1.824311089256642
1883,0,3.531153924705541,-1.8509298431763501
1883,1,3.543902015845498,-1.9487053903109404
1883,2,3.57085846773642,-1.8215954545752862
1883,3,3.5635260177959673,-1.8277153067996121
1883,4,3.544217189572074,-1.8753785631786328
1883,5,3.455637832314269,-1.7149911600616712
1883,6,3.5282491384499366,-1.8786434547748936
1883,7,3.478091782819808,-1.8836669065071996
1883,8,3.6130741768414496,-1.844958342650988
1883,9,3.4197292273031903,-1.830327773012628
1883,10,3.537533665884477,-1.7772485102964852
1883,11,3.5585574604813286,-1.8484340434457305
1883,12,3.62117020340277,-1.8809069245032186
1883,13,3.486195846798271,-1.8615362216084157
1883,14,3.6138139241584275,-1.8274221929472299
1883,15,3.5385461518594186,-1.7842475465793777
1883,16,3.597232150261058,-1.876964345338112
1883,17,3.567363643453945,-1.8706125739635155
1883,18,3.4138263954798003,-1.793206290458566
1883,19,3.5061687836268,-1.824912646834017
1884,0,3.5320062148276916,-1.8515069468656267
1884,1,3.54473320677888,-1.9491860122201656
1884,2,3.57085846773642,-1.8215954545752862
1884,3,3.5643480143693025,-1.828318440870555
1884,4,3.545084635052966,-1.8758836818797133
1884,5,3.4565770397319295,-1.7156973027566507
1884,6,3.529104964242705,-1.8791879275590826
1884,7,3.4789938641961755,-1.8842071502327948
1884,8,3.6138658578709677,-1.8455207511824625
1884,9,3.4197292273031903,-1.830327773012628
1884,10,3.538385779448519,-1.7778998743118801
1884,11,3.5594095737399725,-1.8489758596340848
1884,12,3.6219585017197544,-1.8814210272946053
1884,13,3.4871329354848184,-1.862027654451054
1884,14,3.614585673335148,-1.8280302115406961
1884,15,3.539435483732814,-1.7848372834590769
1884,16,3.5980164314878462,-1.8775211443197004
1884,17,3.567363643453945,-1.8706125739635155
1884,18,3.4138263954798003,-1.793206290458566
1884,19,3.5070481526838155,-1.8255136051262795
1885,0,3.5328576558950715,-1.8520834756419389
1885,1,3.545562909768001,-1.9496672948144012
1885,2,3.57085846773642,-1.8215954545752862
1885,3,3.5651691920588218,-1.8289209740913905
1885,4,3.5459500229833676,-1.8763903543958311
1885,5,3.457515311491266,-1.7164027419773198
1885,6,3.529959099611973,-1.8797331736123049
1885,7,3.4798950468834082,-1.88474685574623
1885,8,3.614655656148956,-1.8460841425888064
1885,9,3.4197292273031903,-1.830327773012628
1885,10,3.539237044107317,-1.7785505894157312
1885,11,3.5602596326843954,-1.849519037162513
1885,12,3.622744909651787,-1.8819363187395142
1885,13,3.488067694945863,-1.8625212720683622
1885,14,3.6153566536658546,-1.828637624402811
1885,15,3.540322392846167,-1.7854287580486938
1885,16,3.59879916636569,-1.8780784646776163
1885,17,3.567363643453945,-1.8706125739635155
1885,18,3.4138263954798003,-1.793206290458566
1885,19,3.5079266457003504,-1.8261139647349893
1886,0,3.533708248759974,-1.8526594300823926
1886,1,3.5463917861275043,-1.9501480979088013
1886,2,3.57085846773642,-1.8215954545752862
1886,3,3.565989551686525,-1.8295229070652548
1886,4,3.546813371225258,-1.8768985405524463
1886,5,3.4584526485314893,-1.717107478429824
1886,6,3.530811558879785,-1.8802791677285118
1886,7,3.480795331783591,-1.8852860235877507
1886,8,3.615443588928549,-1.8466484877081228
1886,9,3.4197292273031903,-1.830327773012628
1886,10,3.5400874607129875,-1.779200656259405
1886,11,3.5611076561408748,-1.8500635387082869
1886,12,3.6235294434346366,-1.8824527674015172
1886,13,3.489000145320991,-1.8630170194160935
1886,14,3.6161268659223,-1.8292444321415955
1886,15,3.5412069037949943,-1.7860219217398186
1886,16,3.5995811214030247,-1.8786352297760132
1886,17,3.567363643453945,-1.8706125739635155
1886,18,3.4138263954798003,-1.793206290458566
1886,19,3.5088042635557772,-1.8267137262611068
1887,0,3.534557148752574,-1.853236057491659
1887,1,3.5472198366870966,-1.9506284219846506
1887,2,3.57085846773642,-1.8215954545752862
1887,3,3.566809094073593,-1.8301242403946831
1887,4,3.5476746974995126,-1.8774082010017024
1887,5,3.459389051790875,-1.7178115128196048
1887,6,3.5316623561891074,-1.8808258852175506
1887,7,3.4816947197979102,-1.8858246542970647
1887,8,3.616229673271936,-1.8472137579694128
1887,9,3.4197292273031903,-1.830327773012628
1887,10,3.540937030116799,-1.7798500754936188
1887,11,3.561953662753549,-1.850609327725649
1887,12,3.624312119158005,-1.8829703424625792
1887,13,3.4899303066610408,-1.863514842632307
1887,14,3.616896310875467,-1.8298506353644646
1887,15,3.542089040942224,-1.7866167270006676
1887,16,3.600362297382587,-1.8791914401722132
1887,17,3.567363643453945,-1.8706125739635155
1887,18,3.4138263954798003,-1.793206290458566
1887,19,3.509681007128592,-1.8273128903049942
1888,0,3.535405202979089,-1.8538121104022671
1888,1,3.5480470622756575,-1.9511082675227538
1888,2,3.57085846773642,-1.8215954545752862
1888,3,3.567626946779269,-1.8307261630176292
1888,4,3.5485340193825436,-1.8779192972044432
1888,5,3.4603245222067636,-1.7185148458514017
1888,6,3.5325115055047775,-1.8813733018939856
1888,7,3.482593211826654,-1.8863627484133416
1888,8,3.617013926050374,-1.847779925379826
1888,9,3.4197292273031903,-1.830327773012628
1888,10,3.541785753169171,-1.7804988477684425
1888,11,3.5627976709825746,-1.851156368428642
1888,12,3.625092952764091,-1.8834890137101479
1888,13,3.4908581989194243,-1.8640146890107552
1888,14,3.617664989295571,-1.8304562346782283
1888,15,3.5429688284142866,-1.7872131273507683
1888,16,3.6011426950863354,-1.8797470964229837
1888,17,3.567363643453945,-1.8706125739635155
1888,18,3.4138263954798003,-1.793206290458566
1888,19,3.510556877296416,-1.827911457466415
1889,0,3.5362524122884214,-1.8543875893908464
1889,1,3.54887346372124,-1.951587635003437
1889,2,3.57085846773642,-1.8215954545752862
1889,3,3.568443984651277,-1.8313274859399018
1889,4,3.549391354303228,-1.8784317914126334
1889,5,3.461257884628071,-1.719219039768814
1889,6,3.533359808890084,-1.8819201732288893
1889,7,3.483490808769214,-1.8869003064752143
1889,8,3.6177963639443234,-1.8483469625122042
1889,9,3.4197292273031903,-1.830327773012628
1889,10,3.5426336307196764,-1.7811469737332972
1889,11,3.5636396991025165,-1.8517046257743364
1889,12,3.6258719600463194,-1.8840087515245256
1889,13,3.491783841944032,-1.8645165069748715
1889,14,3.6184329019520596,-1.831061230689092
1889,15,3.5438462900976218,-1.7878110773362579
1889,16,3.601922315295449,-1.8803021990845368
1889,17,3.567363643453945,-1.8706125739635155
1889,18,3.4138263954798003,-1.793206290458566
1889,19,3.511430966926814,-1.8285107548536794
1890,0,3.5370987775286284,-1.854962495033452
1890,1,3.549699041851073,-1.9520665249065472
1890,2,3.57085846773642,-1.8215954545752862
1890,3,3.569260208507474,-1.8319282097634255
1890,4,3.5502467195401066,-1.8789456466521737
1890,5,3.4621903171143784,-1.7199225320781955
1890,6,3.5342072671941795,-1.8824664997696805
1890,7,3.484387511524085,-1.887437329020779
1890,8,3.618577003443703,-1.8489148424929103
1890,9,3.4197292273031903,-1.830327773012628
1890,10,3.543480663617041,-1.781794454036958
1890,11,3.564479765200957,-1.8522540654464432
1890,12,3.6266491566482304,-1.884529526866516
1890,13,3.4927072554696865,-1.8650202460523433
1890,14,3.6192000496136143,-1.8316656240026576
1890,15,3.5447214496355834,-1.788410532505785
1890,16,3.602701158790328,-1.8808567487125312
1890,17,3.567363643453945,-1.8706125739635155
1890,18,3.4138263954798003,-1.793206290458566
1890,19,3.511430966926814,-1.8285107548536794
1891,0,3.537944299546923,-1.8555368279055648
1891,1,3.5505237974915618,-1.9525449377114539
1891,2,3.57085846773642,-1.8215954545752862
1891,3,3.5700756191648995,-1.8325283350895258
1891,4,3.5511001322188465,-1.8794608267061024
1891,5,3.463121820599052,-1.7206253234837423
1891,6,3.5350538812653705,-1.8830122820632325
1891,7,3.4852833209888683,-1.8879738165875959
1891,8,3.619355860848257,-1.8494835389899338
1891,9,3.4197292273031903,-1.830327773012628
1891,10,3.544325866359289,-1.782442577634162
1891,11,3.5653178871773186,-1.8528046538393081
1891,12,3.627424558062522,-1.885051311265341
1891,13,3.493628459111122,-1.8655258568502622
1891,14,3.6199664330481505,-1.8322694152239232
1891,15,3.545594330425716,-1.7890114493869995
1891,16,3.603479226350596,-1.8814107458620715
1891,17,3.567363643453945,-1.8706125739635155
1891,18,3.4138263954798003,-1.793206290458566
1891,19,3.511430966926814,-1.8285107548536794
1892,0,3.5387889791896727,-1.856110588582093
1892,1,3.5513477314682866,-1.9530228738970485
1892,2,3.57085846773642,-1.8215954545752862
1892,3,3.5708902174397807,-1.8331278625189285
1892,4,3.5511001322188465,-1.8794608267061024
1892,5,3.464052396014527,-1.7213274146889497
1892,6,3.535898866023055,-1.883558737857471
1892,7,3.4861774371455687,-1.8885111047926677
1892,8,3.620132952268027,-1.8500530262012698
1892,9,3.4197292273031903,-1.830327773012628
1892,10,3.5451702270144123,-1.783090055496906
1892,11,3.5661540827418805,-1.853356358042274
1892,12,3.628198179630236,-1.8855740768068205
1892,13,3.494547472356465,-1.86603329103084
1892,14,3.6207312109306207,-1.8328736722805872
1892,15,3.5464649556173855,-1.789613785463616
1892,16,3.604256518755099,-1.8819641910877092
1892,17,3.567363643453945,-1.8706125739635155
1892,18,3.4138263954798003,-1.793206290458566
1892,19,3.511430966926814,-1.8285107548536794
1893,0,3.5396328173024036,-1.8566837776373712
1893,1,3.5521708446060063,-1.953500333941746
1893,2,3.57085846773642,-1.8215954545752862
1893,3,3.5717040041475316,-1.833726792651761
1893,4,3.5511001322188465,-1.8794608267061024
1893,5,3.4649820442923107,-1.7220288063966114
1893,6,3.5367430089194016,-1.884104649215846
1893,7,3.487070662486942,-1.8890478576930538
1893,8,3.6209082936239234,-1.8506232788435633
1893,9,3.4197292273031903,-1.830327773012628
1893,10,3.5460137464276174,-1.7837368882733162
1893,11,3.5669883694149855,-1.853909145824407
1893,12,3.6289700365400783,-1.8860977961218115
1893,13,3.4954643145611866,-1.8665425012876775
1893,14,3.621495226865998,-1.833477327316824
1893,15,3.547333348109742,-1.7902174991530397
1893,16,3.605033036781907,-1.8825170849434438
1893,17,3.567363643453945,-1.8706125739635155
1893,18,3.4138263954798003,-1.793206290458566
1893,19,3.511430966926814,-1.8285107548536794
1894,0,3.540475814729798,-1.8572563956451624
1894,1,3.552993137728658,-1.953977318323484
1894,2,3.57085846773642,-1.8215954545752862
1894,3,3.5725169801027534,-1.8343251260875535
1894,4,3.5511001322188465,-1.8794608267061024
1894,5,3.465910766362982,-1.7227294993088214
1894,6,3.537586310799398,-1.8846500166848155
1894,7,3.487070662486942,-1.8890478576930538
1894,8,3.6216819006483867,-1.851194272141013
1894,9,3.4197292273031903,-1.830327773012628
1894,10,3.5468564254432673,-1.7843830766108728
1894,11,3.5678207645264237,-1.8544629856195745
1894,12,3.629740143827874,-1.8866224423748994
1894,13,3.4963790049425088,-1.8670534413225766
1894,14,3.622258481619063,-1.8340803809368924
1894,15,3.5481995305500003,-1.7908225497845394
1894,16,3.6058087812083164,-1.8830694279827225
1894,17,3.567363643453945,-1.8706125739635155
1894,18,3.4138263954798003,-1.793206290458566
1894,19,3.511430966926814,-1.8285107548536794
1895,0,3.5413179723156976,-1.8578284431786576
1895,1,3.5538146116593583,-1.9544538275197247
1895,2,3.57085846773642,-1.8215954545752862
1895,3,3.573329146119236,-1.834922863425238
1895,4,3.5511001322188465,-1.8794608267061024
1895,5,3.4668385631561924,-1.7234294941269739
1895,6,3.5384287725071903,-1.8851948408102928
1895,7,3.487070662486942,-1.8890478576930538
1895,8,3.622453788886139,-1.8517659818145291
1895,9,3.4197292273031903,-1.830327773012628
1895,10,3.5476982649048847,-1.7850286211564108
1895,11,3.568651285214982,-1.85501784651187
1895,12,3.6305085163761404,-1.8871479892533363
1895,13,3.4972915625742376,-1.867566065822884
1895,14,3.6230209759538345,-1.8346828337444503
1895,15,3.5490635253320137,-1.7914288975779549
1895,16,3.606583752810847,-1.883621220758441
1895,17,3.567363643453945,-1.8706125739635155
1895,18,3.4138263954798003,-1.793206290458566
1895,19,3.511430966926814,-1.8285107548536794
1896,0,3.5421592909031023,-1.8583999208104771
1896,1,3.554635267220403,-1.954929862007454
1896,2,3.57085846773642,-1.8215954545752862
1896,3,3.574140503009958,-1.83552000526315
1896,4,3.5511001322188465,-1.8794608267061024
1896,5,3.4677654356006675,-1.7241287915517645
1896,6,3.5392703948860835,-1.8857391221376474
1896,7,3.487070662486942,-1.8890478576930538
1896,8,3.6232239736950156,-1.8523383840711372
1896,9,3.4197292273031903,-1.830327773012628
1896,10,3.548539265655152,-1.7856735225561209
1896,11,3.5694799484281527,-1.8555736982213757
1896,12,3.63127516891378,-1.8876744109562222
1896,13,3.4982020063820056,-1.8680803304393563
1896,14,3.6237827106335705,-1.8352846863425532
1896,15,3.549925354595132,-1.7920365036229278
1896,16,3.607357952365247,-1.8841724638229447
1896,17,3.567363643453945,-1.8706125739635155
1896,18,3.4138263954798003,-1.793206290458566
1896,19,3.511430966926814,-1.8285107548536794
1897,0,3.542999771334173,-1.8589708291126705
1897,1,3.5554551052332695,-1.955405422263183
1897,2,3.57085846773642,-1.8215954545752862
1897,3,3.574951051587089,-1.8361165521990293
1897,4,3.5511001322188465,-1.8794608267061024
1897,5,3.468691384624208,-1.7248273922831903
1897,6,3.5401111787785426,-1.8862828612117053
1897,7,3.487070662486942,-1.8890478576930538
1897,8,3.623992470246875,-1.8529114555936257
1897,9,3.4197292273031903,-1.830327773012628
1897,10,3.5493794285359117,-1.7863177814555502
1897,11,3.5703067709219924,-1.8561305110902535
1897,12,3.6320401160158817,-1.8882016821839223
1897,13,3.4991103551389,-1.8685961917645333
1897,14,3.624543686420768,-1.835885939333656
1897,15,3.55078504022332,-1.792645329858641
1897,16,3.6081313806464905,-1.8847231577280283
1897,17,3.567363643453945,-1.8706125739635155
1897,18,3.4138263954798003,-1.793206290458566
1897,19,3.511430966926814,-1.8285107548536794
1898,0,3.5438394144502317,-1.8595411686567176
1898,1,3.556274126518616,-1.9558805087629476
1898,2,3.57085846773642,-1.8215954545752862
1898,3,3.575760792661988,-1.83671250483002
1898,4,3.5511001322188465,-1.8794608267061024
1898,5,3.4696164111536887,-1.7255252970205517
1898,6,3.5409511250261927,-1.88682605857675
1898,7,3.487070662486942,-1.8890478576930538
1898,8,3.6247592935285775,-1.8534851735304283
1898,9,3.4197292273031903,-1.830327773012628
1898,10,3.5502187543881676,-1.7869613984996022
1898,11,3.571131769261118,-1.85668825606916
1898,12,3.6328033721036292,-1.8887297781277148
1898,13,3.5000166274614566,-1.8691136073116124
1898,14,3.625303904077164,-1.8364865933196137
1898,15,3.551642603844529,-1.7932553390540553
1898,16,3.60890403842878,-1.8852733030249371
1898,17,3.567363643453945,-1.8706125739635155
1898,18,3.414847993249205,-1.7937496774468293
1898,19,3.511430966926814,-1.8285107548536794
1899,0,3.5446782210917616,-1.860110940013529
1899,1,3.557092331896284,-1.9563551219823103
1899,2,3.57085846773642,-1.8215954545752862
1899,3,3.5765697270452073,-1.8373078637526712
1899,4,3.5511001322188465,-1.8794608267061024
1899,5,3.470540516115063,-1.7262225064624517
1899,6,3.541790234469821,-1.8873687147765226
1899,7,3.487070662486942,-1.8890478576930538
1899,8,3.625524458343033,-1.8540595154857378
1899,9,3.4197292273031903,-1.830327773012628
1899,10,3.551057244052086,-1.7876043743325385
1899,11,3.5719549598188407,-1.8572469047039752
1899,12,3.6335649514443054,-1.8892586744596678
1899,13,3.500920841806007,-1.8696325354938106
1899,14,3.6260633643637377,-1.8370866489016817
1899,15,3.552498066830296,-1.7938664947886336
1899,16,3.609675926485547,-1.885822900264367
1899,17,3.567363643453945,-1.8706125739635155
1899,18,3.415866848523387,-1.7942957787596259
1899,19,3.511430966926814,-1.8285107548536794
1900,0,3.5455161920984093,-1.8606801437534461
1900,1,3.5579090807335993,-1.9568303665020605
1900,2,3.57085846773642,-1.8215954545752862
1900,3,3.577377855546491,-1.8379026295629377
1900,4,3.5511001322188465,-1.8794608267061024
1900,5,3.470540516115063,-1.7262225064624517
1900,6,3.542628507949377,-1.8879108303542225
1900,7,3.487070662486942,-1.8890478576930538
1900,8,3.6262879793103098,-1.8546344595098443
1900,9,3.4197292273031903,-1.830327773012628
1900,10,3.551894898366995,-1.7882467095979784
1900,11,3.5727763587774177,-1.8578064291228387
1900,12,3.634324868151392,-1.889788347322735
1900,13,3.5018230164653503,-1.8701529356042046
1900,14,3.6268220680407093,-1.837686106680516
1900,15,3.5533514502955716,-1.7944787614335345
1900,16,3.610447045589452,-1.886371949996465
1900,17,3.567363643453945,-1.8706125739635155
1900,18,3.416882987948911,-1.7948445214446804
1900,19,3.511430966926814,-1.8285107548536794
1901,0,3.5463533283089848,-1.8612487804462425
1901,1,3.558725015843831,-1.9573051375355695
1901,2,3.57085846773642,-1.8215954545752862
1901,3,3.578185178974776,-1.8384968028561808
1901,4,3.5511001322188465,-1.8794608267061024
1901,5,3.470540516115063,-1.7262225064624517
1901,6,3.543465946303973,-1.8884524058525078
1901,7,3.487070662486942,-1.8890478576930538
1901,8,3.627049870868804,-1.8552099840896934
1901,9,3.4197292273031903,-1.830327773012628
1901,10,3.552731718171388,-1.7888884049389002
1901,11,3.5735959821284284,-1.8583668020234863
1901,12,3.6350831361847584,-1.8903187733210705
1901,13,3.5027231695657455,-1.870674767796038
1901,14,3.6268220680407093,-1.837686106680516
1901,15,3.554202775098749,-1.7950921041332721
1901,16,3.6112166539549992,-1.8869214941726982
1901,17,3.567363643453945,-1.8706125739635155
1901,18,3.4178964380526673,-1.7953958342540999
1901,19,3.511430966926814,-1.8285107548536794
1902,0,3.5471896305614616,-1.8618168506611241
1902,1,3.559540138043731,-1.9577794355580835
1902,2,3.57085846773642,-1.8215954545752862
1902,3,3.578991698138194,-1.8390903842271684
1902,4,3.5511001322188465,-1.8794608267061024
1902,5,3.470540516115063,-1.7262225064624517
1902,6,3.544302550371886,-1.8889934418134964
1902,7,3.487070662486942,-1.8890478576930538
1902,8,3.6278101472764597,-1.8557860681396596
1902,9,3.4197292273031903,-1.830327773012628
1902,10,3.553567704302923,-1.7895294609976415
1902,11,3.5744138456732566,-1.8589279966608794
1902,12,3.635839769350932,-1.8908499295105528
1902,13,3.503621319064195,-1.8711979930634868
1902,14,3.6268220680407093,-1.837686106680516
1902,15,3.5550520618418875,-1.795706488787824
1902,16,3.6119854955602073,-1.887470490838408
1902,17,3.567363643453945,-1.8706125739635155
1902,18,3.4189072252276205,-1.795949647602669
1902,19,3.511430966926814,-1.8285107548536794
1903,0,3.5480250996929796,-1.8623843549667298
1903,1,3.560354448149237,-1.9582532610443752
1903,2,3.57085846773642,-1.8215954545752862
1903,3,3.5797974138440725,-1.8396833742700762
1903,4,3.5511001322188465,-1.8794608267061024
1903,5,3.470540516115063,-1.7262225064624517
1903,6,3.545138320990557,-1.8895339387787655
1903,7,3.487070662486942,-1.8890478576930538
1903,8,3.6285688226120407,-1.8563626909925295
1903,9,3.4197292273031903,-1.830327773012628
1903,10,3.5544028575984217,-1.7901698784159001
1903,11,3.575229965023677,-1.8594899868351216
1903,12,3.636594781303449,-1.8913817933895187
1903,13,3.5045174827460146,-1.8717225732228717
1903,14,3.6268220680407093,-1.837686106680516
1903,15,3.555899330871123,-1.7963218820351785
1903,16,3.612753571174687,-1.8880189405431405
1903,17,3.5682185921419243,-1.8711093691781677
1903,18,3.4199153757195795,-1.7965058935271627
1903,19,3.511430966926814,-1.8285107548536794
1904,0,3.5488589174023115,-1.8629524979796288
1904,1,3.561167946975475,-1.9587266144687445
1904,2,3.57085846773642,-1.8215954545752862
1904,3,3.5806023268989327,-1.8402757735784876
1904,4,3.5511001322188465,-1.8794608267061024
1904,5,3.470540516115063,-1.7262225064624517
1904,6,3.5459732589965935,-1.8900738972893532
1904,7,3.487070662486942,-1.8890478576930538
1904,8,3.6293259107764504,-1.8569398323906883
1904,9,3.4197292273031903,-1.830327773012628
1904,10,3.5552371788938744,-1.7908096578347346
1904,11,3.5760443556025407,-1.8600527468796528
1904,12,3.6373481855432783,-1.8919143428896978
1904,13,3.5054116782226683,-1.872248470894308
1904,14,3.6268220680407093,-1.837686106680516
1904,15,3.556744602277245,-1.7969382512343122
1904,16,3.6135208815672835,-1.8885668438358945
1904,17,3.5690713802176557,-1.8716079339550864
1904,18,3.420920915614936,-1.7970645056466517
1904,19,3.511430966926814,-1.8285107548536794
1905,0,3.5496919043742055,-1.8635200749483365
1905,1,3.561980635336758,-1.9591994963050188
1905,2,3.57085846773642,-1.8215954545752862
1905,3,3.581405592102832,-1.8408687305242954
1905,4,3.5511001322188465,-1.8794608267061024
1905,5,3.470540516115063,-1.7262225064624517
1905,6,3.5468073652257694,-1.8906133178857585
1905,7,3.487070662486942,-1.8890478576930538
1905,8,3.630081425494093,-1.8575174724775076
1905,9,3.4197292273031903,-1.830327773012628
1905,10,3.556070669024437,-1.7914487998945645
1905,11,3.5768570326445492,-1.860616251649719
1905,12,3.638099995419316,-1.8924475563673462
1905,13,3.5063039229298574,-1.8727756494837815
1905,14,3.6268220680407093,-1.837686106680516
1905,15,3.5575878958964373,-1.797555564448584
1905,16,3.614287427506074,-1.8891142012651216
1905,17,3.5699220262073394,-1.8721082242241376
1905,18,3.4219238708293194,-1.7976254191237844
1905,19,3.511430966926814,-1.8285107548536794
1906,0,3.550524061442482,-1.864087086440998
1906,1,3.5627925140465875,-1.959671907026553
1906,2,3.57085846773642,-1.8215954545752862
1906,3,3.5822080570097286,-1.841461096704234
1906,4,3.5511001322188465,-1.8794608267061024
1906,5,3.470540516115063,-1.7262225064624517
1906,6,3.5476406405130256,-1.8911522011079418
1906,7,3.487070662486942,-1.8890478576930538
1906,8,3.6308353803142737,-1.8580955917889277
1906,9,3.4197292273031903,-1.830327773012628
1906,10,3.556903328824434,-1.7920873052351718
1906,11,3.5776680111971166,-1.861180476511106
1906,12,3.638850224128946,-1.8929814125945734
1906,13,3.507194234125848,-1.8733040731656456
1906,14,3.6268220680407093,-1.837686106680516
1906,15,3.558429231311166,-1.798173790429538
1906,16,3.615053209758373,-1.8896610133787273
1906,17,3.5699220262073394,-1.8721082242241376
1906,18,3.4229242670971205,-1.7981885706270229
1906,19,3.511430966926814,-1.8285107548536794
1907,0,3.5513553894401313,-1.8646535330251923
1907,1,3.5636035839176547,-1.9601438471062307
1907,2,3.57085846773642,-1.8215954545752862
1907,3,3.583009722422891,-1.8420528727112626
1907,4,3.5511001322188465,-1.8794608267061024
1907,5,3.470540516115063,-1.7262225064624517
1907,6,3.5484730856924718,-1.891690547495326
1907,7,3.487070662486942,-1.8890478576930538
1907,8,3.631587788612637,-1.8586741712452297
1907,9,3.4197292273031903,-1.830327773012628
1907,10,3.557735159127359,-1.792725174495701
1907,11,3.57847730612131,-1.861745397329134
1907,12,3.6395988847186636,-1.8935158907508587
1907,13,3.508082628890027,-1.873833706865523
1907,14,3.6268220680407093,-1.837686106680516
1907,15,3.55926862785121,-1.798792898601102
1907,16,3.6158182290907286,-1.890207280724071
1907,17,3.5699220262073394,-1.8721082242241376
1907,18,3.4239221299618374,-1.7987538982938134
1907,19,3.511430966926814,-1.8285107548536794
1908,0,3.552185889199314,-1.8652194152679331
1908,1,3.5644138457618415,-1.9606153170164646
1908,2,3.57085846773642,-1.8215954545752862
1908,3,3.5838105891447865,-1.8426440591377495
1908,4,3.5511001322188465,-1.8794608267061024
1908,5,3.470540516115063,-1.7262225064624517
1908,6,3.549304701597386,-1.8922283575867962
1908,7,3.487070662486942,-1.8890478576930538
1908,8,3.632339447364003,-1.8592521743223303
1908,9,3.4197292273031903,-1.830327773012628
1908,10,3.5585661607658743,-1.7933624083146598
1908,11,3.5792849320928646,-1.8623109904579076
1908,12,3.6403459900847537,-1.8940509704147526
1908,13,3.50896912412167,-1.8743645162436093
1908,14,3.6268220680407093,-1.837686106680516
1908,15,3.5601061045948224,-1.799412859044175
1908,16,3.616582486268926,-1.890753003847967
1908,17,3.5699220262073394,-1.8721082242241376
1908,18,3.4249174847671986,-1.79932134169467
1908,19,3.511430966926814,-1.8285107548536794
1909,0,3.5530155615513603,-1.865784733735669
1909,1,3.565223300390221,-1.9610863172291964
1909,2,3.57085846773642,-1.8215954545752862
1909,3,3.584610657977084,-1.843234656575473
1909,4,3.5511001322188465,-1.8794608267061024
1909,5,3.470540516115063,-1.7262225064624517
1909,6,3.550134727353857,-1.8927668079204991
1909,7,3.487070662486942,-1.8890478576930538
1909,8,3.6330895743282166,-1.8598306184081113
1909,9,3.4197292273031903,-1.830327773012628
1909,10,3.5593953807332883,-1.794000249282253
1909,11,3.580090903603269,-1.862877232729811
1909,12,3.6410915529740278,-1.8945866315557593
1909,13,3.5098537365389135,-1.8748964676783655
1909,14,3.6268220680407093,-1.837686106680516
1909,15,3.5609416803700116,-1.8000336424815926
1909,16,3.6173459820579876,-1.8912981832966844
1909,17,3.5699220262073394,-1.8721082242241376
1909,18,3.4259103566490223,-1.799890841798154
1909,19,3.511430966926814,-1.8285107548536794
1910,0,3.5538444073267734,-1.8663494889942844
1910,1,3.566031948613058,-1.9615568482158976
1910,2,3.57085846773642,-1.8215954545752862
1910,3,3.585409929720653,-1.8438246656156214
1910,4,3.5511001322188465,-1.8794608267061024
1910,5,3.470540516115063,-1.7262225064624517
1910,6,3.5509639261567356,-1.893304721796828
1910,7,3.487070662486942,-1.8890478576930538
1910,8,3.633838953941428,-1.8604084861904293
1910,9,3.4197292273031903,-1.830327773012628
1910,10,3.5602237745417913,-1.7946374547634618
1910,11,3.5808952349609147,-1.8634441014452476
1910,12,3.64183558598461,-1.8951228545263963
1910,13,3.510736482677919,-1.8754295282505908
1910,14,3.6268220680407093,-1.837686106680516
1910,15,3.561775373755939,-1.8006552202634594
1910,16,3.618108717222173,-1.8918428196159485
1910,17,3.5699220262073394,-1.8721082242241376
1910,18,3.4269007705277743,-1.800462340936726
1910,19,3.5123533122708563,-1.82903059341956
1911,0,3.554672427355229,-1.8669136816090999
1911,1,3.5668397912398104,-1.9620269104475705
1911,2,3.57085846773642,-1.8215954545752862
1911,3,3.5862084051755656,-1.8444140868487946
1911,4,3.5511001322188465,-1.8794608267061024
1911,5,3.470540516115063,-1.7262225064624517
1911,6,3.551792298836051,-1.8938420997542351
1911,7,3.487070662486942,-1.8890478576930538
1911,8,3.6345875869537667,-1.8609857782477306
1911,9,3.4197292273031903,-1.830327773012628
1911,10,3.5602237745417913,-1.7946374547634618
1911,11,3.581697940292307,-1.8640115743626138
1911,12,3.6425781015667713,-1.895659620054426
1911,13,3.511617378892216,-1.8759636657278698
1911,14,3.6268220680407093,-1.837686106680516
1911,15,3.562607203084422,-1.8012775643528411
1911,16,3.6188706925249816,-1.8923869133509408
1911,17,3.5699220262073394,-1.8721082242241376
1911,18,3.4278887511017797,-1.8010357827734527
1911,19,3.5132731808034348,-1.8295526929630315
1912,0,3.5554996224655757,-1.8674773121448727
1912,1,3.5676468290791292,-1.9624965043947478
1912,2,3.57085846773642,-1.8215954545752862
1912,3,3.587006085141096,-1.8450029208650038
1912,4,3.5511001322188465,-1.8794608267061024
1912,5,3.470540516115063,-1.7262225064624517
1912,6,3.552619846221005,-1.8943789423306365
1912,7,3.487070662486942,-1.8890478576930538
1912,8,3.6353354741146156,-1.8615624951578849
1912,9,3.4197292273031903,-1.830327773012628
1912,10,3.5602237745417913,-1.7946374547634618
1912,11,3.5824990335433293,-1.864579629688505
1912,12,3.643319112023809,-1.896196909235258
1912,13,3.5124964413522175,-1.8764988485493799
1912,14,3.6268220680407093,-1.837686106680516
1912,15,3.5634371864415333,-1.8019006473118064
1912,16,3.6196319087291506,-1.8929304650462995
1912,17,3.5699220262073394,-1.8721082242241376
1912,18,3.4288743228410623,-1.80161111226955
1912,19,3.514190595053208,-1.830076995721961
1913,0,3.5563259934858364,-1.8680403811657975
1913,1,3.5684530629388598,-1.9629656305274934
1913,2,3.57085846773642,-1.8215954545752862
1913,3,3.5878029704157233,-1.8455911682536725
1913,4,3.5511001322188465,-1.8794608267061024
1913,5,3.470540516115063,-1.7262225064624517
1913,6,3.553446569139973,-1.894915250063412
1913,7,3.487070662486942,-1.8890478576930538
1913,8,3.6360826161726103,-1.8621386374981865
1913,9,3.4197292273031903,-1.830327773012628
1913,10,3.5602237745417913,-1.7946374547634618
1913,11,3.5832985284805643,-1.8651482460681463
1913,12,3.6440586295129678,-1.8967347035245146
1913,13,3.5133736860448956,-1.877035045811057
1913,14,3.6268220680407093,-1.837686106680516
1913,15,3.5642653416692935,-1.8025244422878104
1913,16,3.6203923665966586,-1.8934734752461206
1913,17,3.5699220262073394,-1.8721082242241376
1913,18,3.429857509981766,-1.8021882756527399
1913,19,3.5151055774428475,-1.8306034451910562
1914,0,3.55715154124321,-1.868602889235507
1914,1,3.569258493626043,-1.963434289315403
1914,2,3.57085846773642,-1.8215954545752862
1914,3,3.5885990617971295,-1.8461788296036368
1914,4,3.5511001322188465,-1.8794608267061024
1914,5,3.470540516115063,-1.7262225064624517
1914,6,3.554272468420506,-1.8954510234894064
1914,7,3.487070662486942,-1.8890478576930538
1914,8,3.6368290138756407,-1.8627142058453545
1914,9,3.420735284233121,-1.8308424605148688
1914,10,3.5602237745417913,-1.7946374547634618
1914,11,3.5840972269020424,-1.865716295950259
1914,12,3.6447966660464,-1.8972729847307594
1914,13,3.5142491287736095,-1.877572227251106
1914,14,3.6268220680407093,-1.837686106680516
1914,15,3.565091686367447,-1.8031489230004096
1914,16,3.6211520668887247,-1.8940159444939577
1914,17,3.5699220262073394,-1.8721082242241376
1914,18,3.4308383365211363,-1.8027672203864054
1914,19,3.5160181502795456,-1.8311319860931874
1915,0,3.55797626656407,-1.8691648369170726
1915,1,3.5700631219469168,-1.9639024812276047
1915,2,3.57085846773642,-1.8215954545752862
1915,3,3.5893943600822036,-1.8467659055031462
1915,4,3.5511001322188465,-1.8794608267061024
1915,5,3.470540516115063,-1.7262225064624517
1915,6,3.5550975448893296,-1.8959862631449291
1915,7,3.488003586705609,-1.889509858548523
1915,8,3.6375746679708514,-1.8632892007755333
1915,9,3.421738808467739,-1.8313596386722997
1915,10,3.5602237745417913,-1.7946374547634618
1915,11,3.5848951296072613,-1.8662837799034615
1915,12,3.6455332334921624,-1.8978117350083834
1915,13,3.515122785158076,-1.8781103632358502
1915,14,3.6268220680407093,-1.837686106680516
1915,15,3.5659162378953155,-1.8037740637283017
1915,16,3.6219110103658094,-1.8945578733328232
1915,17,3.5699220262073394,-1.8721082242241376
1915,18,3.431816826213024,-1.803347895139522
1915,19,3.51692833574617,-1.8316625643513618
1916,0,3.5588001702739676,-1.8697262247730042
1916,1,3.5708663257106,-1.964371275769237
1916,2,3.57085846773642,-1.8215954545752862
1916,3,3.59018886606704,-1.8473523965398644
1916,4,3.5511001322188465,-1.8794608267061024
1916,5,3.470540516115063,-1.7262225064624517
1916,6,3.555921799372346,-1.8965209695657557
1916,7,3.488934270840936,-1.8899740602428978
1916,8,3.638319579204643,-1.8638636228642933
1916,9,3.4227398232980106,-1.831879242015646
1916,10,3.5602237745417913,-1.7946374547634618
1916,11,3.5856922373949227,-1.866850698495806
1916,12,3.646268343575245,-1.8983509368506442
1916,13,3.5159946706344742,-1.8786494247459116
1916,14,3.6268220680407093,-1.837686106680516
1916,15,3.5667390133737236,-1.804399839296681
1916,16,3.622669197787616,-1.8950992623051883
1916,17,3.5699220262073394,-1.8721082242241376
1916,18,3.432793002563882,-1.8039302497573504
1916,19,3.51783615589303,-1.8321951270613381
1917,0,3.5596232531976306,-1.8702870533652518
1917,1,3.5716687292460025,-1.964839603252986
1917,2,3.57085846773642,-1.8215954545752862
1917,3,3.5909825805469393,-1.8479383033008694
1917,4,3.5511001322188465,-1.8794608267061024
1917,5,3.470540516115063,-1.7262225064624517
1917,6,3.5567452326946354,-1.8970551432871277
1917,7,3.48986273306149,-1.8904404089460647
1917,8,3.639063748322673,-1.8644374726866317
1917,9,3.4237383519094884,-1.8324012065618933
1917,10,3.5602237745417913,-1.7946374547634618
1917,11,3.5864885510629323,-1.8674170522947786
1917,12,3.6470020078786347,-1.8988905730828578
1917,13,3.5168648004556764,-1.8791893833627138
1917,14,3.6268220680407093,-1.837686106680516
1917,15,3.567560029686989,-1.8050262250649003
1917,16,3.6234259090350207,-1.8956411200856746
1917,17,3.5699220262073394,-1.8721082242241376
1917,18,3.4337668888292314,-1.8045142352328676
1917,19,3.5187416326302245,-1.8327296224648684
1918,0,3.5604455161589663,-1.8708473232552052
1918,1,3.5724703333563315,-1.9653074641476476
1918,2,3.57085846773642,-1.8215954545752862
1918,3,3.591775504316411,-1.8485236263726545
1918,4,3.5511001322188465,-1.8794608267061024
1918,5,3.470540516115063,-1.7262225064624517
1918,6,3.5575678456804547,-1.8975887848437536
1918,7,3.4907889914835364,-1.8909088519606707
1918,8,3.6398071760698545,-1.8650107508169729
1918,9,3.4247344173707153,-1.8329254697789428
1918,10,3.5602237745417913,-1.7946374547634618
1918,11,3.5872840714084004,-1.8679828418673
1918,12,3.647734237844404,-1.8994306268557362
1918,13,3.5177331896916,-1.8797302112553
1918,14,3.6268220680407093,-1.837686106680516
1918,15,3.568379303484976,-1.805653196914436
1918,16,3.624181866375032,-1.8961824380161345
1918,17,3.5699220262073394,-1.8721082242241376
1918,18,3.434738508010565,-1.8050998036789243
1918,19,3.519644787720548,-1.8332659999235545
1919,0,3.561266959981061,-1.871407035003695
1919,1,3.5732711388439933,-1.9657748589215511
1919,2,3.57085846773642,-1.8215954545752862
1919,3,3.5925676381691725,-1.8491083663411287
1919,4,3.5511001322188465,-1.8794608267061024
1919,5,3.471514393903641,-1.7268461764608158
1919,6,3.5583896391532406,-1.8981218947698093
1919,7,3.4917130641620266,-1.8913793376972272
1919,8,3.6405498631903597,-1.8655834578291686
1919,9,3.425728042622445,-1.833451970551105
1919,10,3.5602237745417913,-1.7946374547634618
1919,11,3.5880787992276444,-1.868548067779726
1919,12,3.648465738303552,-1.8999701425834354
1919,13,3.5185998532296696,-1.880271881167459
1919,14,3.6268220680407093,-1.837686106680516
1919,15,3.569197761035224,-1.8062795441078974
1919,16,3.6249370705643638,-1.8967232166384278
1919,17,3.5699220262073394,-1.8721082242241376
1919,18,3.435707882852667,-1.805686908301105
1919,19,3.520545642772919,-1.8338042098933094
1920,0,3.5620875854861804,-1.8719661891709936
1920,1,3.5740711465105948,-1.9662417880425593
1920,2,3.57085846773642,-1.8215954545752862
1920,3,3.5933589828981503,-1.8496925237916173
1920,4,3.5511001322188465,-1.8794608267061024
1920,5,3.4724853789140235,-1.7274722375443694
1920,6,3.5592106139356092,-1.8986544735989381
1920,7,3.492634969082152,-1.8918518156497572
1920,8,3.6412918104276195,-1.8661555942964991
1920,9,3.4267192504676394,-1.8339806491454198
1920,10,3.5602237745417913,-1.7946374547634618
1920,11,3.588872735316187,-1.8691127305978483
1920,12,3.6491965099883115,-1.9005091208060114
1920,13,3.519464805775384,-1.8808143664051507
1920,14,3.6268220680407093,-1.837686106680516
1920,15,3.57001540315701,-1.8069052672722585
1920,16,3.6256915223589767,-1.8972634564938744
1920,17,3.5699220262073394,-1.8721082242241376
1920,18,3.4366750358413216,-1.806275503371278
1920,19,3.5214442192363142,-1.8343442038994076
1921,0,3.5629065997242666,-1.872525949496241
1921,1,3.5748703571569447,-1.9667082519780685
1921,2,3.57085846773642,-1.8215954545752862
1921,3,3.5941495392954814,-1.8502760993088623
1921,4,3.5511001322188465,-1.8794608267061024
1921,5,3.4734535029128004,-1.728100621497167
1921,6,3.560030770849357,-1.899186521864252
1921,7,3.493554724151431,-1.892326236371974
1921,8,3.6420330185243235,-1.8667271607916738
1921,9,3.427708063562197,-1.834511447178781
1921,10,3.5602237745417913,-1.7946374547634618
1921,11,3.5896658804687593,-1.869676830886895
1921,12,3.649926553630186,-1.9010475620629819
1921,13,3.5203280618529798,-1.881357640824225
1921,14,3.6268220680407093,-1.837686106680516
1921,15,3.570832230668795,-1.807530367033869
1921,16,3.6264452225140773,-1.897803158123255
1921,17,3.5699220262073394,-1.8721082242241376
1921,18,3.4376399892013914,-1.8068655442018164
1921,19,3.522340538394172,-1.834885934512116
1922,0,3.563724797977416,-1.873085152131558
1922,1,3.5756687715830537,-1.9671742511950097
1922,2,3.57085846773642,-1.8215954545752862
1922,3,3.59493848834985,-1.8508602024138527
1922,4,3.5511001322188465,-1.8794608267061024
1922,5,3.474418797400007,-1.7287312617315116
1922,6,3.560850110715462,-1.899718040098332
1922,7,3.494472347192304,-1.892802551453984
1922,8,3.6427734882224216,-1.867298157886831
1922,9,3.4286945044063804,-1.8350443075858514
1922,10,3.5602237745417913,-1.7946374547634618
1922,11,3.5904582354793004,-1.870240369211531
1922,12,3.6506558699599494,-1.901585466893327
1922,13,3.5211896358061914,-1.881901678818428
1922,14,3.6268220680407093,-1.837686106680516
1922,15,3.571648244388223,-1.808154844018454
1922,16,3.62719817178412,-1.8983423220668114
1922,17,3.5699220262073394,-1.8721082242241376
1922,18,3.4386027648952364,-1.8074569871204724
1922,19,3.523234621359253,-1.8354293553228915
1923,0,3.564542181064646,-1.8736437976367069
1923,1,3.576466390588135,-1.9676397861598485
1923,2,3.57085846773642,-1.8215954545752862
1923,3,3.5957266513750543,-1.8514437235774963
1923,4,3.5511001322188465,-1.8794608267061024
1923,5,3.4753812935995163,-1.729364093246848
1923,6,3.561668634354084,-1.9002490288332283
1923,7,3.495387855935218,-1.893280713499503
1923,8,3.643513220263125,-1.8678685861535396
1923,9,3.429678595336903,-1.8355791745877539
1923,10,3.5602237745417913,-1.7946374547634618
1923,11,3.5912498011409584,-1.8708033461358589
1923,12,3.651384459707648,-1.9021228358354898
1923,13,3.5220495417990922,-1.8824464553076856
1923,14,3.6276250652961384,-1.838223055751706
1923,15,3.5724634451321258,-1.8087786988511159
1923,16,3.6279503709228087,-1.8988809488642473
1923,17,3.5699220262073394,-1.8721082242241376
1923,18,3.4395633846214646,-1.8080497894458916
1923,19,3.5241264890689235,-1.8359744209211335
1924,0,3.5653587498041577,-1.8742018865708923
1924,1,3.5772632149706065,-1.9681048573385858
1924,2,3.57085846773642,-1.8215954545752862
1924,3,3.596514029160047,-1.8520266633838984
1924,4,3.5511001322188465,-1.8794608267061024
1924,5,3.4763410224502946,-1.7299990525897124
1924,6,3.5624863425845663,-1.900779488600461
1924,7,3.495387855935218,-1.893280713499503
1924,8,3.644252215386906,-1.8684384461627987
1924,9,3.4306603585196416,-1.836115993661516
1924,10,3.5602237745417913,-1.7946374547634618
1924,11,3.592040578246091,-1.8713657622234188
1924,12,3.6521123236026014,-1.9026596694273774
1924,13,3.522907793817019,-1.882991945726661
1924,14,3.628425859021941,-1.8387615802929798
1924,15,3.573277833716519,-1.8094019321563337
1924,16,3.6287018206830943,-1.8994190390547285
1924,17,3.5699220262073394,-1.8721082242241376
1924,18,3.440521869813982,-1.8086439094637474
1924,19,3.5250161622808522,-1.8365210868714796
1925,0,3.5661745050133375,-1.8747594194927617
1925,1,3.57805924552809,-1.9685694651967582
1925,2,3.57085846773642,-1.8215954545752862
1925,3,3.5973006224929933,-1.8526090224165823
1925,4,3.5511001322188465,-1.8794608267061024
1925,5,3.4772980145984724,-1.7306360778147156
1925,6,3.5633024970835354,-1.9013105575878946
1925,7,3.495387855935218,-1.893280713499503
1925,8,3.644989714324243,-1.8690087227078307
1925,9,3.4316398159429413,-1.8366547115102576
1925,10,3.5602237745417913,-1.7946374547634618
1925,11,3.592830567586267,-1.87192761803719
1925,12,3.652839462373402,-1.9031959682063606
1925,13,3.523765190790951,-1.883536892694183
1925,14,3.6292244693370375,-1.8393016396300972
1925,15,3.574091410956607,-1.8100245445579648
1925,16,3.6294525218171794,-1.899956593176884
1925,17,3.5699220262073394,-1.8721082242241376
1925,18,3.441478241641334,-1.8092393064034844
1925,19,3.525903661569087,-1.8370693096916342
1926,0,3.566989447508757,-1.8753163969604063
1926,1,3.578854483057413,-1.969033610199439
1926,2,3.57085846773642,-1.8215954545752862
1926,3,3.5980864321612747,-1.85319080125849
1926,4,3.5511001322188465,-1.8794608267061024
1926,5,3.478252300390187,-1.7312751084465323
1926,6,3.564117838448342,-1.9018410974716635
1926,7,3.495387855935218,-1.893280713499503
1926,8,3.6457264784951966,-1.8695784310892851
1926,9,3.432616989411482,-1.8371952760341037
1926,10,3.5602237745417913,-1.7946374547634618
1926,11,3.5936189910907212,-1.8724900076411959
1926,12,3.653565876747916,-1.903731732709275
1926,13,3.5246217335791443,-1.8840812967557437
1926,14,3.630020916207998,-1.8398431939205506
1926,15,3.5749041776667814,-1.8106465366792448
1926,16,3.6302024750765165,-1.900493611768806
1926,17,3.5699220262073394,-1.8721082242241376
1926,18,3.4424325210063116,-1.8098359404156499
1926,19,3.5267890073205,-1.8376190468307156
1927,0,3.5678035781061745,-1.8758728195313612
1927,1,3.579648928354609,-1.9694972928112375
1927,2,3.57085846773642,-1.8215954545752862
1927,3,3.598871458951487,-1.8537720004919824
1927,4,3.5511001322188465,-1.8794608267061024
1927,5,3.479203909865151,-1.7319160854428775
1927,6,3.5649323674951434,-1.9023711087828388
1927,7,3.495387855935218,-1.893280713499503
1927,8,3.6464625086372684,-1.8701475718774407
1927,9,3.4335919005406756,-1.8377376363018028
1927,10,3.5602237745417913,-1.7946374547634618
1927,11,3.5944066290920866,-1.8730518369387565
1927,12,3.654291567453285,-1.9042669634724216
1927,13,3.5254774230389985,-1.8846251584562923
1927,14,3.630815219445273,-1.840386204135568
1927,15,3.575716134660622,-1.8112679091427883
1927,16,3.6309516812118097,-1.9010300953680506
1927,17,3.5699220262073394,-1.8721082242241376
1927,18,3.443384728545813,-1.8104337725498032
1927,19,3.52767221973158,-1.8381702566481144
1928,0,3.5686168976205357,-1.8764286877626057
1928,1,3.580442582214918,-1.9699605134963005
1928,2,3.57085846773642,-1.8215954545752862
1928,3,3.5996557036494425,-1.8543526206988408
1928,4,3.5511001322188465,-1.8794608267061024
1928,5,3.480152872750906,-1.7325589511584427
1928,6,3.5657460850392844,-1.9029005920519622
1928,7,3.495387855935218,-1.893280713499503
1928,8,3.647197805487225,-1.870716145642008
1928,9,3.4345645707515677,-1.8382817425230413
1928,10,3.5602237745417913,-1.7946374547634618
1928,11,3.5951934823787894,-1.8736131064922639
1928,12,3.6550165352159265,-1.9048016610315668
1928,13,3.52633226002706,-1.8851684783402347
1928,14,3.6316073986997295,-1.8409306320425158
1928,15,3.576527282750899,-1.81188866257059
1928,16,3.6317001409730145,-1.9015660445116382
1928,17,3.5699220262073394,-1.8721082242241376
1928,18,3.4443348846309387,-1.8110327647329858
1928,19,3.5285533188055522,-1.838722898392847
1929,0,3.5694294068659738,-1.8769840022105646
1929,1,3.5812354454327893,-1.9704232727183124
1929,2,3.57085846773642,-1.8215954545752862
1929,3,3.6004391670401716,-1.8549326624602664
1929,4,3.5511001322188465,-1.8794608267061024
1929,5,3.4810992184577247,-1.7332036493097716
1929,6,3.5665589918952967,-1.9034295478090468
1929,7,3.495387855935218,-1.893280713499503
1929,8,3.6479323697810995,-1.87128415295213
1929,9,3.4355350212662135,-1.8388275460214323
1929,10,3.5602237745417913,-1.7946374547634618
1929,11,3.595979551738471,-1.8741738168635491
1929,12,3.6557407807615334,-1.9053358259219433
1929,13,3.527186245399021,-1.885711256951435
1929,14,3.6323974734594784,-1.84147644018769
1929,15,3.577337622749573,-1.8125087975840244
1929,16,3.63244785510934,-1.9021014597360548
1929,17,3.5699220262073394,-1.8721082242241376
1929,18,3.445283009367311,-1.8116328797487387
1929,19,3.52943232434981,-1.8392769321833975
1930,0,3.570241106655812,-1.877538763431108
1930,1,3.582027518801879,-1.9708855709404958
1930,2,3.57085846773642,-1.8215954545752862
1930,3,3.6012218499079216,-1.855512126356882
1930,4,3.5511001322188465,-1.8794608267061024
1930,5,3.482042976074117,-1.7338501249410498
1930,6,3.567371088876901,-1.9039579765835781
1930,7,3.495387855935218,-1.893280713499503
1930,8,3.648666202254191,-1.8718515943763823
1930,9,3.4365032731035035,-1.839374999208167
1930,10,3.5602237745417913,-1.7946374547634618
1930,11,3.5967648379579873,-1.8747339686138838
1930,12,3.6564643048150764,-1.9058694586782507
1930,13,3.528039380009722,-1.8862534948332146
1930,14,3.6331854630469875,-1.8420235918794914
1930,15,3.5781471554677937,-1.8131283148038475
1930,16,3.6331948243692493,-1.9026363415772514
1930,17,3.5699220262073394,-1.8721082242241376
1930,18,3.446229122595596,-1.8122340812166517
1930,19,3.5303092559736418,-1.8398323189880341
1931,0,3.571051997802562,-1.8780929719795525
1931,1,3.582818197316245,-1.9713484450039174
1931,2,3.57085846773642,-1.8215954545752862
1931,3,3.6020037530361586,-1.856091012968731
1931,4,3.5511001322188465,-1.8794608267061024
1931,5,3.482984174362915,-1.7344983243907888
1931,6,3.568182376797007,-1.9044858789045138
1931,7,3.495387855935218,-1.893280713499503
1931,8,3.6493993036410672,-1.8724184704827744
1931,9,3.4374693470754165,-1.8399240555563117
1931,10,3.5611040408154606,-1.7951989020405446
1931,11,3.597549341823411,-1.8752935623039804
1931,12,3.6571864227971473,-1.9064034877531046
1931,13,3.5288916647131514,-1.8867951925283546
1931,14,3.6339713866164534,-1.8425720511719739
1931,15,3.5781471554677937,-1.8131283148038475
1931,16,3.6339410495004594,-1.9031706905706451
1931,17,3.5699220262073394,-1.8721082242241376
1931,18,3.4471732438922227,-1.812836333572433
1931,19,3.531184133086237,-1.8403890206055922
