Time,Commitment,Opinion
0,1,1
5,3,1;1;1;1;1
10,3,3;3;3;3;3
15,3,3;3;3;3;3
20,3,3;3;3;3;3
25,4,3;3;3;3;3
30,2,4;4;4;4;4
35,4,2;2;2;2;2
40,3,4;4;4;4;4
45,2,3;3;3;3;3
50,3,2;2;2;2;2
55,3,3;3;3;3;3
60,4,3;3;3;3;3
65,4,4;4;4;4;4
70,3,4;4;4;4;4
75,4,3;3;3;3;3
80,4,4;4;4;4;4
85,4,4;4;4;4;4
90,2,4;4;4;4;4
95,2,2;2;2;2;2
100,3,2;2;2;2;2
105,2,3;3;3;3;3
110,4,2;2;2;2;2
115,4,4;4;4;4;4
120,1,4;4;4;4;4
125,1,1;1;1;1;1
130,1,1;1;1;1;1
135,1,1;1;1;1;1
140,4,1;1;1;1;1
145,4,4;4;4;4;4
150,2,4;4;4;4;4
155,4,2;2;2;2;2
160,3,4;4;4;4;4
165,3,3;3;3;3;3
170,2,3;3;3;3;3
175,1,2;2;2;2;2
180,3,1;1;1;1;1
185,3,3;3;3;3;3
190,3,3;3;3;3;3
195,2,3;3;3;3;3
200,3,2;2;2;2;2
205,2,3;3;3;3;3
210,1,2;2;2;2;2
215,2,1;1;1;1;1
220,4,2;2;2;2;2
225,2,4;4;4;4;4
230,2,2;2;2;2;2
235,3,2;2;2;2;2
240,2,3;3;3;3;3
245,1,2;2;2;2;2
250,1,1;1;1;1;1
255,3,1;1;1;1;1
260,3,3;3;3;3;3
265,2,3;3;3;3;3
270,3,2;2;2;2;2
275,3,3;3;3;3;3
280,1,3;3;3;3;3
285,3,1;1;1;1;1
290,1,3;3;3;3;3
295,1,1;1;1;1;1
300,3,1;1;1;1;1
305,1,3;3;3;3;3
310,1,1;1;1;1;1
315,1,1;1;1;1;1
320,3,1;1;1;1;1
325,1,3;3;3;3;3
330,3,1;1;1;1;1
335,3,3;3;3;3;3
340,3,3;3;3;3;3
345,1,3;3;3;3;3
350,1,1;1;1;1;1
355,4,1;1;1;1;1
360,1,4;4;4;4;4
365,3,1;1;1;1;1
370,3,3;3;3;3;3
375,3,3;3;3;3;3
380,3,3;3;3;3;3
385,4,3;3;3;3;3
390,3,4;4;4;4;4
395,4,3;3;3;3;3
400,4,4;4;4;4;4
405,3,4;4;4;4;4
410,3,3;3;3;3;3
415,2,3;3;3;3;3
420,4,2;2;2;2;2
425,4,4;4;4;4;4
430,4,4;4;4;4;4
435,1,4;4;4;4;4
440,4,1;1;1;1;1
445,1,4;4;4;4;4
450,4,1;1;1;1;1
455,4,4;4;4;4;4
460,4,4;4;4;4;4
465,4,4;4;4;4;4
470,4,4;4;4;4;4
475,3,4;4;4;4;4
480,4,3;3;3;3;3
485,4,4;4;4;4;4
490,4,4;4;4;4;4
495,3,4;4;4;4;4
500,3,3;3;3;3;3
505,3,3;3;3;3;3
510,3,3;3;3;3;3
515,4,3;3;3;3;3
520,4,4;4;4;4;4
525,4,4;4;4;4;4
530,4,4;4;4;4;4
535,4,4;4;4;4;4
540,3,4;4;4;4;4
545,4,3;3;3;3;3
550,3,4;4;4;4;4
555,3,3;3;3;3;3
560,3,3;3;3;3;3
565,3,3;3;3;3;3
570,4,3;3;3;3;3
575,3,4;4;4;4;4
580,4,3;3;3;3;3
585,3,4;4;4;4;4
590,3,3;3;3;3;3
595,4,3;3;3;3;3
600,4,4;4;4;4;4
605,4,4;4;4;4;4
610,2,4;4;4;4;4
615,3,2;2;2;2;2
620,2,3;3;3;3;3
625,4,2;2;2;2;2
630,2,4;4;4;4;4
635,2,2;2;2;2;2
640,2,2;2;2;2;2
645,2,2;2;2;2;2
650,2,2;2;2;2;2
655,3,2;2;2;2;2
660,2,3;3;3;3;3
665,2,2;2;2;2;2
670,2,2;2;2;2;2
675,2,2;2;2;2;2
680,2,2;2;2;2;2
685,2,2;2;2;2;2
690,1,2;2;2;2;2
695,1,1;1;1;1;1
700,1,1;1;1;1;1
705,2,1;1;1;1;1
710,3,2;2;2;2;2
715,2,3;3;3;3;3
720,2,2;2;2;2;2
725,2,2;2;2;2;2
730,3,2;2;2;2;2
735,3,3;3;3;3;3
740,3,3;3;3;3;3
745,2,3;3;3;3;3
750,3,2;2;2;2;2
755,2,3;3;3;3;3
760,3,2;2;2;2;2
765,2,3;3;3;3;3
770,2,2;2;2;2;2
775,3,2;2;2;2;2
780,2,3;3;3;3;3
785,4,2;2;2;2;2
790,2,4;4;4;4;4
795,2,2;2;2;2;2
800,3,2;2;2;2;2
805,4,3;3;3;3;3
810,3,4;4;4;4;4
815,4,3;3;3;3;3
820,4,4;4;4;4;4
825,4,4;4;4;4;4
830,2,4;4;4;4;4
835,4,2;2;2;2;2
840,3,4;4;4;4;4
845,3,3;3;3;3;3
850,3,3;3;3;3;3
855,3,3;3;3;3;3
860,4,3;3;3;3;3
865,4,4;4;4;4;4
870,3,4;4;4;4;4
875,3,3;3;3;3;3
880,4,3;3;3;3;3
885,4,4;4;4;4;4
890,4,4;4;4;4;4
895,4,4;4;4;4;4
900,2,4;4;4;4;4
905,2,2;2;2;2;2
910,4,2;2;2;2;2
915,4,4;4;4;4;4
920,3,4;4;4;4;4
925,4,3;3;3;3;3
930,2,4;4;4;4;4
935,4,2;2;2;2;2
940,3,4;4;4;4;4
945,2,3;3;3;3;3
950,3,2;2;2;2;2
955,2,3;3;3;3;3
960,3,2;2;2;2;2
965,3,3;3;3;3;3
970,3,3;3;3;3;3
975,4,3;3;3;3;3
980,4,4;4;4;4;4
985,2,4;4;4;4;4
990,4,2;2;2;2;2
995,2,4;4;4;4;4
1000,4,2;2;2;2;2
1005,4,4;4;4;4;4
1010,4,4;4;4;4;4
1015,3,4;4;4;4;4
1020,4,3;3;3;3;3
1025,3,4;4;4;4;4
1030,4,3;3;3;3;3
1035,4,4;4;4;4;4
1040,4,4;4;4;4;4
1045,4,4;4;4;4;4
1050,3,4;4;4;4;4
1055,4,3;3;3;3;3
1060,4,4;4;4;4;4
1065,3,4;4;4;4;4
1070,3,3;3;3;3;3
1075,4,3;3;3;3;3
1080,4,4;4;4;4;4
1085,4,4;4;4;4;4
1090,4,4;4;4;4;4
1095,4,4;4;4;4;4
1100,3,4;4;4;4;4
1105,4,3;3;3;3;3
1110,4,4;4;4;4;4
1115,4,4;4;4;4;4
1120,3,4;4;4;4;4
1125,3,3;3;3;3;3
1130,4,3;3;3;3;3
1135,4,4;4;4;4;4
1140,3,4;4;4;4;4
1145,3,3;3;3;3;3
1150,3,3;3;3;3;3
1155,3,3;3;3;3;3
1160,4,3;3;3;3;3
1165,3,4;4;4;4;4
1170,3,3;3;3;3;3
1175,4,3;3;3;3;3
1180,3,4;4;4;4;4
1185,3,3;3;3;3;3
1190,2,3;3;3;3;3
1195,3,2;2;2;2;2
1200,3,3;3;3;3;3
1205,3,3;3;3;3;3
1210,3,3;3;3;3;3
1215,4,3;3;3;3;3
1220,4,4;4;4;4;4
1225,3,4;4;4;4;4
1230,4,3;3;3;3;3
1235,3,4;4;4;4;4
1240,4,3;3;3;3;3
1245,3,4;4;4;4;4
1250,3,3;3;3;3;3
1255,4,3;3;3;3;3
1260,3,4;4;4;4;4
1265,3,3;3;3;3;3
1270,3,3;3;3;3;3
1275,3,3;3;3;3;3
1280,4,3;3;3;3;3
1285,3,4;4;4;4;4
1290,3,3;3;3;3;3
1295,3,3;3;3;3;3
1300,3,3;3;3;3;3
1305,3,3;3;3;3;3
1310,4,3;3;3;3;3
1315,3,4;4;4;4;4
1320,3,3;3;3;3;3
1325,3,3;3;3;3;3
1330,3,3;3;3;3;3
1335,3,3;3;3;3;3
1340,4,3;3;3;3;3
1345,3,4;4;4;4;4
1350,3,3;3;3;3;3
1355,3,3;3;3;3;3
1360,3,3;3;3;3;3
1365,3,3;3;3;3;3
1370,3,3;3;3;3;3
1375,3,3;3;3;3;3
1380,3,3;3;3;3;3
1385,4,3;3;3;3;3
1390,3,4;4;4;4;4
1395,3,3;3;3;3;3
1400,3,3;3;3;3;3
1405,3,3;3;3;3;3
1410,3,3;3;3;3;3
1415,3,3;3;3;3;3
1420,3,3;3;3;3;3
1425,4,3;3;3;3;3
1430,3,4;4;4;4;4
1435,4,3;3;3;3;3
1440,3,4;4;4;4;4
1445,3,3;3;3;3;3
1450,3,3;3;3;3;3
1455,3,3;3;3;3;3
1460,3,3;3;3;3;3
1465,3,3;3;3;3;3
1470,3,3;3;3;3;3
1475,3,3;3;3;3;3
1480,4,3;3;3;3;3
1485,3,4;4;4;4;4
1490,3,3;3;3;3;3
1495,4,3;3;3;3;3
1500,4,4;4;4;4;4
1505,4,4;4;4;4;4
1510,3,4;4;4;4;4
1515,4,3;3;3;3;3
1520,3,4;4;4;4;4
1525,4,3;3;3;3;3
1530,3,4;4;4;4;4
1535,3,3;3;3;3;3
1540,3,3;3;3;3;3
1545,4,3;3;3;3;3
1550,4,4;4;4;4;4
1555,4,4;4;4;4;4
1560,4,4;4;4;4;4
1565,3,4;4;4;4;4
1570,3,3;3;3;3;3
1575,3,3;3;3;3;3
1580,3,3;3;3;3;3
1585,3,3;3;3;3;3
1590,3,3;3;3;3;3
1595,3,3;3;3;3;3
1600,3,3;3;3;3;3
1605,3,3;3;3;3;3
1610,3,3;3;3;3;3
1615,3,3;3;3;3;3
1620,3,3;3;3;3;3
1625,3,3;3;3;3;3
1630,3,3;3;3;3;3
1635,3,3;3;3;3;3
1640,3,3;3;3;3;3
1645,4,3;3;3;3;3
1650,4,4;4;4;4;4
1655,4,4;4;4;4;4
1660,3,4;4;4;4;4
1665,3,3;3;3;3;3
1670,3,3;3;3;3;3
1675,4,3;3;3;3;3
1680,4,4;4;4;4;4
1685,3,4;4;4;4;4
1690,3,3;3;3;3;3
1695,4,3;3;3;3;3
1700,3,4;4;4;4;4
1705,3,3;3;3;3;3
1710,4,3;3;3;3;3
1715,4,4;4;4;4;4
1720,4,4;4;4;4;4
1725,4,4;4;4;4;4
1730,4,4;4;4;4;4
1735,3,4;4;4;4;4
1740,4,3;3;3;3;3
1745,4,4;4;4;4;4
1750,4,4;4;4;4;4
1755,4,4;4;4;4;4
1760,3,4;4;4;4;4
1765,4,3;3;3;3;3
1770,3,4;4;4;4;4
1775,4,3;3;3;3;3
1780,4,4;4;4;4;4
1785,4,4;4;4;4;4
1790,3,4;4;4;4;4
1795,3,3;3;3;3;3
1800,3,3;3;3;3;3
1805,3,3;3;3;3;3
1810,4,3;3;3;3;3
1815,3,4;4;4;4;4
1820,4,3;3;3;3;3
1825,3,4;4;4;4;4
1830,4,3;3;3;3;3
1835,3,4;4;4;4;4
1840,4,3;3;3;3;3
1845,3,4;4;4;4;4
1850,3,3;3;3;3;3
1855,3,3;3;3;3;3
1860,3,3;3;3;3;3
1865,3,3;3;3;3;3
1870,3,3;3;3;3;3
1875,3,3;3;3;3;3
1880,3,3;3;3;3;3
1885,3,3;3;3;3;3
1890,4,3;3;3;3;3
1895,3,4;4;4;4;4
1900,3,3;3;3;3;3
1905,3,3;3;3;3;3
1910,3,3;3;3;3;3
1915,3,3;3;3;3;3
1920,4,3;3;3;3;3
1925,3,4;4;4;4;4
1930,3,3;3;3;3;3
1935,4,3;3;3;3;3
1940,3,4;4;4;4;4
1945,4,3;3;3;3;3
1950,4,4;4;4;4;4
1955,4,4;4;4;4;4
1960,4,4;4;4;4;4
1965,4,4;4;4;4;4
1970,4,4;4;4;4;4
1975,4,4;4;4;4;4
1980,4,4;4;4;4;4
1985,4,4;4;4;4;4
1990,4,4;4;4;4;4
1995,3,4;4;4;4;4
2000,3,3;3;3;3;3
2005,3,3;3;3;3;3
2010,4,3;3;3;3;3
2015,3,4;4;4;4;4
2020,3,3;3;3;3;3
2025,4,3;3;3;3;3
2030,4,4;4;4;4;4
2035,4,4;4;4;4;4
2040,4,4;4;4;4;4
2045,3,4;4;4;4;4
2050,3,3;3;3;3;3
2055,4,3;3;3;3;3
2060,4,4;4;4;4;4
2065,4,4;4;4;4;4
2070,4,4;4;4;4;4
2075,4,4;4;4;4;4
2080,4,4;4;4;4;4
2085,4,4;4;4;4;4
2090,4,4;4;4;4;4
2095,4,4;4;4;4;4
2100,4,4;4;4;4;4
2105,4,4;4;4;4;4
2110,4,4;4;4;4;4
2115,4,4;4;4;4;4
2120,4,4;4;4;4;4
2125,4,4;4;4;4;4
2130,4,4;4;4;4;4
2135,4,4;4;4;4;4
2140,4,4;4;4;4;4
2145,4,4;4;4;4;4
2150,4,4;4;4;4;4
2155,4,4;4;4;4;4
2160,4,4;4;4;4;4
2165,4,4;4;4;4;4
2170,4,4;4;4;4;4
2175,4,4;4;4;4;4
2180,3,4;4;4;4;4
2185,4,3;3;3;3;3
2190,3,4;4;4;4;4
2195,3,3;3;3;3;3
2200,3,3;3;3;3;3
2205,4,3;3;3;3;3
2210,3,4;4;4;4;4
2215,4,3;3;3;3;3
2220,4,4;4;4;4;4
2225,3,4;4;4;4;4
2230,3,3;3;3;3;3
2235,4,3;3;3;3;3
2240,4,4;4;4;4;4
2245,4,4;4;4;4;4
2250,3,4;4;4;4;4
2255,4,3;3;3;3;3
2260,3,4;4;4;4;4
2265,4,3;3;3;3;3
2270,3,4;4;4;4;4
2275,3,3;3;3;3;3
2280,3,3;3;3;3;3
2285,4,3;3;3;3;3
2290,3,4;4;4;4;4
2295,3,3;3;3;3;3
2300,4,3;3;3;3;3
2305,4,4;4;4;4;4
2310,3,4;4;4;4;4
2315,4,3;3;3;3;3
2320,4,4;4;4;4;4
2325,3,4;4;4;4;4
2330,3,3;3;3;3;3
2335,4,3;3;3;3;3
2340,3,4;4;4;4;4
2345,4,3;3;3;3;3
2350,3,4;4;4;4;4
2355,4,3;3;3;3;3
2360,4,4;4;4;4;4
2365,4,4;4;4;4;4
2370,4,4;4;4;4;4
2375,4,4;4;4;4;4
2380,4,4;4;4;4;4
2385,4,4;4;4;4;4
2390,3,4;4;4;4;4
2395,3,3;3;3;3;3
2400,4,3;3;3;3;3
2405,4,4;4;4;4;4
2410,4,4;4;4;4;4
2415,4,4;4;4;4;4
2420,4,4;4;4;4;4
2425,4,4;4;4;4;4
2430,3,4;4;4;4;4
2435,4,3;3;3;3;3
2440,4,4;4;4;4;4
2445,4,4;4;4;4;4
2450,4,4;4;4;4;4
2455,3,4;4;4;4;4
2460,4,3;3;3;3;3
2465,4,4;4;4;4;4
2470,4,4;4;4;4;4
2475,4,4;4;4;4;4
2480,3,4;4;4;4;4
2485,4,3;3;3;3;3
2490,3,4;4;4;4;4
2495,4,3;3;3;3;3
2500,4,4;4;4;4;4
2505,3,4;4;4;4;4
2510,4,3;3;3;3;3
2515,4,4;4;4;4;4
2520,3,4;4;4;4;4
2525,3,3;3;3;3;3
2530,3,3;3;3;3;3
2535,4,3;3;3;3;3
2540,4,4;4;4;4;4
2545,3,4;4;4;4;4
2550,4,3;3;3;3;3
2555,3,4;4;4;4;4
2560,3,3;3;3;3;3
2565,4,3;3;3;3;3
2570,3,4;4;4;4;4
2575,3,3;3;3;3;3
2580,3,3;3;3;3;3
2585,4,3;3;3;3;3
2590,4,4;4;4;4;4
2595,4,4;4;4;4;4
2600,4,4;4;4;4;4
2605,3,4;4;4;4;4
2610,4,3;3;3;3;3
2615,4,4;4;4;4;4
2620,3,4;4;4;4;4
2625,4,3;3;3;3;3
2630,3,4;4;4;4;4
2635,4,3;3;3;3;3
2640,4,4;4;4;4;4
2645,4,4;4;4;4;4
2650,4,4;4;4;4;4
2655,3,4;4;4;4;4
2660,4,3;3;3;3;3
2665,4,4;4;4;4;4
2670,4,4;4;4;4;4
2675,4,4;4;4;4;4
2680,4,4;4;4;4;4
2685,4,4;4;4;4;4
2690,3,4;4;4;4;4
2695,4,3;3;3;3;3
2700,3,4;4;4;4;4
2705,3,3;3;3;3;3
2710,4,3;3;3;3;3
2715,3,4;4;4;4;4
2720,4,3;3;3;3;3
2725,4,4;4;4;4;4
2730,4,4;4;4;4;4
2735,4,4;4;4;4;4
2740,3,4;4;4;4;4
2745,4,3;3;3;3;3
2750,4,4;4;4;4;4
2755,3,4;4;4;4;4
2760,4,3;3;3;3;3
2765,3,4;4;4;4;4
2770,3,3;3;3;3;3
2775,3,3;3;3;3;3
2780,4,3;3;3;3;3
2785,4,4;4;4;4;4
2790,4,4;4;4;4;4
2795,4,4;4;4;4;4
2800,3,4;4;4;4;4
2805,3,3;3;3;3;3
2810,4,3;3;3;3;3
2815,3,4;4;4;4;4
2820,4,3;3;3;3;3
2825,4,4;4;4;4;4
2830,4,4;4;4;4;4
2835,4,4;4;4;4;4
2840,3,4;4;4;4;4
2845,4,3;3;3;3;3
2850,4,4;4;4;4;4
2855,3,4;4;4;4;4
2860,3,3;3;3;3;3
2865,3,3;3;3;3;3
2870,4,3;3;3;3;3
2875,3,4;4;4;4;4
2880,4,3;3;3;3;3
2885,4,4;4;4;4;4
2890,3,4;4;4;4;4
2895,4,3;3;3;3;3
2900,3,4;4;4;4;4
2905,3,3;3;3;3;3
2910,4,3;3;3;3;3
2915,4,4;4;4;4;4
2920,4,4;4;4;4;4
2925,3,4;4;4;4;4
2930,3,3;3;3;3;3
2935,3,3;3;3;3;3
2940,3,3;3;3;3;3
2945,3,3;3;3;3;3
2950,3,3;3;3;3;3
2955,3,3;3;3;3;3
2960,3,3;3;3;3;3
2965,3,3;3;3;3;3
2970,3,3;3;3;3;3
2975,3,3;3;3;3;3
2980,3,3;3;3;3;3
2985,3,3;3;3;3;3
2990,4,3;3;3;3;3
2995,3,4;4;4;4;4
3000,4,3;3;3;3;3
3005,3,4;4;4;4;4
3010,4,3;3;3;3;3
3015,3,4;4;4;4;4
3020,3,3;3;3;3;3
3025,3,3;3;3;3;3
3030,3,3;3;3;3;3
3035,3,3;3;3;3;3
3040,4,3;3;3;3;3
3045,3,4;4;4;4;4
3050,3,3;3;3;3;3
3055,3,3;3;3;3;3
3060,4,3;3;3;3;3
3065,3,4;4;4;4;4
3070,4,3;3;3;3;3
3075,4,4;4;4;4;4
3080,3,4;4;4;4;4
3085,4,3;3;3;3;3
3090,3,4;4;4;4;4
3095,3,3;3;3;3;3
3100,4,3;3;3;3;3
3105,4,4;4;4;4;4
3110,3,4;4;4;4;4
3115,4,3;3;3;3;3
3120,4,4;4;4;4;4
3125,4,4;4;4;4;4
3130,4,4;4;4;4;4
3135,4,4;4;4;4;4
3140,4,4;4;4;4;4
3145,4,4;4;4;4;4
3150,4,4;4;4;4;4
3155,4,4;4;4;4;4
3160,4,4;4;4;4;4
3165,4,4;4;4;4;4
3170,3,4;4;4;4;4
3175,4,3;3;3;3;3
3180,4,4;4;4;4;4
3185,4,4;4;4;4;4
3190,4,4;4;4;4;4
3195,4,4;4;4;4;4
3200,4,4;4;4;4;4
3205,4,4;4;4;4;4
3210,4,4;4;4;4;4
3215,4,4;4;4;4;4
3220,4,4;4;4;4;4
3225,4,4;4;4;4;4
3230,4,4;4;4;4;4
3235,4,4;4;4;4;4
3240,4,4;4;4;4;4
3245,4,4;4;4;4;4
3250,4,4;4;4;4;4
3255,4,4;4;4;4;4
3260,4,4;4;4;4;4
3265,4,4;4;4;4;4
3270,4,4;4;4;4;4
3275,4,4;4;4;4;4
3280,4,4;4;4;4;4
3285,4,4;4;4;4;4
3290,4,4;4;4;4;4
3295,4,4;4;4;4;4
3300,4,4;4;4;4;4
3305,4,4;4;4;4;4
3310,4,4;4;4;4;4
3315,4,4;4;4;4;4
3320,4,4;4;4;4;4
3325,4,4;4;4;4;4
3330,4,4;4;4;4;4
3335,4,4;4;4;4;4
3340,4,4;4;4;4;4
3345,4,4;4;4;4;4
3350,4,4;4;4;4;4
3355,4,4;4;4;4;4
3360,4,4;4;4;4;4
3365,4,4;4;4;4;4
3370,4,4;4;4;4;4
3375,4,4;4;4;4;4
3380,4,4;4;4;4;4
3385,4,4;4;4;4;4
3390,4,4;4;4;4;4
3395,4,4;4;4;4;4
3400,4,4;4;4;4;4
3405,4,4;4;4;4;4
3410,4,4;4;4;4;4
3415,4,4;4;4;4;4
3420,4,4;4;4;4;4
3425,4,4;4;4;4;4
3430,4,4;4;4;4;4
3435,4,4;4;4;4;4
3440,4,4;4;4;4;4
3445,4,4;4;4;4;4
3450,4,4;4;4;4;4
3455,4,4;4;4;4;4
3460,4,4;4;4;4;4
3465,4,4;4;4;4;4
3470,4,4;4;4;4;4
3475,4,4;4;4;4;4
3480,4,4;4;4;4;4
3485,4,4;4;4;4;4
3490,4,4;4;4;4;4
3495,4,4;4;4;4;4
3500,4,4;4;4;4;4
3505,4,4;4;4;4;4
3510,4,4;4;4;4;4
3515,4,4;4;4;4;4
3520,4,4;4;4;4;4
3525,4,4;4;4;4;4
3530,4,4;4;4;4;4
3535,4,4;4;4;4;4
3540,4,4;4;4;4;4
3545,4,4;4;4;4;4
3550,4,4;4;4;4;4
3555,4,4;4;4;4;4
3560,4,4;4;4;4;4
3565,4,4;4;4;4;4
3570,4,4;4;4;4;4
3575,4,4;4;4;4;4
3580,4,4;4;4;4;4
3585,4,4;4;4;4;4
3590,4,4;4;4;4;4
3595,4,4;4;4;4;4
3600,4,4;4;4;4;4
3605,4,4;4;4;4;4
3610,4,4;4;4;4;4
3615,4,4;4;4;4;4
3620,4,4;4;4;4;4
3625,4,4;4;4;4;4
3630,4,4;4;4;4;4
3635,4,4;4;4;4;4
3640,4,4;4;4;4;4
3645,4,4;4;4;4;4
3650,4,4;4;4;4;4
3655,4,4;4;4;4;4
3660,4,4;4;4;4;4
3665,4,4;4;4;4;4
3670,4,4;4;4;4;4
3675,4,4;4;4;4;4
3680,4,4;4;4;4;4
3685,4,4;4;4;4;4
3690,4,4;4;4;4;4
3695,4,4;4;4;4;4
3700,4,4;4;4;4;4
3705,4,4;4;4;4;4
3710,4,4;4;4;4;4
3715,4,4;4;4;4;4
3720,4,4;4;4;4;4
3725,4,4;4;4;4;4
3730,4,4;4;4;4;4
3735,4,4;4;4;4;4
3740,4,4;4;4;4;4
3745,4,4;4;4;4;4
3750,4,4;4;4;4;4
3755,4,4;4;4;4;4
3760,4,4;4;4;4;4
3765,4,4;4;4;4;4
3770,4,4;4;4;4;4
3775,4,4;4;4;4;4
3780,4,4;4;4;4;4
3785,4,4;4;4;4;4
3790,4,4;4;4;4;4
3795,4,4;4;4;4;4
3800,4,4;4;4;4;4
3805,4,4;4;4;4;4
3810,4,4;4;4;4;4
3815,4,4;4;4;4;4
3820,4,4;4;4;4;4
3825,4,4;4;4;4;4
3830,4,4;4;4;4;4
3835,4,4;4;4;4;4
3840,4,4;4;4;4;4
3845,4,4;4;4;4;4
3850,4,4;4;4;4;4
3855,4,4;4;4;4;4
3860,4,4;4;4;4;4
3865,4,4;4;4;4;4
3870,4,4;4;4;4;4
3875,4,4;4;4;4;4
3880,4,4;4;4;4;4
3885,4,4;4;4;4;4
3890,4,4;4;4;4;4
3895,4,4;4;4;4;4
3900,4,4;4;4;4;4
3905,4,4;4;4;4;4
3910,4,4;4;4;4;4
3915,4,4;4;4;4;4
3920,4,4;4;4;4;4
3925,4,4;4;4;4;4
3930,4,4;4;4;4;4
3935,4,4;4;4;4;4
3940,4,4;4;4;4;4
3945,4,4;4;4;4;4
3950,4,4;4;4;4;4
3955,4,4;4;4;4;4
3960,4,4;4;4;4;4
3965,4,4;4;4;4;4
3970,4,4;4;4;4;4
3975,4,4;4;4;4;4
3980,4,4;4;4;4;4
3985,4,4;4;4;4;4
3990,4,4;4;4;4;4
3995,4,4;4;4;4;4
4000,4,4;4;4;4;4
4005,4,4;4;4;4;4
4010,4,4;4;4;4;4
4015,4,4;4;4;4;4
4020,4,4;4;4;4;4
4025,4,4;4;4;4;4
4030,4,4;4;4;4;4
4035,4,4;4;4;4;4
4040,4,4;4;4;4;4
4045,4,4;4;4;4;4
4050,4,4;4;4;4;4
4055,4,4;4;4;4;4
4060,4,4;4;4;4;4
4065,4,4;4;4;4;4
4070,4,4;4;4;4;4
4075,4,4;4;4;4;4
4080,4,4;4;4;4;4
4085,4,4;4;4;4;4
4090,4,4;4;4;4;4
4095,4,4;4;4;4;4
4100,4,4;4;4;4;4
4105,4,4;4;4;4;4
4110,4,4;4;4;4;4
4115,4,4;4;4;4;4
4120,4,4;4;4;4;4
4125,4,4;4;4;4;4
4130,4,4;4;4;4;4
4135,4,4;4;4;4;4
4140,4,4;4;4;4;4
4145,4,4;4;4;4;4
4150,4,4;4;4;4;4
4155,4,4;4;4;4;4
4160,4,4;4;4;4;4
4165,4,4;4;4;4;4
4170,4,4;4;4;4;4
4175,4,4;4;4;4;4
4180,4,4;4;4;4;4
4185,4,4;4;4;4;4
4190,4,4;4;4;4;4
4195,4,4;4;4;4;4
4200,4,4;4;4;4;4
4205,4,4;4;4;4;4
4210,4,4;4;4;4;4
4215,4,4;4;4;4;4
4220,4,4;4;4;4;4
4225,4,4;4;4;4;4
4230,4,4;4;4;4;4
4235,4,4;4;4;4;4
4240,4,4;4;4;4;4
4245,4,4;4;4;4;4
4250,4,4;4;4;4;4
4255,4,4;4;4;4;4
4260,4,4;4;4;4;4
4265,4,4;4;4;4;4
4270,4,4;4;4;4;4
4275,4,4;4;4;4;4
4280,4,4;4;4;4;4
4285,4,4;4;4;4;4
4290,4,4;4;4;4;4
4295,4,4;4;4;4;4
4300,4,4;4;4;4;4
4305,4,4;4;4;4;4
4310,4,4;4;4;4;4
4315,4,4;4;4;4;4
4320,4,4;4;4;4;4
4325,4,4;4;4;4;4
4330,4,4;4;4;4;4
4335,4,4;4;4;4;4
4340,4,4;4;4;4;4
4345,4,4;4;4;4;4
4350,4,4;4;4;4;4
4355,4,4;4;4;4;4
4360,4,4;4;4;4;4
4365,4,4;4;4;4;4
4370,4,4;4;4;4;4
4375,4,4;4;4;4;4
4380,4,4;4;4;4;4
4385,4,4;4;4;4;4
4390,4,4;4;4;4;4
4395,4,4;4;4;4;4
4400,4,4;4;4;4;4
4405,4,4;4;4;4;4
4410,4,4;4;4;4;4
4415,4,4;4;4;4;4
4420,4,4;4;4;4;4
4425,4,4;4;4;4;4
4430,4,4;4;4;4;4
4435,4,4;4;4;4;4
4440,4,4;4;4;4;4
4445,4,4;4;4;4;4
4450,4,4;4;4;4;4
4455,4,4;4;4;4;4
4460,4,4;4;4;4;4
4465,4,4;4;4;4;4
4470,4,4;4;4;4;4
4475,4,4;4;4;4;4
4480,4,4;4;4;4;4
4485,4,4;4;4;4;4
4490,4,4;4;4;4;4
4495,4,4;4;4;4;4
4500,4,4;4;4;4;4
4505,4,4;4;4;4;4
4510,4,4;4;4;4;4
4515,4,4;4;4;4;4
4520,4,4;4;4;4;4
4525,4,4;4;4;4;4
4530,4,4;4;4;4;4
4535,4,4;4;4;4;4
4540,4,4;4;4;4;4
4545,4,4;4;4;4;4
4550,4,4;4;4;4;4
4555,4,4;4;4;4;4
4560,4,4;4;4;4;4
4565,4,4;4;4;4;4
4570,4,4;4;4;4;4
4575,4,4;4;4;4;4
4580,4,4;4;4;4;4
4585,4,4;4;4;4;4
4590,4,4;4;4;4;4
4595,4,4;4;4;4;4
4600,4,4;4;4;4;4
4605,4,4;4;4;4;4
4610,4,4;4;4;4;4
4615,4,4;4;4;4;4
4620,4,4;4;4;4;4
4625,4,4;4;4;4;4
4630,4,4;4;4;4;4
4635,4,4;4;4;4;4
4640,4,4;4;4;4;4
4645,4,4;4;4;4;4
4650,4,4;4;4;4;4
4655,4,4;4;4;4;4
4660,4,4;4;4;4;4
4665,4,4;4;4;4;4
4670,4,4;4;4;4;4
4675,4,4;4;4;4;4
4680,4,4;4;4;4;4
4685,4,4;4;4;4;4
4690,4,4;4;4;4;4
4695,4,4;4;4;4;4
4700,4,4;4;4;4;4
4705,4,4;4;4;4;4
4710,4,4;4;4;4;4
4715,4,4;4;4;4;4
4720,4,4;4;4;4;4
4725,4,4;4;4;4;4
4730,4,4;4;4;4;4
4735,4,4;4;4;4;4
4740,4,4;4;4;4;4
4745,4,4;4;4;4;4
4750,4,4;4;4;4;4
4755,4,4;4;4;4;4
4760,4,4;4;4;4;4
4765,4,4;4;4;4;4
4770,4,4;4;4;4;4
4775,4,4;4;4;4;4
4780,4,4;4;4;4;4
4785,4,4;4;4;4;4
4790,4,4;4;4;4;4
4795,4,4;4;4;4;4
4800,4,4;4;4;4;4
4805,4,4;4;4;4;4
4810,4,4;4;4;4;4
4815,4,4;4;4;4;4
4820,4,4;4;4;4;4
4825,4,4;4;4;4;4
4830,4,4;4;4;4;4
4835,4,4;4;4;4;4
4840,4,4;4;4;4;4
4845,4,4;4;4;4;4
4850,4,4;4;4;4;4
4855,4,4;4;4;4;4
4860,4,4;4;4;4;4
4865,4,4;4;4;4;4
4870,4,4;4;4;4;4
4875,4,4;4;4;4;4
4880,4,4;4;4;4;4
4885,4,4;4;4;4;4
4890,4,4;4;4;4;4
4895,4,4;4;4;4;4
4900,4,4;4;4;4;4
4905,4,4;4;4;4;4
4910,4,4;4;4;4;4
4915,4,4;4;4;4;4
4920,4,4;4;4;4;4
4925,4,4;4;4;4;4
4930,4,4;4;4;4;4
4935,4,4;4;4;4;4
4940,4,4;4;4;4;4
4945,4,4;4;4;4;4
4950,4,4;4;4;4;4
4955,4,4;4;4;4;4
4960,4,4;4;4;4;4
4965,4,4;4;4;4;4
4970,4,4;4;4;4;4
4975,4,4;4;4;4;4
4980,4,4;4;4;4;4
4985,4,4;4;4;4;4
4990,4,4;4;4;4;4
4995,4,4;4;4;4;4
5000,4,4;4;4;4;4
5005,4,4;4;4;4;4
5010,4,4;4;4;4;4
5015,4,4;4;4;4;4
5020,4,4;4;4;4;4
5025,4,4;4;4;4;4
5030,4,4;4;4;4;4
5035,4,4;4;4;4;4
5040,4,4;4;4;4;4
5045,4,4;4;4;4;4
5050,4,4;4;4;4;4
5055,4,4;4;4;4;4
5060,4,4;4;4;4;4
5065,4,4;4;4;4;4
5070,4,4;4;4;4;4
5075,4,4;4;4;4;4
5080,4,4;4;4;4;4
5085,4,4;4;4;4;4
5090,4,4;4;4;4;4
5095,4,4;4;4;4;4
5100,4,4;4;4;4;4
5105,4,4;4;4;4;4
5110,4,4;4;4;4;4
5115,4,4;4;4;4;4
5120,4,4;4;4;4;4
5125,4,4;4;4;4;4
5130,4,4;4;4;4;4
5135,4,4;4;4;4;4
5140,4,4;4;4;4;4
5145,4,4;4;4;4;4
5150,4,4;4;4;4;4
5155,4,4;4;4;4;4
5160,4,4;4;4;4;4
5165,4,4;4;4;4;4
5170,4,4;4;4;4;4
5175,4,4;4;4;4;4
5180,4,4;4;4;4;4
5185,4,4;4;4;4;4
5190,4,4;4;4;4;4
5195,4,4;4;4;4;4
5200,4,4;4;4;4;4
5205,4,4;4;4;4;4
5210,4,4;4;4;4;4
5215,4,4;4;4;4;4
5220,4,4;4;4;4;4
5225,4,4;4;4;4;4
5230,4,4;4;4;4;4
5235,4,4;4;4;4;4
5240,4,4;4;4;4;4
5245,4,4;4;4;4;4
5250,4,4;4;4;4;4
5255,4,4;4;4;4;4
5260,4,4;4;4;4;4
5265,4,4;4;4;4;4
5270,4,4;4;4;4;4
5275,4,4;4;4;4;4
5280,4,4;4;4;4;4
5285,4,4;4;4;4;4
5290,4,4;4;4;4;4
5295,4,4;4;4;4;4
5300,4,4;4;4;4;4
5305,4,4;4;4;4;4
5310,4,4;4;4;4;4
5315,4,4;4;4;4;4
5320,4,4;4;4;4;4
5325,4,4;4;4;4;4
5330,4,4;4;4;4;4
5335,4,4;4;4;4;4
5340,4,4;4;4;4;4
5345,4,4;4;4;4;4
5350,4,4;4;4;4;4
5355,4,4;4;4;4;4
5360,4,4;4;4;4;4
5365,4,4;4;4;4;4
5370,4,4;4;4;4;4
5375,4,4;4;4;4;4
5380,4,4;4;4;4;4
5385,4,4;4;4;4;4
5390,4,4;4;4;4;4
5395,4,4;4;4;4;4
5400,4,4;4;4;4;4
5405,4,4;4;4;4;4
5410,4,4;4;4;4;4
5415,4,4;4;4;4;4
5420,4,4;4;4;4;4
5425,4,4;4;4;4;4
5430,4,4;4;4;4;4
5435,4,4;4;4;4;4
5440,4,4;4;4;4;4
5445,4,4;4;4;4;4
5450,4,4;4;4;4;4
5455,4,4;4;4;4;4
5460,4,4;4;4;4;4
5465,4,4;4;4;4;4
5470,4,4;4;4;4;4
5475,4,4;4;4;4;4
5480,4,4;4;4;4;4
5485,4,4;4;4;4;4
5490,4,4;4;4;4;4
5495,4,4;4;4;4;4
5500,4,4;4;4;4;4
5505,4,4;4;4;4;4
5510,4,4;4;4;4;4
5515,4,4;4;4;4;4
5520,4,4;4;4;4;4
5525,4,4;4;4;4;4
5530,4,4;4;4;4;4
5535,4,4;4;4;4;4
5540,4,4;4;4;4;4
5545,4,4;4;4;4;4
5550,4,4;4;4;4;4
5555,4,4;4;4;4;4
5560,4,4;4;4;4;4
5565,4,4;4;4;4;4
5570,4,4;4;4;4;4
5575,4,4;4;4;4;4
5580,4,4;4;4;4;4
5585,4,4;4;4;4;4
5590,4,4;4;4;4;4
5595,4,4;4;4;4;4
5600,4,4;4;4;4;4
5605,4,4;4;4;4;4
5610,4,4;4;4;4;4
5615,4,4;4;4;4;4
5620,4,4;4;4;4;4
5625,4,4;4;4;4;4
5630,4,4;4;4;4;4
5635,4,4;4;4;4;4
5640,4,4;4;4;4;4
5645,4,4;4;4;4;4
5650,4,4;4;4;4;4
5655,4,4;4;4;4;4
5660,4,4;4;4;4;4
5665,4,4;4;4;4;4
5670,4,4;4;4;4;4
5675,4,4;4;4;4;4
5680,4,4;4;4;4;4
5685,4,4;4;4;4;4
5690,4,4;4;4;4;4
5695,4,4;4;4;4;4
5700,4,4;4;4;4;4
5705,4,4;4;4;4;4
5710,4,4;4;4;4;4
5715,4,4;4;4;4;4
5720,4,4;4;4;4;4
5725,4,4;4;4;4;4
5730,4,4;4;4;4;4
5735,4,4;4;4;4;4
5740,4,4;4;4;4;4
5745,4,4;4;4;4;4
5750,4,4;4;4;4;4
5755,4,4;4;4;4;4
5760,4,4;4;4;4;4
5765,4,4;4;4;4;4
5770,4,4;4;4;4;4
5775,4,4;4;4;4;4
5780,4,4;4;4;4;4
5785,4,4;4;4;4;4
5790,4,4;4;4;4;4
5795,4,4;4;4;4;4
5800,4,4;4;4;4;4
5805,4,4;4;4;4;4
5810,4,4;4;4;4;4
5815,4,4;4;4;4;4
5820,4,4;4;4;4;4
5825,4,4;4;4;4;4
5830,4,4;4;4;4;4
5835,4,4;4;4;4;4
5840,4,4;4;4;4;4
5845,4,4;4;4;4;4
5850,4,4;4;4;4;4
5855,4,4;4;4;4;4
5860,4,4;4;4;4;4
5865,4,4;4;4;4;4
5870,4,4;4;4;4;4
5875,4,4;4;4;4;4
5880,4,4;4;4;4;4
5885,4,4;4;4;4;4
5890,4,4;4;4;4;4
5895,4,4;4;4;4;4
5900,4,4;4;4;4;4
5905,4,4;4;4;4;4
5910,4,4;4;4;4;4
5915,4,4;4;4;4;4
5920,4,4;4;4;4;4
5925,4,4;4;4;4;4
5930,4,4;4;4;4;4
5935,4,4;4;4;4;4
5940,4,4;4;4;4;4
5945,4,4;4;4;4;4
5950,4,4;4;4;4;4
5955,4,4;4;4;4;4
5960,4,4;4;4;4;4
5965,4,4;4;4;4;4
5970,4,4;4;4;4;4
5975,4,4;4;4;4;4
5980,4,4;4;4;4;4
5985,4,4;4;4;4;4
5990,4,4;4;4;4;4
5995,4,4;4;4;4;4
6000,4,4;4;4;4;4
6005,4,4;4;4;4;4
6010,4,4;4;4;4;4
6015,4,4;4;4;4;4
6020,4,4;4;4;4;4
6025,4,4;4;4;4;4
6030,4,4;4;4;4;4
6035,4,4;4;4;4;4
6040,4,4;4;4;4;4
6045,4,4;4;4;4;4
6050,4,4;4;4;4;4
6055,4,4;4;4;4;4
6060,4,4;4;4;4;4
6065,4,4;4;4;4;4
6070,4,4;4;4;4;4
6075,4,4;4;4;4;4
6080,4,4;4;4;4;4
6085,4,4;4;4;4;4
6090,4,4;4;4;4;4
6095,4,4;4;4;4;4
6100,4,4;4;4;4;4
6105,4,4;4;4;4;4
6110,4,4;4;4;4;4
6115,4,4;4;4;4;4
6120,4,4;4;4;4;4
6125,4,4;4;4;4;4
6130,4,4;4;4;4;4
6135,4,4;4;4;4;4
6140,4,4;4;4;4;4
6145,4,4;4;4;4;4
6150,4,4;4;4;4;4
6155,4,4;4;4;4;4
6160,4,4;4;4;4;4
6165,4,4;4;4;4;4
6170,4,4;4;4;4;4
6175,4,4;4;4;4;4
6180,4,4;4;4;4;4
6185,4,4;4;4;4;4
6190,4,4;4;4;4;4
6195,4,4;4;4;4;4
6200,4,4;4;4;4;4
6205,4,4;4;4;4;4
6210,4,4;4;4;4;4
6215,4,4;4;4;4;4
6220,4,4;4;4;4;4
6225,4,4;4;4;4;4
6230,4,4;4;4;4;4
6235,4,4;4;4;4;4
6240,4,4;4;4;4;4
6245,4,4;4;4;4;4
6250,4,4;4;4;4;4
6255,4,4;4;4;4;4
6260,4,4;4;4;4;4
6265,4,4;4;4;4;4
6270,4,4;4;4;4;4
6275,4,4;4;4;4;4
6280,4,4;4;4;4;4
6285,4,4;4;4;4;4
6290,4,4;4;4;4;4
6295,4,4;4;4;4;4
6300,4,4;4;4;4;4
6305,4,4;4;4;4;4
6310,4,4;4;4;4;4
6315,4,4;4;4;4;4
6320,4,4;4;4;4;4
6325,4,4;4;4;4;4
6330,4,4;4;4;4;4
6335,4,4;4;4;4;4
6340,4,4;4;4;4;4
6345,4,4;4;4;4;4
6350,4,4;4;4;4;4
6355,4,4;4;4;4;4
6360,4,4;4;4;4;4
6365,4,4;4;4;4;4
6370,4,4;4;4;4;4
6375,4,4;4;4;4;4
6380,4,4;4;4;4;4
6385,4,4;4;4;4;4
6390,4,4;4;4;4;4
6395,4,4;4;4;4;4
6400,4,4;4;4;4;4
6405,4,4;4;4;4;4
6410,4,4;4;4;4;4
6415,4,4;4;4;4;4
6420,4,4;4;4;4;4
6425,4,4;4;4;4;4
6430,4,4;4;4;4;4
6435,4,4;4;4;4;4
6440,4,4;4;4;4;4
6445,4,4;4;4;4;4
6450,4,4;4;4;4;4
6455,4,4;4;4;4;4
6460,4,4;4;4;4;4
6465,4,4;4;4;4;4
6470,4,4;4;4;4;4
6475,4,4;4;4;4;4
6480,4,4;4;4;4;4
6485,4,4;4;4;4;4
6490,4,4;4;4;4;4
6495,4,4;4;4;4;4
6500,4,4;4;4;4;4
6505,4,4;4;4;4;4
6510,4,4;4;4;4;4
6515,4,4;4;4;4;4
6520,4,4;4;4;4;4
6525,4,4;4;4;4;4
6530,4,4;4;4;4;4
6535,4,4;4;4;4;4
6540,4,4;4;4;4;4
6545,4,4;4;4;4;4
6550,4,4;4;4;4;4
6555,4,4;4;4;4;4
6560,4,4;4;4;4;4
6565,4,4;4;4;4;4
6570,4,4;4;4;4;4
6575,4,4;4;4;4;4
6580,4,4;4;4;4;4
6585,4,4;4;4;4;4
6590,4,4;4;4;4;4
6595,4,4;4;4;4;4
6600,4,4;4;4;4;4
6605,4,4;4;4;4;4
6610,4,4;4;4;4;4
6615,4,4;4;4;4;4
6620,4,4;4;4;4;4
6625,4,4;4;4;4;4
6630,4,4;4;4;4;4
6635,4,4;4;4;4;4
6640,4,4;4;4;4;4
6645,4,4;4;4;4;4
6650,4,4;4;4;4;4
6655,4,4;4;4;4;4
6660,4,4;4;4;4;4
6665,4,4;4;4;4;4
6670,4,4;4;4;4;4
6675,4,4;4;4;4;4
6680,4,4;4;4;4;4
6685,4,4;4;4;4;4
6690,4,4;4;4;4;4
6695,4,4;4;4;4;4
6700,4,4;4;4;4;4
6705,4,4;4;4;4;4
