Time,Commitment,Opinion
0,3,4
5,1,3;3;3;3;3
10,1,1;1;1;1;1
15,1,1;1;1;1;1
20,1,1;1;1;1;1
25,2,1;1;1;1;1
30,2,2;2;2;2;2
35,1,2;2;2;2;2
40,3,1;1;1;1;1
45,2,3;3;3;3;3
50,1,2;2;2;2;2
55,2,1;1;1;1;1
60,2,2;2;2;2;2
65,1,2;2;2;2;2
70,3,1;1;1;1;1
75,2,3;3;3;3;3
80,3,2;2;2;2;2
85,3,3;3;3;3;3
90,4,3;3;3;3;3
95,2,4;4;4;4;4
100,3,2;2;2;2;2
105,4,3;3;3;3;3
110,1,4;4;4;4;4
115,4,1;1;1;1;1
120,4,4;4;4;4;4
125,4,4;4;4;4;4
130,2,4;4;4;4;4
135,4,2;2;2;2;2
140,4,4;4;4;4;4
145,4,4;4;4;4;4
150,2,4;4;4;4;4
155,4,2;2;2;2;2
160,4,4;4;4;4;4
165,3,4;4;4;4;4
170,4,3;3;3;3;3
175,2,4;4;4;4;4
180,4,2;2;2;2;2
185,4,4;4;4;4;4
190,4,4;4;4;4;4
195,2,4;4;4;4;4
200,1,2;2;2;2;2
205,3,1;1;1;1;1
210,2,3;3;3;3;3
215,1,2;2;2;2;2
220,2,1;1;1;1;1
225,1,2;2;2;2;2
230,2,1;1;1;1;1
235,1,2;2;2;2;2
240,2,1;1;1;1;1
245,3,2;2;2;2;2
250,1,3;3;3;3;3
255,1,1;1;1;1;1
260,2,1;1;1;1;1
265,2,2;2;2;2;2
270,1,2;2;2;2;2
275,2,1;1;1;1;1
280,3,2;2;2;2;2
285,3,3;3;3;3;3
290,2,3;3;3;3;3
295,2,2;2;2;2;2
300,3,2;2;2;2;2
305,3,3;3;3;3;3
310,4,3;3;3;3;3
315,4,4;4;4;4;4
320,4,4;4;4;4;4
325,1,4;4;4;4;4
330,1,1;1;1;1;1
335,1,1;1;1;1;1
340,3,1;1;1;1;1
345,1,3;3;3;3;3
350,3,1;1;1;1;1
355,1,3;3;3;3;3
360,3,1;1;1;1;1
365,2,3;3;3;3;3
370,3,2;2;2;2;2
375,3,3;3;3;3;3
380,3,3;3;3;3;3
385,2,3;3;3;3;3
390,2,2;2;2;2;2
395,2,2;2;2;2;2
400,1,2;2;2;2;2
405,2,1;1;1;1;1
410,2,2;2;2;2;2
415,2,2;2;2;2;2
420,3,2;2;2;2;2
425,2,3;3;3;3;3
430,3,2;2;2;2;2
435,4,3;3;3;3;3
440,2,4;4;4;4;4
445,2,2;2;2;2;2
450,3,2;2;2;2;2
455,2,3;3;3;3;3
460,2,2;2;2;2;2
465,2,2;2;2;2;2
470,2,2;2;2;2;2
475,4,2;2;2;2;2
480,2,4;4;4;4;4
485,2,2;2;2;2;2
490,1,2;2;2;2;2
495,2,1;1;1;1;1
500,2,2;2;2;2;2
505,3,2;2;2;2;2
510,4,3;3;3;3;3
515,4,4;4;4;4;4
520,2,4;4;4;4;4
525,2,2;2;2;2;2
530,2,2;2;2;2;2
535,2,2;2;2;2;2
540,1,2;2;2;2;2
545,1,1;1;1;1;1
550,3,1;1;1;1;1
555,2,3;3;3;3;3
560,3,2;2;2;2;2
565,2,3;3;3;3;3
570,1,2;2;2;2;2
575,3,1;1;1;1;1
580,2,3;3;3;3;3
585,3,2;2;2;2;2
590,2,3;3;3;3;3
595,3,2;2;2;2;2
600,2,3;3;3;3;3
605,4,2;2;2;2;2
610,2,4;4;4;4;4
615,4,2;2;2;2;2
620,2,4;4;4;4;4
625,3,2;2;2;2;2
630,2,3;3;3;3;3
635,4,2;2;2;2;2
640,2,4;4;4;4;4
645,4,2;2;2;2;2
650,3,4;4;4;4;4
655,1,3;3;3;3;3
660,3,1;1;1;1;1
665,2,3;3;3;3;3
670,2,2;2;2;2;2
675,4,2;2;2;2;2
680,2,4;4;4;4;4
685,2,2;2;2;2;2
690,3,2;2;2;2;2
695,2,3;3;3;3;3
700,1,2;2;2;2;2
705,3,1;1;1;1;1
710,1,3;3;3;3;3
715,2,1;1;1;1;1
720,1,2;2;2;2;2
725,4,1;1;1;1;1
730,1,4;4;4;4;4
735,2,1;1;1;1;1
740,3,2;2;2;2;2
745,2,3;3;3;3;3
750,1,2;2;2;2;2
755,1,1;1;1;1;1
760,2,1;1;1;1;1
765,2,2;2;2;2;2
770,1,2;2;2;2;2
775,2,1;1;1;1;1
780,1,2;2;2;2;2
785,3,1;1;1;1;1
790,1,3;3;3;3;3
795,1,1;1;1;1;1
800,3,1;1;1;1;1
805,1,3;3;3;3;3
810,1,1;1;1;1;1
815,3,1;1;1;1;1
820,1,3;3;3;3;3
825,1,1;1;1;1;1
830,3,1;1;1;1;1
835,1,3;3;3;3;3
840,1,1;1;1;1;1
845,1,1;1;1;1;1
850,1,1;1;1;1;1
855,1,1;1;1;1;1
860,1,1;1;1;1;1
865,1,1;1;1;1;1
870,1,1;1;1;1;1
875,1,1;1;1;1;1
880,1,1;1;1;1;1
885,1,1;1;1;1;1
890,1,1;1;1;1;1
895,2,1;1;1;1;1
900,2,2;2;2;2;2
905,1,2;2;2;2;2
910,2,1;1;1;1;1
915,2,2;2;2;2;2
920,1,2;2;2;2;2
925,2,1;1;1;1;1
930,1,2;2;2;2;2
935,2,1;1;1;1;1
940,1,2;2;2;2;2
945,3,1;1;1;1;1
950,1,3;3;3;3;3
955,1,1;1;1;1;1
960,3,1;1;1;1;1
965,3,3;3;3;3;3
970,1,3;3;3;3;3
975,1,1;1;1;1;1
980,1,1;1;1;1;1
985,2,1;1;1;1;1
990,2,2;2;2;2;2
995,3,2;2;2;2;2
1000,2,3;3;3;3;3
1005,2,2;2;2;2;2
1010,2,2;2;2;2;2
1015,1,2;2;2;2;2
1020,2,1;1;1;1;1
1025,2,2;2;2;2;2
1030,1,2;2;2;2;2
1035,1,1;1;1;1;1
1040,2,1;1;1;1;1
1045,1,2;2;2;2;2
1050,2,1;1;1;1;1
1055,3,2;2;2;2;2
1060,2,3;3;3;3;3
1065,2,2;2;2;2;2
1070,3,2;2;2;2;2
1075,2,3;3;3;3;3
1080,2,2;2;2;2;2
1085,1,2;2;2;2;2
1090,1,1;1;1;1;1
1095,1,1;1;1;1;1
1100,1,1;1;1;1;1
1105,1,1;1;1;1;1
1110,1,1;1;1;1;1
1115,2,1;1;1;1;1
1120,1,2;2;2;2;2
1125,1,1;1;1;1;1
1130,2,1;1;1;1;1
1135,2,2;2;2;2;2
1140,1,2;2;2;2;2
1145,1,1;1;1;1;1
1150,2,1;1;1;1;1
1155,1,2;2;2;2;2
1160,1,1;1;1;1;1
1165,2,1;1;1;1;1
1170,2,2;2;2;2;2
1175,2,2;2;2;2;2
1180,2,2;2;2;2;2
1185,1,2;2;2;2;2
1190,2,1;1;1;1;1
1195,2,2;2;2;2;2
1200,2,2;2;2;2;2
1205,1,2;2;2;2;2
1210,1,1;1;1;1;1
1215,1,1;1;1;1;1
1220,2,1;1;1;1;1
1225,1,2;2;2;2;2
1230,2,1;1;1;1;1
1235,1,2;2;2;2;2
1240,2,1;1;1;1;1
1245,1,2;2;2;2;2
1250,3,1;1;1;1;1
1255,2,3;3;3;3;3
1260,1,2;2;2;2;2
1265,1,1;1;1;1;1
1270,2,1;1;1;1;1
1275,1,2;2;2;2;2
1280,2,1;1;1;1;1
1285,3,2;2;2;2;2
1290,2,3;3;3;3;3
1295,2,2;2;2;2;2
1300,3,2;2;2;2;2
1305,1,3;3;3;3;3
1310,3,1;1;1;1;1
1315,3,3;3;3;3;3
1320,1,3;3;3;3;3
1325,1,1;1;1;1;1
1330,2,1;1;1;1;1
1335,3,2;2;2;2;2
1340,2,3;3;3;3;3
1345,2,2;2;2;2;2
1350,2,2;2;2;2;2
1355,2,2;2;2;2;2
1360,3,2;2;2;2;2
1365,2,3;3;3;3;3
1370,1,2;2;2;2;2
1375,2,1;1;1;1;1
1380,2,2;2;2;2;2
1385,3,2;2;2;2;2
1390,2,3;3;3;3;3
1395,1,2;2;2;2;2
1400,2,1;1;1;1;1
1405,3,2;2;2;2;2
1410,2,3;3;3;3;3
1415,1,2;2;2;2;2
1420,3,1;1;1;1;1
1425,3,3;3;3;3;3
1430,3,3;3;3;3;3
1435,1,3;3;3;3;3
1440,2,1;1;1;1;1
1445,1,2;2;2;2;2
1450,3,1;1;1;1;1
1455,2,3;3;3;3;3
1460,3,2;2;2;2;2
1465,1,3;3;3;3;3
1470,2,1;1;1;1;1
1475,1,2;2;2;2;2
1480,1,1;1;1;1;1
1485,1,1;1;1;1;1
1490,1,1;1;1;1;1
1495,1,1;1;1;1;1
1500,1,1;1;1;1;1
1505,1,1;1;1;1;1
1510,1,1;1;1;1;1
1515,1,1;1;1;1;1
1520,3,1;1;1;1;1
1525,3,3;3;3;3;3
1530,3,3;3;3;3;3
1535,2,3;3;3;3;3
1540,2,2;2;2;2;2
1545,3,2;2;2;2;2
1550,2,3;3;3;3;3
1555,1,2;2;2;2;2
1560,2,1;1;1;1;1
1565,1,2;2;2;2;2
1570,3,1;1;1;1;1
1575,3,3;3;3;3;3
1580,3,3;3;3;3;3
1585,3,3;3;3;3;3
1590,3,3;3;3;3;3
1595,3,3;3;3;3;3
1600,3,3;3;3;3;3
1605,3,3;3;3;3;3
1610,2,3;3;3;3;3
1615,3,2;2;2;2;2
1620,3,3;3;3;3;3
1625,2,3;3;3;3;3
1630,2,2;2;2;2;2
1635,3,2;2;2;2;2
1640,1,3;3;3;3;3
1645,3,1;1;1;1;1
1650,1,3;3;3;3;3
1655,3,1;1;1;1;1
1660,3,3;3;3;3;3
1665,3,3;3;3;3;3
1670,4,3;3;3;3;3
1675,2,4;4;4;4;4
1680,4,2;2;2;2;2
1685,3,4;4;4;4;4
1690,1,3;3;3;3;3
1695,3,1;1;1;1;1
1700,4,3;3;3;3;3
1705,3,4;4;4;4;4
1710,4,3;3;3;3;3
1715,4,4;4;4;4;4
1720,4,4;4;4;4;4
1725,4,4;4;4;4;4
1730,4,4;4;4;4;4
1735,4,4;4;4;4;4
1740,3,4;4;4;4;4
1745,4,3;3;3;3;3
1750,4,4;4;4;4;4
1755,3,4;4;4;4;4
1760,3,3;3;3;3;3
1765,3,3;3;3;3;3
1770,3,3;3;3;3;3
1775,4,3;3;3;3;3
1780,3,4;4;4;4;4
1785,3,3;3;3;3;3
1790,3,3;3;3;3;3
1795,4,3;3;3;3;3
1800,4,4;4;4;4;4
1805,4,4;4;4;4;4
1810,4,4;4;4;4;4
1815,4,4;4;4;4;4
1820,3,4;4;4;4;4
1825,4,3;3;3;3;3
1830,4,4;4;4;4;4
1835,4,4;4;4;4;4
1840,4,4;4;4;4;4
1845,4,4;4;4;4;4
1850,4,4;4;4;4;4
1855,3,4;4;4;4;4
1860,4,3;3;3;3;3
1865,4,4;4;4;4;4
1870,4,4;4;4;4;4
1875,4,4;4;4;4;4
1880,3,4;4;4;4;4
1885,4,3;3;3;3;3
1890,3,4;4;4;4;4
1895,3,3;3;3;3;3
1900,3,3;3;3;3;3
1905,2,3;3;3;3;3
1910,3,2;2;2;2;2
1915,3,3;3;3;3;3
1920,4,3;3;3;3;3
1925,4,4;4;4;4;4
1930,3,4;4;4;4;4
1935,4,3;3;3;3;3
1940,4,4;4;4;4;4
1945,4,4;4;4;4;4
1950,4,4;4;4;4;4
1955,4,4;4;4;4;4
1960,4,4;4;4;4;4
1965,4,4;4;4;4;4
1970,4,4;4;4;4;4
1975,3,4;4;4;4;4
1980,4,3;3;3;3;3
1985,4,4;4;4;4;4
1990,3,4;4;4;4;4
1995,4,3;3;3;3;3
2000,2,4;4;4;4;4
2005,4,2;2;2;2;2
2010,2,4;4;4;4;4
2015,2,2;2;2;2;2
2020,2,2;2;2;2;2
2025,2,2;2;2;2;2
2030,1,2;2;2;2;2
2035,3,1;1;1;1;1
2040,3,3;3;3;3;3
2045,1,3;3;3;3;3
2050,2,1;1;1;1;1
2055,1,2;2;2;2;2
2060,1,1;1;1;1;1
2065,2,1;1;1;1;1
2070,3,2;2;2;2;2
2075,2,3;3;3;3;3
2080,1,2;2;2;2;2
2085,2,1;1;1;1;1
2090,2,2;2;2;2;2
2095,1,2;2;2;2;2
2100,1,1;1;1;1;1
2105,1,1;1;1;1;1
2110,1,1;1;1;1;1
2115,1,1;1;1;1;1
2120,1,1;1;1;1;1
2125,1,1;1;1;1;1
2130,1,1;1;1;1;1
2135,1,1;1;1;1;1
2140,1,1;1;1;1;1
2145,1,1;1;1;1;1
2150,1,1;1;1;1;1
2155,1,1;1;1;1;1
2160,2,1;1;1;1;1
2165,1,2;2;2;2;2
2170,1,1;1;1;1;1
2175,2,1;1;1;1;1
2180,2,2;2;2;2;2
2185,3,2;2;2;2;2
2190,1,3;3;3;3;3
2195,1,1;1;1;1;1
2200,2,1;1;1;1;1
2205,1,2;2;2;2;2
2210,2,1;1;1;1;1
2215,1,2;2;2;2;2
2220,1,1;1;1;1;1
2225,2,1;1;1;1;1
2230,3,2;2;2;2;2
2235,3,3;3;3;3;3
2240,3,3;3;3;3;3
2245,1,3;3;3;3;3
2250,2,1;1;1;1;1
2255,3,2;2;2;2;2
2260,1,3;3;3;3;3
2265,2,1;1;1;1;1
2270,1,2;2;2;2;2
2275,3,1;1;1;1;1
2280,2,3;3;3;3;3
2285,1,2;2;2;2;2
2290,1,1;1;1;1;1
2295,1,1;1;1;1;1
2300,1,1;1;1;1;1
2305,2,1;1;1;1;1
2310,1,2;2;2;2;2
2315,2,1;1;1;1;1
2320,2,2;2;2;2;2
2325,3,2;2;2;2;2
2330,1,3;3;3;3;3
2335,2,1;1;1;1;1
2340,1,2;2;2;2;2
2345,1,1;1;1;1;1
2350,1,1;1;1;1;1
2355,1,1;1;1;1;1
2360,1,1;1;1;1;1
2365,2,1;1;1;1;1
2370,1,2;2;2;2;2
2375,2,1;1;1;1;1
2380,2,2;2;2;2;2
2385,2,2;2;2;2;2
2390,2,2;2;2;2;2
2395,3,2;2;2;2;2
2400,2,3;3;3;3;3
2405,2,2;2;2;2;2
2410,2,2;2;2;2;2
2415,3,2;2;2;2;2
2420,1,3;3;3;3;3
2425,1,1;1;1;1;1
2430,1,1;1;1;1;1
2435,3,1;1;1;1;1
2440,3,3;3;3;3;3
2445,3,3;3;3;3;3
2450,3,3;3;3;3;3
2455,3,3;3;3;3;3
2460,3,3;3;3;3;3
2465,3,3;3;3;3;3
2470,2,3;3;3;3;3
2475,3,2;2;2;2;2
2480,4,3;3;3;3;3
2485,3,4;4;4;4;4
2490,1,3;3;3;3;3
2495,2,1;1;1;1;1
2500,1,2;2;2;2;2
2505,2,1;1;1;1;1
2510,1,2;2;2;2;2
2515,1,1;1;1;1;1
2520,1,1;1;1;1;1
2525,2,1;1;1;1;1
2530,1,2;2;2;2;2
2535,2,1;1;1;1;1
2540,1,2;2;2;2;2
2545,2,1;1;1;1;1
2550,1,2;2;2;2;2
2555,2,1;1;1;1;1
2560,3,2;2;2;2;2
2565,3,3;3;3;3;3
2570,3,3;3;3;3;3
2575,3,3;3;3;3;3
2580,1,3;3;3;3;3
2585,2,1;1;1;1;1
2590,1,2;2;2;2;2
2595,2,1;1;1;1;1
2600,1,2;2;2;2;2
2605,2,1;1;1;1;1
2610,1,2;2;2;2;2
2615,1,1;1;1;1;1
2620,2,1;1;1;1;1
2625,3,2;2;2;2;2
2630,2,3;3;3;3;3
2635,3,2;2;2;2;2
2640,2,3;3;3;3;3
2645,1,2;2;2;2;2
2650,1,1;1;1;1;1
2655,1,1;1;1;1;1
2660,1,1;1;1;1;1
2665,3,1;1;1;1;1
2670,2,3;3;3;3;3
2675,2,2;2;2;2;2
2680,2,2;2;2;2;2
2685,3,2;2;2;2;2
2690,1,3;3;3;3;3
2695,2,1;1;1;1;1
2700,1,2;2;2;2;2
2705,1,1;1;1;1;1
2710,1,1;1;1;1;1
2715,3,1;1;1;1;1
2720,1,3;3;3;3;3
2725,2,1;1;1;1;1
2730,1,2;2;2;2;2
2735,2,1;1;1;1;1
2740,1,2;2;2;2;2
2745,1,1;1;1;1;1
2750,1,1;1;1;1;1
2755,1,1;1;1;1;1
2760,2,1;1;1;1;1
2765,1,2;2;2;2;2
2770,1,1;1;1;1;1
2775,3,1;1;1;1;1
2780,1,3;3;3;3;3
2785,3,1;1;1;1;1
2790,3,3;3;3;3;3
2795,1,3;3;3;3;3
2800,2,1;1;1;1;1
2805,2,2;2;2;2;2
2810,3,2;2;2;2;2
2815,3,3;3;3;3;3
2820,3,3;3;3;3;3
2825,1,3;3;3;3;3
2830,1,1;1;1;1;1
2835,3,1;1;1;1;1
2840,1,3;3;3;3;3
2845,1,1;1;1;1;1
2850,3,1;1;1;1;1
2855,3,3;3;3;3;3
2860,2,3;3;3;3;3
2865,2,2;2;2;2;2
2870,3,2;2;2;2;2
2875,1,3;3;3;3;3
2880,2,1;1;1;1;1
2885,3,2;2;2;2;2
2890,2,3;3;3;3;3
2895,1,2;2;2;2;2
2900,1,1;1;1;1;1
2905,1,1;1;1;1;1
2910,1,1;1;1;1;1
2915,1,1;1;1;1;1
2920,2,1;1;1;1;1
2925,1,2;2;2;2;2
2930,1,1;1;1;1;1
2935,2,1;1;1;1;1
2940,1,2;2;2;2;2
2945,2,1;1;1;1;1
2950,1,2;2;2;2;2
2955,1,1;1;1;1;1
2960,1,1;1;1;1;1
2965,2,1;1;1;1;1
2970,1,2;2;2;2;2
2975,1,1;1;1;1;1
2980,1,1;1;1;1;1
2985,2,1;1;1;1;1
2990,2,2;2;2;2;2
2995,1,2;2;2;2;2
3000,1,1;1;1;1;1
3005,2,1;1;1;1;1
3010,1,2;2;2;2;2
3015,2,1;1;1;1;1
3020,1,2;2;2;2;2
3025,2,1;1;1;1;1
3030,1,2;2;2;2;2
3035,1,1;1;1;1;1
3040,1,1;1;1;1;1
3045,1,1;1;1;1;1
3050,2,1;1;1;1;1
3055,2,2;2;2;2;2
3060,1,2;2;2;2;2
3065,2,1;1;1;1;1
3070,1,2;2;2;2;2
3075,1,1;1;1;1;1
3080,1,1;1;1;1;1
3085,1,1;1;1;1;1
3090,1,1;1;1;1;1
3095,2,1;1;1;1;1
3100,1,2;2;2;2;2
3105,2,1;1;1;1;1
3110,2,2;2;2;2;2
3115,2,2;2;2;2;2
3120,1,2;2;2;2;2
3125,2,1;1;1;1;1
3130,2,2;2;2;2;2
3135,2,2;2;2;2;2
3140,1,2;2;2;2;2
3145,2,1;1;1;1;1
3150,2,2;2;2;2;2
3155,2,2;2;2;2;2
3160,1,2;2;2;2;2
3165,2,1;1;1;1;1
3170,2,2;2;2;2;2
3175,1,2;2;2;2;2
3180,2,1;1;1;1;1
3185,2,2;2;2;2;2
3190,2,2;2;2;2;2
3195,2,2;2;2;2;2
3200,2,2;2;2;2;2
3205,2,2;2;2;2;2
3210,2,2;2;2;2;2
3215,2,2;2;2;2;2
3220,2,2;2;2;2;2
3225,2,2;2;2;2;2
3230,2,2;2;2;2;2
3235,2,2;2;2;2;2
3240,2,2;2;2;2;2
3245,2,2;2;2;2;2
3250,2,2;2;2;2;2
3255,2,2;2;2;2;2
3260,1,2;2;2;2;2
3265,2,1;1;1;1;1
3270,2,2;2;2;2;2
3275,2,2;2;2;2;2
3280,2,2;2;2;2;2
3285,1,2;2;2;2;2
3290,2,1;1;1;1;1
3295,2,2;2;2;2;2
3300,2,2;2;2;2;2
3305,2,2;2;2;2;2
3310,2,2;2;2;2;2
3315,2,2;2;2;2;2
3320,2,2;2;2;2;2
3325,1,2;2;2;2;2
3330,2,1;1;1;1;1
3335,1,2;2;2;2;2
3340,2,1;1;1;1;1
3345,2,2;2;2;2;2
3350,2,2;2;2;2;2
3355,2,2;2;2;2;2
3360,1,2;2;2;2;2
3365,2,1;1;1;1;1
3370,2,2;2;2;2;2
3375,2,2;2;2;2;2
3380,2,2;2;2;2;2
3385,1,2;2;2;2;2
3390,1,1;1;1;1;1
3395,2,1;1;1;1;1
3400,1,2;2;2;2;2
3405,1,1;1;1;1;1
3410,1,1;1;1;1;1
3415,2,1;1;1;1;1
3420,2,2;2;2;2;2
3425,2,2;2;2;2;2
3430,2,2;2;2;2;2
3435,2,2;2;2;2;2
3440,1,2;2;2;2;2
3445,2,1;1;1;1;1
3450,1,2;2;2;2;2
3455,1,1;1;1;1;1
3460,2,1;1;1;1;1
3465,2,2;2;2;2;2
3470,2,2;2;2;2;2
3475,1,2;2;2;2;2
3480,1,1;1;1;1;1
3485,1,1;1;1;1;1
3490,1,1;1;1;1;1
3495,1,1;1;1;1;1
3500,1,1;1;1;1;1
3505,1,1;1;1;1;1
3510,1,1;1;1;1;1
3515,1,1;1;1;1;1
3520,1,1;1;1;1;1
3525,1,1;1;1;1;1
3530,2,1;1;1;1;1
3535,1,2;2;2;2;2
3540,1,1;1;1;1;1
3545,1,1;1;1;1;1
3550,1,1;1;1;1;1
3555,1,1;1;1;1;1
3560,1,1;1;1;1;1
3565,1,1;1;1;1;1
3570,1,1;1;1;1;1
3575,1,1;1;1;1;1
3580,1,1;1;1;1;1
3585,1,1;1;1;1;1
3590,1,1;1;1;1;1
3595,1,1;1;1;1;1
3600,1,1;1;1;1;1
3605,1,1;1;1;1;1
3610,1,1;1;1;1;1
3615,2,1;1;1;1;1
3620,2,2;2;2;2;2
3625,2,2;2;2;2;2
3630,1,2;2;2;2;2
3635,1,1;1;1;1;1
3640,2,1;1;1;1;1
3645,2,2;2;2;2;2
3650,1,2;2;2;2;2
3655,2,1;1;1;1;1
3660,2,2;2;2;2;2
3665,1,2;2;2;2;2
3670,2,1;1;1;1;1
3675,2,2;2;2;2;2
3680,2,2;2;2;2;2
3685,1,2;2;2;2;2
3690,2,1;1;1;1;1
3695,1,2;2;2;2;2
3700,1,1;1;1;1;1
3705,1,1;1;1;1;1
3710,1,1;1;1;1;1
3715,1,1;1;1;1;1
3720,1,1;1;1;1;1
3725,2,1;1;1;1;1
3730,1,2;2;2;2;2
3735,1,1;1;1;1;1
3740,2,1;1;1;1;1
3745,1,2;2;2;2;2
3750,1,1;1;1;1;1
3755,1,1;1;1;1;1
3760,1,1;1;1;1;1
3765,1,1;1;1;1;1
3770,1,1;1;1;1;1
3775,1,1;1;1;1;1
3780,1,1;1;1;1;1
3785,1,1;1;1;1;1
3790,1,1;1;1;1;1
3795,1,1;1;1;1;1
3800,1,1;1;1;1;1
3805,1,1;1;1;1;1
3810,1,1;1;1;1;1
3815,1,1;1;1;1;1
3820,1,1;1;1;1;1
3825,1,1;1;1;1;1
3830,1,1;1;1;1;1
3835,1,1;1;1;1;1
3840,1,1;1;1;1;1
3845,1,1;1;1;1;1
3850,1,1;1;1;1;1
3855,1,1;1;1;1;1
3860,1,1;1;1;1;1
3865,1,1;1;1;1;1
3870,1,1;1;1;1;1
3875,1,1;1;1;1;1
3880,1,1;1;1;1;1
3885,1,1;1;1;1;1
3890,1,1;1;1;1;1
3895,1,1;1;1;1;1
3900,1,1;1;1;1;1
3905,1,1;1;1;1;1
3910,1,1;1;1;1;1
3915,1,1;1;1;1;1
3920,1,1;1;1;1;1
3925,1,1;1;1;1;1
3930,1,1;1;1;1;1
3935,1,1;1;1;1;1
3940,1,1;1;1;1;1
3945,1,1;1;1;1;1
3950,1,1;1;1;1;1
3955,1,1;1;1;1;1
3960,1,1;1;1;1;1
3965,1,1;1;1;1;1
3970,1,1;1;1;1;1
3975,1,1;1;1;1;1
3980,1,1;1;1;1;1
3985,1,1;1;1;1;1
3990,1,1;1;1;1;1
3995,1,1;1;1;1;1
4000,1,1;1;1;1;1
4005,1,1;1;1;1;1
4010,1,1;1;1;1;1
4015,1,1;1;1;1;1
4020,1,1;1;1;1;1
4025,1,1;1;1;1;1
4030,1,1;1;1;1;1
4035,1,1;1;1;1;1
4040,1,1;1;1;1;1
4045,1,1;1;1;1;1
4050,1,1;1;1;1;1
4055,1,1;1;1;1;1
4060,1,1;1;1;1;1
4065,1,1;1;1;1;1
4070,1,1;1;1;1;1
4075,1,1;1;1;1;1
4080,1,1;1;1;1;1
4085,1,1;1;1;1;1
4090,1,1;1;1;1;1
4095,1,1;1;1;1;1
4100,1,1;1;1;1;1
4105,1,1;1;1;1;1
4110,1,1;1;1;1;1
4115,1,1;1;1;1;1
4120,1,1;1;1;1;1
4125,1,1;1;1;1;1
4130,1,1;1;1;1;1
4135,1,1;1;1;1;1
4140,1,1;1;1;1;1
4145,1,1;1;1;1;1
4150,1,1;1;1;1;1
4155,1,1;1;1;1;1
4160,1,1;1;1;1;1
4165,1,1;1;1;1;1
4170,1,1;1;1;1;1
4175,1,1;1;1;1;1
4180,1,1;1;1;1;1
4185,1,1;1;1;1;1
4190,1,1;1;1;1;1
4195,1,1;1;1;1;1
4200,1,1;1;1;1;1
4205,1,1;1;1;1;1
4210,1,1;1;1;1;1
4215,1,1;1;1;1;1
4220,1,1;1;1;1;1
4225,1,1;1;1;1;1
4230,1,1;1;1;1;1
4235,1,1;1;1;1;1
4240,1,1;1;1;1;1
4245,1,1;1;1;1;1
4250,1,1;1;1;1;1
4255,1,1;1;1;1;1
4260,1,1;1;1;1;1
4265,1,1;1;1;1;1
4270,1,1;1;1;1;1
4275,1,1;1;1;1;1
4280,1,1;1;1;1;1
4285,1,1;1;1;1;1
4290,1,1;1;1;1;1
4295,1,1;1;1;1;1
4300,1,1;1;1;1;1
4305,1,1;1;1;1;1
4310,1,1;1;1;1;1
4315,1,1;1;1;1;1
4320,1,1;1;1;1;1
4325,1,1;1;1;1;1
4330,1,1;1;1;1;1
4335,1,1;1;1;1;1
4340,1,1;1;1;1;1
4345,1,1;1;1;1;1
4350,1,1;1;1;1;1
4355,1,1;1;1;1;1
4360,1,1;1;1;1;1
4365,1,1;1;1;1;1
4370,1,1;1;1;1;1
4375,1,1;1;1;1;1
4380,1,1;1;1;1;1
4385,1,1;1;1;1;1
4390,1,1;1;1;1;1
4395,1,1;1;1;1;1
4400,1,1;1;1;1;1
4405,1,1;1;1;1;1
4410,1,1;1;1;1;1
4415,1,1;1;1;1;1
4420,1,1;1;1;1;1
4425,1,1;1;1;1;1
4430,1,1;1;1;1;1
4435,1,1;1;1;1;1
4440,1,1;1;1;1;1
4445,1,1;1;1;1;1
4450,1,1;1;1;1;1
4455,1,1;1;1;1;1
4460,1,1;1;1;1;1
4465,1,1;1;1;1;1
4470,1,1;1;1;1;1
4475,1,1;1;1;1;1
4480,1,1;1;1;1;1
4485,1,1;1;1;1;1
4490,1,1;1;1;1;1
4495,1,1;1;1;1;1
4500,1,1;1;1;1;1
4505,1,1;1;1;1;1
4510,1,1;1;1;1;1
4515,1,1;1;1;1;1
4520,1,1;1;1;1;1
4525,1,1;1;1;1;1
4530,1,1;1;1;1;1
4535,1,1;1;1;1;1
4540,1,1;1;1;1;1
4545,1,1;1;1;1;1
4550,1,1;1;1;1;1
4555,1,1;1;1;1;1
4560,1,1;1;1;1;1
4565,1,1;1;1;1;1
4570,1,1;1;1;1;1
4575,1,1;1;1;1;1
4580,1,1;1;1;1;1
4585,1,1;1;1;1;1
4590,1,1;1;1;1;1
4595,1,1;1;1;1;1
4600,1,1;1;1;1;1
4605,1,1;1;1;1;1
4610,1,1;1;1;1;1
4615,1,1;1;1;1;1
4620,1,1;1;1;1;1
4625,1,1;1;1;1;1
4630,1,1;1;1;1;1
4635,1,1;1;1;1;1
4640,1,1;1;1;1;1
4645,1,1;1;1;1;1
4650,1,1;1;1;1;1
4655,1,1;1;1;1;1
4660,1,1;1;1;1;1
4665,1,1;1;1;1;1
4670,1,1;1;1;1;1
4675,1,1;1;1;1;1
4680,1,1;1;1;1;1
4685,1,1;1;1;1;1
4690,1,1;1;1;1;1
4695,1,1;1;1;1;1
4700,1,1;1;1;1;1
4705,1,1;1;1;1;1
4710,1,1;1;1;1;1
4715,1,1;1;1;1;1
4720,1,1;1;1;1;1
4725,1,1;1;1;1;1
4730,1,1;1;1;1;1
4735,1,1;1;1;1;1
4740,1,1;1;1;1;1
4745,1,1;1;1;1;1
4750,1,1;1;1;1;1
4755,1,1;1;1;1;1
4760,1,1;1;1;1;1
4765,1,1;1;1;1;1
4770,1,1;1;1;1;1
4775,1,1;1;1;1;1
4780,1,1;1;1;1;1
4785,1,1;1;1;1;1
4790,1,1;1;1;1;1
4795,1,1;1;1;1;1
4800,1,1;1;1;1;1
4805,1,1;1;1;1;1
4810,1,1;1;1;1;1
4815,1,1;1;1;1;1
4820,1,1;1;1;1;1
4825,1,1;1;1;1;1
4830,1,1;1;1;1;1
4835,1,1;1;1;1;1
4840,1,1;1;1;1;1
4845,1,1;1;1;1;1
4850,1,1;1;1;1;1
4855,1,1;1;1;1;1
4860,1,1;1;1;1;1
4865,1,1;1;1;1;1
4870,1,1;1;1;1;1
4875,1,1;1;1;1;1
4880,1,1;1;1;1;1
4885,1,1;1;1;1;1
4890,1,1;1;1;1;1
4895,1,1;1;1;1;1
4900,1,1;1;1;1;1
4905,1,1;1;1;1;1
4910,1,1;1;1;1;1
4915,1,1;1;1;1;1
4920,1,1;1;1;1;1
4925,1,1;1;1;1;1
4930,1,1;1;1;1;1
4935,1,1;1;1;1;1
4940,1,1;1;1;1;1
4945,1,1;1;1;1;1
4950,1,1;1;1;1;1
4955,1,1;1;1;1;1
4960,1,1;1;1;1;1
4965,1,1;1;1;1;1
4970,1,1;1;1;1;1
4975,1,1;1;1;1;1
4980,1,1;1;1;1;1
4985,1,1;1;1;1;1
4990,1,1;1;1;1;1
4995,1,1;1;1;1;1
5000,1,1;1;1;1;1
5005,1,1;1;1;1;1
5010,1,1;1;1;1;1
5015,1,1;1;1;1;1
5020,1,1;1;1;1;1
5025,1,1;1;1;1;1
5030,1,1;1;1;1;1
5035,1,1;1;1;1;1
5040,1,1;1;1;1;1
5045,1,1;1;1;1;1
5050,1,1;1;1;1;1
5055,1,1;1;1;1;1
5060,1,1;1;1;1;1
5065,1,1;1;1;1;1
5070,1,1;1;1;1;1
5075,1,1;1;1;1;1
5080,1,1;1;1;1;1
5085,1,1;1;1;1;1
5090,1,1;1;1;1;1
5095,1,1;1;1;1;1
5100,1,1;1;1;1;1
5105,1,1;1;1;1;1
5110,1,1;1;1;1;1
5115,1,1;1;1;1;1
5120,1,1;1;1;1;1
5125,1,1;1;1;1;1
5130,1,1;1;1;1;1
5135,1,1;1;1;1;1
5140,1,1;1;1;1;1
5145,1,1;1;1;1;1
5150,1,1;1;1;1;1
5155,1,1;1;1;1;1
5160,1,1;1;1;1;1
5165,1,1;1;1;1;1
5170,1,1;1;1;1;1
5175,1,1;1;1;1;1
5180,1,1;1;1;1;1
5185,1,1;1;1;1;1
5190,1,1;1;1;1;1
5195,1,1;1;1;1;1
5200,1,1;1;1;1;1
5205,1,1;1;1;1;1
5210,1,1;1;1;1;1
5215,1,1;1;1;1;1
5220,1,1;1;1;1;1
5225,1,1;1;1;1;1
5230,1,1;1;1;1;1
5235,1,1;1;1;1;1
5240,1,1;1;1;1;1
5245,1,1;1;1;1;1
5250,1,1;1;1;1;1
5255,1,1;1;1;1;1
5260,1,1;1;1;1;1
5265,1,1;1;1;1;1
5270,1,1;1;1;1;1
5275,1,1;1;1;1;1
5280,1,1;1;1;1;1
5285,1,1;1;1;1;1
5290,1,1;1;1;1;1
5295,1,1;1;1;1;1
5300,1,1;1;1;1;1
5305,1,1;1;1;1;1
5310,1,1;1;1;1;1
5315,1,1;1;1;1;1
5320,1,1;1;1;1;1
5325,1,1;1;1;1;1
5330,1,1;1;1;1;1
5335,1,1;1;1;1;1
5340,1,1;1;1;1;1
5345,1,1;1;1;1;1
5350,1,1;1;1;1;1
5355,1,1;1;1;1;1
5360,1,1;1;1;1;1
5365,1,1;1;1;1;1
5370,1,1;1;1;1;1
5375,1,1;1;1;1;1
5380,1,1;1;1;1;1
5385,1,1;1;1;1;1
5390,1,1;1;1;1;1
5395,1,1;1;1;1;1
5400,1,1;1;1;1;1
5405,1,1;1;1;1;1
5410,1,1;1;1;1;1
5415,1,1;1;1;1;1
5420,1,1;1;1;1;1
5425,1,1;1;1;1;1
5430,1,1;1;1;1;1
5435,1,1;1;1;1;1
5440,1,1;1;1;1;1
5445,1,1;1;1;1;1
5450,1,1;1;1;1;1
5455,1,1;1;1;1;1
5460,1,1;1;1;1;1
5465,1,1;1;1;1;1
5470,1,1;1;1;1;1
5475,1,1;1;1;1;1
5480,1,1;1;1;1;1
5485,1,1;1;1;1;1
5490,1,1;1;1;1;1
5495,1,1;1;1;1;1
5500,1,1;1;1;1;1
5505,1,1;1;1;1;1
5510,1,1;1;1;1;1
5515,1,1;1;1;1;1
5520,1,1;1;1;1;1
5525,1,1;1;1;1;1
5530,1,1;1;1;1;1
5535,1,1;1;1;1;1
5540,1,1;1;1;1;1
5545,1,1;1;1;1;1
5550,1,1;1;1;1;1
5555,1,1;1;1;1;1
5560,1,1;1;1;1;1
5565,1,1;1;1;1;1
5570,1,1;1;1;1;1
5575,1,1;1;1;1;1
5580,1,1;1;1;1;1
5585,1,1;1;1;1;1
5590,1,1;1;1;1;1
5595,1,1;1;1;1;1
5600,1,1;1;1;1;1
5605,1,1;1;1;1;1
5610,1,1;1;1;1;1
5615,1,1;1;1;1;1
5620,1,1;1;1;1;1
5625,1,1;1;1;1;1
5630,1,1;1;1;1;1
5635,1,1;1;1;1;1
5640,1,1;1;1;1;1
5645,1,1;1;1;1;1
5650,1,1;1;1;1;1
5655,1,1;1;1;1;1
5660,1,1;1;1;1;1
5665,1,1;1;1;1;1
5670,1,1;1;1;1;1
5675,1,1;1;1;1;1
5680,1,1;1;1;1;1
5685,1,1;1;1;1;1
5690,1,1;1;1;1;1
5695,1,1;1;1;1;1
5700,1,1;1;1;1;1
5705,1,1;1;1;1;1
5710,1,1;1;1;1;1
5715,1,1;1;1;1;1
5720,1,1;1;1;1;1
5725,1,1;1;1;1;1
5730,1,1;1;1;1;1
5735,1,1;1;1;1;1
5740,1,1;1;1;1;1
5745,1,1;1;1;1;1
5750,1,1;1;1;1;1
5755,1,1;1;1;1;1
5760,1,1;1;1;1;1
5765,1,1;1;1;1;1
5770,1,1;1;1;1;1
5775,1,1;1;1;1;1
5780,1,1;1;1;1;1
5785,1,1;1;1;1;1
5790,1,1;1;1;1;1
5795,1,1;1;1;1;1
5800,1,1;1;1;1;1
5805,1,1;1;1;1;1
5810,1,1;1;1;1;1
5815,1,1;1;1;1;1
5820,1,1;1;1;1;1
5825,1,1;1;1;1;1
5830,1,1;1;1;1;1
5835,1,1;1;1;1;1
5840,1,1;1;1;1;1
5845,1,1;1;1;1;1
5850,1,1;1;1;1;1
5855,1,1;1;1;1;1
5860,1,1;1;1;1;1
5865,1,1;1;1;1;1
5870,1,1;1;1;1;1
5875,1,1;1;1;1;1
5880,1,1;1;1;1;1
5885,1,1;1;1;1;1
5890,1,1;1;1;1;1
5895,1,1;1;1;1;1
5900,1,1;1;1;1;1
5905,1,1;1;1;1;1
5910,1,1;1;1;1;1
5915,1,1;1;1;1;1
5920,1,1;1;1;1;1
5925,1,1;1;1;1;1
5930,1,1;1;1;1;1
5935,1,1;1;1;1;1
5940,1,1;1;1;1;1
5945,1,1;1;1;1;1
5950,1,1;1;1;1;1
5955,1,1;1;1;1;1
5960,1,1;1;1;1;1
5965,1,1;1;1;1;1
5970,1,1;1;1;1;1
5975,1,1;1;1;1;1
5980,1,1;1;1;1;1
5985,1,1;1;1;1;1
5990,1,1;1;1;1;1
5995,1,1;1;1;1;1
6000,1,1;1;1;1;1
6005,1,1;1;1;1;1
6010,1,1;1;1;1;1
6015,1,1;1;1;1;1
6020,1,1;1;1;1;1
6025,1,1;1;1;1;1
6030,1,1;1;1;1;1
6035,1,1;1;1;1;1
6040,1,1;1;1;1;1
6045,1,1;1;1;1;1
6050,1,1;1;1;1;1
6055,1,1;1;1;1;1
6060,1,1;1;1;1;1
6065,1,1;1;1;1;1
6070,1,1;1;1;1;1
6075,1,1;1;1;1;1
6080,1,1;1;1;1;1
6085,1,1;1;1;1;1
6090,1,1;1;1;1;1
6095,1,1;1;1;1;1
6100,1,1;1;1;1;1
6105,1,1;1;1;1;1
6110,1,1;1;1;1;1
6115,1,1;1;1;1;1
6120,1,1;1;1;1;1
6125,1,1;1;1;1;1
6130,1,1;1;1;1;1
6135,1,1;1;1;1;1
6140,1,1;1;1;1;1
6145,1,1;1;1;1;1
6150,1,1;1;1;1;1
6155,1,1;1;1;1;1
6160,1,1;1;1;1;1
6165,1,1;1;1;1;1
6170,1,1;1;1;1;1
6175,1,1;1;1;1;1
6180,1,1;1;1;1;1
6185,1,1;1;1;1;1
6190,1,1;1;1;1;1
6195,1,1;1;1;1;1
6200,1,1;1;1;1;1
6205,1,1;1;1;1;1
6210,1,1;1;1;1;1
6215,1,1;1;1;1;1
6220,1,1;1;1;1;1
6225,1,1;1;1;1;1
6230,1,1;1;1;1;1
6235,1,1;1;1;1;1
6240,1,1;1;1;1;1
6245,1,1;1;1;1;1
6250,1,1;1;1;1;1
6255,1,1;1;1;1;1
6260,1,1;1;1;1;1
6265,1,1;1;1;1;1
6270,1,1;1;1;1;1
6275,1,1;1;1;1;1
6280,1,1;1;1;1;1
6285,1,1;1;1;1;1
6290,1,1;1;1;1;1
6295,1,1;1;1;1;1
6300,1,1;1;1;1;1
6305,1,1;1;1;1;1
6310,1,1;1;1;1;1
6315,1,1;1;1;1;1
6320,1,1;1;1;1;1
6325,1,1;1;1;1;1
6330,1,1;1;1;1;1
6335,1,1;1;1;1;1
6340,1,1;1;1;1;1
6345,1,1;1;1;1;1
6350,1,1;1;1;1;1
6355,1,1;1;1;1;1
6360,1,1;1;1;1;1
6365,1,1;1;1;1;1
6370,1,1;1;1;1;1
6375,1,1;1;1;1;1
6380,1,1;1;1;1;1
6385,1,1;1;1;1;1
6390,1,1;1;1;1;1
6395,1,1;1;1;1;1
6400,1,1;1;1;1;1
6405,1,1;1;1;1;1
6410,1,1;1;1;1;1
6415,1,1;1;1;1;1
6420,1,1;1;1;1;1
6425,1,1;1;1;1;1
6430,1,1;1;1;1;1
6435,1,1;1;1;1;1
6440,1,1;1;1;1;1
6445,1,1;1;1;1;1
6450,1,1;1;1;1;1
6455,1,1;1;1;1;1
6460,1,1;1;1;1;1
6465,1,1;1;1;1;1
6470,1,1;1;1;1;1
6475,1,1;1;1;1;1
6480,1,1;1;1;1;1
6485,1,1;1;1;1;1
6490,1,1;1;1;1;1
6495,1,1;1;1;1;1
6500,1,1;1;1;1;1
6505,1,1;1;1;1;1
6510,1,1;1;1;1;1
6515,1,1;1;1;1;1
6520,1,1;1;1;1;1
6525,1,1;1;1;1;1
6530,1,1;1;1;1;1
6535,1,1;1;1;1;1
6540,1,1;1;1;1;1
6545,1,1;1;1;1;1
6550,1,1;1;1;1;1
6555,1,1;1;1;1;1
6560,1,1;1;1;1;1
6565,1,1;1;1;1;1
6570,1,1;1;1;1;1
6575,1,1;1;1;1;1
6580,1,1;1;1;1;1
6585,1,1;1;1;1;1
6590,1,1;1;1;1;1
6595,1,1;1;1;1;1
6600,1,1;1;1;1;1
6605,1,1;1;1;1;1
6610,1,1;1;1;1;1
6615,1,1;1;1;1;1
6620,1,1;1;1;1;1
6625,1,1;1;1;1;1
6630,1,1;1;1;1;1
6635,1,1;1;1;1;1
6640,1,1;1;1;1;1
6645,1,1;1;1;1;1
6650,1,1;1;1;1;1
6655,1,1;1;1;1;1
6660,1,1;1;1;1;1
6665,1,1;1;1;1;1
6670,1,1;1;1;1;1
6675,1,1;1;1;1;1
6680,1,1;1;1;1;1
6685,1,1;1;1;1;1
6690,1,1;1;1;1;1
6695,1,1;1;1;1;1
6700,1,1;1;1;1;1
6705,1,1;1;1;1;1
6710,1,1;1;1;1;1
6715,1,1;1;1;1;1
6720,1,1;1;1;1;1
6725,1,1;1;1;1;1
6730,1,1;1;1;1;1
6735,1,1;1;1;1;1
6740,1,1;1;1;1;1
6745,1,1;1;1;1;1
6750,1,1;1;1;1;1
6755,1,1;1;1;1;1
6760,1,1;1;1;1;1
6765,1,1;1;1;1;1
6770,1,1;1;1;1;1
6775,1,1;1;1;1;1
