Time,Commitment,Opinion
0,2,4
5,3,2;2;2;2;2
10,4,3;3;3;3;3
15,1,4;4;4;4;4
20,1,1;1;1;1;1
25,3,1;1;1;1;1
30,4,3;3;3;3;3
35,4,4;4;4;4;4
40,1,4;4;4;4;4
45,4,1;1;1;1;1
50,4,4;4;4;4;4
55,2,4;4;4;4;4
60,3,2;2;2;2;2
65,3,3;3;3;3;3
70,4,3;3;3;3;3
75,3,4;4;4;4;4
80,3,3;3;3;3;3
85,1,3;3;3;3;3
90,3,1;1;1;1;1
95,2,3;3;3;3;3
100,3,2;2;2;2;2
105,2,3;3;3;3;3
110,2,2;2;2;2;2
115,2,2;2;2;2;2
120,2,2;2;2;2;2
125,4,2;2;2;2;2
130,4,4;4;4;4;4
135,4,4;4;4;4;4
140,3,4;4;4;4;4
145,3,3;3;3;3;3
150,3,3;3;3;3;3
155,4,3;3;3;3;3
160,4,4;4;4;4;4
165,4,4;4;4;4;4
170,3,4;4;4;4;4
175,2,3;3;3;3;3
180,4,2;2;2;2;2
185,4,4;4;4;4;4
190,3,4;4;4;4;4
195,3,3;3;3;3;3
200,4,3;3;3;3;3
205,2,4;4;4;4;4
210,1,2;2;2;2;2
215,3,1;1;1;1;1
220,2,3;3;3;3;3
225,2,2;2;2;2;2
230,1,2;2;2;2;2
235,2,1;1;1;1;1
240,4,2;2;2;2;2
245,4,4;4;4;4;4
250,2,4;4;4;4;4
255,1,2;2;2;2;2
260,3,1;1;1;1;1
265,4,3;3;3;3;3
270,2,4;4;4;4;4
275,2,2;2;2;2;2
280,1,2;2;2;2;2
285,2,1;1;1;1;1
290,2,2;2;2;2;2
295,2,2;2;2;2;2
300,3,2;2;2;2;2
305,4,3;3;3;3;3
310,3,4;4;4;4;4
315,1,3;3;3;3;3
320,3,1;1;1;1;1
325,1,3;3;3;3;3
330,4,1;1;1;1;1
335,3,4;4;4;4;4
340,4,3;3;3;3;3
345,2,4;4;4;4;4
350,2,2;2;2;2;2
355,2,2;2;2;2;2
360,2,2;2;2;2;2
365,2,2;2;2;2;2
370,2,2;2;2;2;2
375,2,2;2;2;2;2
380,2,2;2;2;2;2
385,2,2;2;2;2;2
390,2,2;2;2;2;2
395,1,2;2;2;2;2
400,2,1;1;1;1;1
405,2,2;2;2;2;2
410,2,2;2;2;2;2
415,2,2;2;2;2;2
420,2,2;2;2;2;2
425,4,2;2;2;2;2
430,3,4;4;4;4;4
435,4,3;3;3;3;3
440,3,4;4;4;4;4
445,2,3;3;3;3;3
450,3,2;2;2;2;2
455,3,3;3;3;3;3
460,3,3;3;3;3;3
465,3,3;3;3;3;3
470,3,3;3;3;3;3
475,1,3;3;3;3;3
480,3,1;1;1;1;1
485,3,3;3;3;3;3
490,3,3;3;3;3;3
495,4,3;3;3;3;3
500,3,4;4;4;4;4
505,4,3;3;3;3;3
510,3,4;4;4;4;4
515,3,3;3;3;3;3
520,4,3;3;3;3;3
525,3,4;4;4;4;4
530,4,3;3;3;3;3
535,3,4;4;4;4;4
540,2,3;3;3;3;3
545,3,2;2;2;2;2
550,3,3;3;3;3;3
555,2,3;3;3;3;3
560,3,2;2;2;2;2
565,3,3;3;3;3;3
570,3,3;3;3;3;3
575,3,3;3;3;3;3
580,3,3;3;3;3;3
585,4,3;3;3;3;3
590,3,4;4;4;4;4
595,2,3;3;3;3;3
600,2,2;2;2;2;2
605,3,2;2;2;2;2
610,3,3;3;3;3;3
615,3,3;3;3;3;3
620,3,3;3;3;3;3
625,2,3;3;3;3;3
630,2,2;2;2;2;2
635,3,2;2;2;2;2
640,3,3;3;3;3;3
645,2,3;3;3;3;3
650,2,2;2;2;2;2
655,4,2;2;2;2;2
660,3,4;4;4;4;4
665,4,3;3;3;3;3
670,4,4;4;4;4;4
675,4,4;4;4;4;4
680,4,4;4;4;4;4
685,3,4;4;4;4;4
690,4,3;3;3;3;3
695,4,4;4;4;4;4
700,4,4;4;4;4;4
705,2,4;4;4;4;4
710,4,2;2;2;2;2
715,4,4;4;4;4;4
720,4,4;4;4;4;4
725,2,4;4;4;4;4
730,4,2;2;2;2;2
735,4,4;4;4;4;4
740,3,4;4;4;4;4
745,4,3;3;3;3;3
750,3,4;4;4;4;4
755,4,3;3;3;3;3
760,4,4;4;4;4;4
765,4,4;4;4;4;4
770,4,4;4;4;4;4
775,4,4;4;4;4;4
780,4,4;4;4;4;4
785,3,4;4;4;4;4
790,4,3;3;3;3;3
795,4,4;4;4;4;4
800,4,4;4;4;4;4
805,4,4;4;4;4;4
810,4,4;4;4;4;4
815,4,4;4;4;4;4
820,4,4;4;4;4;4
825,4,4;4;4;4;4
830,4,4;4;4;4;4
835,4,4;4;4;4;4
840,3,4;4;4;4;4
845,4,3;3;3;3;3
850,3,4;4;4;4;4
855,3,3;3;3;3;3
860,4,3;3;3;3;3
865,4,4;4;4;4;4
870,4,4;4;4;4;4
875,4,4;4;4;4;4
880,4,4;4;4;4;4
885,4,4;4;4;4;4
890,4,4;4;4;4;4
895,4,4;4;4;4;4
900,3,4;4;4;4;4
905,3,3;3;3;3;3
910,4,3;3;3;3;3
915,3,4;4;4;4;4
920,4,3;3;3;3;3
925,4,4;4;4;4;4
930,4,4;4;4;4;4
935,4,4;4;4;4;4
940,3,4;4;4;4;4
945,4,3;3;3;3;3
950,4,4;4;4;4;4
955,4,4;4;4;4;4
960,4,4;4;4;4;4
965,4,4;4;4;4;4
970,4,4;4;4;4;4
975,4,4;4;4;4;4
980,3,4;4;4;4;4
985,4,3;3;3;3;3
990,4,4;4;4;4;4
995,4,4;4;4;4;4
1000,4,4;4;4;4;4
1005,3,4;4;4;4;4
1010,4,3;3;3;3;3
1015,4,4;4;4;4;4
1020,3,4;4;4;4;4
1025,3,3;3;3;3;3
1030,3,3;3;3;3;3
1035,3,3;3;3;3;3
1040,3,3;3;3;3;3
1045,3,3;3;3;3;3
1050,3,3;3;3;3;3
1055,3,3;3;3;3;3
1060,4,3;3;3;3;3
1065,3,4;4;4;4;4
1070,3,3;3;3;3;3
1075,3,3;3;3;3;3
1080,3,3;3;3;3;3
1085,3,3;3;3;3;3
1090,3,3;3;3;3;3
1095,3,3;3;3;3;3
1100,3,3;3;3;3;3
1105,3,3;3;3;3;3
1110,3,3;3;3;3;3
1115,3,3;3;3;3;3
1120,3,3;3;3;3;3
1125,3,3;3;3;3;3
1130,3,3;3;3;3;3
1135,3,3;3;3;3;3
1140,3,3;3;3;3;3
1145,3,3;3;3;3;3
1150,3,3;3;3;3;3
1155,4,3;3;3;3;3
1160,3,4;4;4;4;4
1165,3,3;3;3;3;3
1170,3,3;3;3;3;3
1175,3,3;3;3;3;3
1180,3,3;3;3;3;3
1185,3,3;3;3;3;3
1190,3,3;3;3;3;3
1195,3,3;3;3;3;3
1200,3,3;3;3;3;3
1205,3,3;3;3;3;3
1210,3,3;3;3;3;3
1215,3,3;3;3;3;3
1220,3,3;3;3;3;3
1225,3,3;3;3;3;3
1230,3,3;3;3;3;3
1235,4,3;3;3;3;3
1240,3,4;4;4;4;4
1245,3,3;3;3;3;3
1250,4,3;3;3;3;3
1255,3,4;4;4;4;4
1260,4,3;3;3;3;3
1265,3,4;4;4;4;4
1270,4,3;3;3;3;3
1275,4,4;4;4;4;4
1280,4,4;4;4;4;4
1285,4,4;4;4;4;4
1290,4,4;4;4;4;4
1295,4,4;4;4;4;4
1300,4,4;4;4;4;4
1305,4,4;4;4;4;4
1310,4,4;4;4;4;4
1315,4,4;4;4;4;4
1320,3,4;4;4;4;4
1325,3,3;3;3;3;3
1330,4,3;3;3;3;3
1335,4,4;4;4;4;4
1340,4,4;4;4;4;4
1345,3,4;4;4;4;4
1350,3,3;3;3;3;3
1355,3,3;3;3;3;3
1360,4,3;3;3;3;3
1365,3,4;4;4;4;4
1370,4,3;3;3;3;3
1375,3,4;4;4;4;4
1380,3,3;3;3;3;3
1385,3,3;3;3;3;3
1390,3,3;3;3;3;3
1395,4,3;3;3;3;3
1400,3,4;4;4;4;4
1405,3,3;3;3;3;3
1410,3,3;3;3;3;3
1415,3,3;3;3;3;3
1420,4,3;3;3;3;3
1425,3,4;4;4;4;4
1430,3,3;3;3;3;3
1435,3,3;3;3;3;3
1440,3,3;3;3;3;3
1445,4,3;3;3;3;3
1450,3,4;4;4;4;4
1455,3,3;3;3;3;3
1460,3,3;3;3;3;3
1465,3,3;3;3;3;3
1470,4,3;3;3;3;3
1475,3,4;4;4;4;4
1480,3,3;3;3;3;3
1485,3,3;3;3;3;3
1490,3,3;3;3;3;3
1495,3,3;3;3;3;3
1500,4,3;3;3;3;3
1505,3,4;4;4;4;4
1510,3,3;3;3;3;3
1515,3,3;3;3;3;3
1520,3,3;3;3;3;3
1525,4,3;3;3;3;3
1530,3,4;4;4;4;4
1535,4,3;3;3;3;3
1540,4,4;4;4;4;4
1545,4,4;4;4;4;4
1550,3,4;4;4;4;4
1555,4,3;3;3;3;3
1560,3,4;4;4;4;4
1565,3,3;3;3;3;3
1570,3,3;3;3;3;3
1575,3,3;3;3;3;3
1580,4,3;3;3;3;3
1585,4,4;4;4;4;4
1590,4,4;4;4;4;4
1595,4,4;4;4;4;4
1600,3,4;4;4;4;4
1605,3,3;3;3;3;3
1610,4,3;3;3;3;3
1615,3,4;4;4;4;4
1620,4,3;3;3;3;3
1625,4,4;4;4;4;4
1630,3,4;4;4;4;4
1635,3,3;3;3;3;3
1640,4,3;3;3;3;3
1645,3,4;4;4;4;4
1650,4,3;3;3;3;3
1655,3,4;4;4;4;4
1660,4,3;3;3;3;3
1665,3,4;4;4;4;4
1670,4,3;3;3;3;3
1675,3,4;4;4;4;4
1680,4,3;3;3;3;3
1685,3,4;4;4;4;4
1690,3,3;3;3;3;3
1695,3,3;3;3;3;3
1700,3,3;3;3;3;3
1705,4,3;3;3;3;3
1710,4,4;4;4;4;4
1715,4,4;4;4;4;4
1720,3,4;4;4;4;4
1725,3,3;3;3;3;3
1730,3,3;3;3;3;3
1735,3,3;3;3;3;3
1740,3,3;3;3;3;3
1745,3,3;3;3;3;3
1750,3,3;3;3;3;3
1755,4,3;3;3;3;3
1760,4,4;4;4;4;4
1765,4,4;4;4;4;4
1770,4,4;4;4;4;4
1775,3,4;4;4;4;4
1780,4,3;3;3;3;3
1785,4,4;4;4;4;4
1790,3,4;4;4;4;4
1795,4,3;3;3;3;3
1800,3,4;4;4;4;4
1805,4,3;3;3;3;3
1810,4,4;4;4;4;4
1815,4,4;4;4;4;4
1820,4,4;4;4;4;4
1825,3,4;4;4;4;4
1830,3,3;3;3;3;3
1835,3,3;3;3;3;3
1840,4,3;3;3;3;3
1845,3,4;4;4;4;4
1850,4,3;3;3;3;3
1855,4,4;4;4;4;4
1860,4,4;4;4;4;4
1865,4,4;4;4;4;4
1870,3,4;4;4;4;4
1875,3,3;3;3;3;3
1880,3,3;3;3;3;3
1885,4,3;3;3;3;3
1890,3,4;4;4;4;4
1895,4,3;3;3;3;3
1900,4,4;4;4;4;4
1905,3,4;4;4;4;4
1910,3,3;3;3;3;3
1915,3,3;3;3;3;3
1920,4,3;3;3;3;3
1925,3,4;4;4;4;4
1930,3,3;3;3;3;3
1935,3,3;3;3;3;3
1940,3,3;3;3;3;3
1945,3,3;3;3;3;3
1950,3,3;3;3;3;3
1955,3,3;3;3;3;3
1960,3,3;3;3;3;3
1965,3,3;3;3;3;3
1970,4,3;3;3;3;3
1975,4,4;4;4;4;4
1980,3,4;4;4;4;4
1985,3,3;3;3;3;3
1990,4,3;3;3;3;3
1995,4,4;4;4;4;4
2000,4,4;4;4;4;4
2005,3,4;4;4;4;4
2010,3,3;3;3;3;3
2015,4,3;3;3;3;3
2020,3,4;4;4;4;4
2025,3,3;3;3;3;3
2030,4,3;3;3;3;3
2035,3,4;4;4;4;4
2040,3,3;3;3;3;3
2045,4,3;3;3;3;3
2050,4,4;4;4;4;4
2055,4,4;4;4;4;4
2060,4,4;4;4;4;4
2065,4,4;4;4;4;4
2070,3,4;4;4;4;4
2075,3,3;3;3;3;3
2080,3,3;3;3;3;3
2085,3,3;3;3;3;3
2090,4,3;3;3;3;3
2095,3,4;4;4;4;4
2100,4,3;3;3;3;3
2105,3,4;4;4;4;4
2110,4,3;3;3;3;3
2115,4,4;4;4;4;4
2120,3,4;4;4;4;4
2125,4,3;3;3;3;3
2130,3,4;4;4;4;4
2135,3,3;3;3;3;3
2140,3,3;3;3;3;3
2145,3,3;3;3;3;3
2150,3,3;3;3;3;3
2155,3,3;3;3;3;3
2160,4,3;3;3;3;3
2165,4,4;4;4;4;4
2170,3,4;4;4;4;4
2175,4,3;3;3;3;3
2180,4,4;4;4;4;4
2185,3,4;4;4;4;4
2190,3,3;3;3;3;3
2195,3,3;3;3;3;3
2200,4,3;3;3;3;3
2205,3,4;4;4;4;4
2210,3,3;3;3;3;3
2215,4,3;3;3;3;3
2220,4,4;4;4;4;4
2225,4,4;4;4;4;4
2230,4,4;4;4;4;4
2235,3,4;4;4;4;4
2240,3,3;3;3;3;3
2245,3,3;3;3;3;3
2250,4,3;3;3;3;3
2255,3,4;4;4;4;4
2260,4,3;3;3;3;3
2265,3,4;4;4;4;4
2270,4,3;3;3;3;3
2275,4,4;4;4;4;4
2280,4,4;4;4;4;4
2285,4,4;4;4;4;4
2290,3,4;4;4;4;4
2295,3,3;3;3;3;3
2300,3,3;3;3;3;3
2305,3,3;3;3;3;3
2310,3,3;3;3;3;3
2315,4,3;3;3;3;3
2320,4,4;4;4;4;4
2325,3,4;4;4;4;4
2330,4,3;3;3;3;3
2335,3,4;4;4;4;4
2340,4,3;3;3;3;3
2345,3,4;4;4;4;4
2350,3,3;3;3;3;3
2355,4,3;3;3;3;3
2360,3,4;4;4;4;4
2365,4,3;3;3;3;3
2370,3,4;4;4;4;4
2375,3,3;3;3;3;3
2380,4,3;3;3;3;3
2385,3,4;4;4;4;4
2390,4,3;3;3;3;3
2395,4,4;4;4;4;4
2400,4,4;4;4;4;4
2405,3,4;4;4;4;4
2410,4,3;3;3;3;3
2415,4,4;4;4;4;4
2420,3,4;4;4;4;4
2425,3,3;3;3;3;3
2430,4,3;3;3;3;3
2435,3,4;4;4;4;4
2440,4,3;3;3;3;3
2445,3,4;4;4;4;4
2450,4,3;3;3;3;3
2455,3,4;4;4;4;4
2460,4,3;3;3;3;3
2465,3,4;4;4;4;4
2470,4,3;3;3;3;3
2475,4,4;4;4;4;4
2480,4,4;4;4;4;4
2485,3,4;4;4;4;4
2490,4,3;3;3;3;3
2495,4,4;4;4;4;4
2500,4,4;4;4;4;4
2505,4,4;4;4;4;4
2510,3,4;4;4;4;4
2515,4,3;3;3;3;3
2520,4,4;4;4;4;4
2525,4,4;4;4;4;4
2530,3,4;4;4;4;4
2535,4,3;3;3;3;3
2540,3,4;4;4;4;4
2545,4,3;3;3;3;3
2550,4,4;4;4;4;4
2555,4,4;4;4;4;4
2560,3,4;4;4;4;4
2565,3,3;3;3;3;3
2570,3,3;3;3;3;3
2575,4,3;3;3;3;3
2580,4,4;4;4;4;4
2585,4,4;4;4;4;4
2590,4,4;4;4;4;4
2595,4,4;4;4;4;4
2600,4,4;4;4;4;4
2605,3,4;4;4;4;4
2610,4,3;3;3;3;3
2615,3,4;4;4;4;4
2620,4,3;3;3;3;3
2625,3,4;4;4;4;4
2630,3,3;3;3;3;3
2635,3,3;3;3;3;3
2640,4,3;3;3;3;3
2645,3,4;4;4;4;4
2650,3,3;3;3;3;3
2655,4,3;3;3;3;3
2660,4,4;4;4;4;4
2665,3,4;4;4;4;4
2670,3,3;3;3;3;3
2675,3,3;3;3;3;3
2680,4,3;3;3;3;3
2685,3,4;4;4;4;4
2690,3,3;3;3;3;3
2695,3,3;3;3;3;3
2700,3,3;3;3;3;3
2705,3,3;3;3;3;3
2710,3,3;3;3;3;3
2715,3,3;3;3;3;3
2720,3,3;3;3;3;3
2725,3,3;3;3;3;3
2730,3,3;3;3;3;3
2735,3,3;3;3;3;3
2740,3,3;3;3;3;3
2745,3,3;3;3;3;3
2750,3,3;3;3;3;3
2755,3,3;3;3;3;3
2760,4,3;3;3;3;3
2765,3,4;4;4;4;4
2770,4,3;3;3;3;3
2775,4,4;4;4;4;4
2780,4,4;4;4;4;4
2785,3,4;4;4;4;4
2790,3,3;3;3;3;3
2795,4,3;3;3;3;3
2800,4,4;4;4;4;4
2805,3,4;4;4;4;4
2810,4,3;3;3;3;3
2815,4,4;4;4;4;4
2820,3,4;4;4;4;4
2825,4,3;3;3;3;3
2830,4,4;4;4;4;4
2835,3,4;4;4;4;4
2840,3,3;3;3;3;3
2845,4,3;3;3;3;3
2850,3,4;4;4;4;4
2855,3,3;3;3;3;3
2860,3,3;3;3;3;3
2865,4,3;3;3;3;3
2870,4,4;4;4;4;4
2875,4,4;4;4;4;4
2880,4,4;4;4;4;4
2885,4,4;4;4;4;4
2890,4,4;4;4;4;4
2895,4,4;4;4;4;4
2900,4,4;4;4;4;4
2905,3,4;4;4;4;4
2910,4,3;3;3;3;3
2915,4,4;4;4;4;4
2920,4,4;4;4;4;4
2925,4,4;4;4;4;4
2930,4,4;4;4;4;4
2935,4,4;4;4;4;4
2940,3,4;4;4;4;4
2945,4,3;3;3;3;3
2950,4,4;4;4;4;4
2955,4,4;4;4;4;4
2960,4,4;4;4;4;4
2965,4,4;4;4;4;4
2970,4,4;4;4;4;4
2975,3,4;4;4;4;4
2980,4,3;3;3;3;3
2985,4,4;4;4;4;4
2990,4,4;4;4;4;4
2995,4,4;4;4;4;4
3000,4,4;4;4;4;4
3005,4,4;4;4;4;4
3010,4,4;4;4;4;4
3015,4,4;4;4;4;4
3020,4,4;4;4;4;4
3025,4,4;4;4;4;4
3030,4,4;4;4;4;4
3035,4,4;4;4;4;4
3040,4,4;4;4;4;4
3045,4,4;4;4;4;4
3050,4,4;4;4;4;4
3055,4,4;4;4;4;4
3060,4,4;4;4;4;4
3065,4,4;4;4;4;4
3070,4,4;4;4;4;4
3075,4,4;4;4;4;4
3080,4,4;4;4;4;4
3085,4,4;4;4;4;4
3090,4,4;4;4;4;4
3095,4,4;4;4;4;4
3100,4,4;4;4;4;4
3105,4,4;4;4;4;4
3110,4,4;4;4;4;4
3115,4,4;4;4;4;4
3120,4,4;4;4;4;4
3125,4,4;4;4;4;4
3130,4,4;4;4;4;4
3135,4,4;4;4;4;4
3140,4,4;4;4;4;4
3145,4,4;4;4;4;4
3150,4,4;4;4;4;4
3155,4,4;4;4;4;4
3160,4,4;4;4;4;4
3165,4,4;4;4;4;4
3170,4,4;4;4;4;4
3175,4,4;4;4;4;4
3180,3,4;4;4;4;4
3185,4,3;3;3;3;3
3190,4,4;4;4;4;4
3195,4,4;4;4;4;4
3200,4,4;4;4;4;4
3205,4,4;4;4;4;4
3210,4,4;4;4;4;4
3215,4,4;4;4;4;4
3220,4,4;4;4;4;4
3225,4,4;4;4;4;4
3230,4,4;4;4;4;4
3235,4,4;4;4;4;4
3240,4,4;4;4;4;4
3245,4,4;4;4;4;4
3250,4,4;4;4;4;4
3255,4,4;4;4;4;4
3260,4,4;4;4;4;4
3265,4,4;4;4;4;4
3270,4,4;4;4;4;4
3275,4,4;4;4;4;4
3280,4,4;4;4;4;4
3285,4,4;4;4;4;4
3290,4,4;4;4;4;4
3295,4,4;4;4;4;4
3300,4,4;4;4;4;4
3305,4,4;4;4;4;4
3310,4,4;4;4;4;4
3315,4,4;4;4;4;4
3320,4,4;4;4;4;4
3325,4,4;4;4;4;4
3330,4,4;4;4;4;4
3335,4,4;4;4;4;4
3340,4,4;4;4;4;4
3345,4,4;4;4;4;4
3350,4,4;4;4;4;4
3355,4,4;4;4;4;4
3360,4,4;4;4;4;4
3365,4,4;4;4;4;4
3370,4,4;4;4;4;4
3375,4,4;4;4;4;4
3380,4,4;4;4;4;4
3385,4,4;4;4;4;4
3390,4,4;4;4;4;4
3395,4,4;4;4;4;4
3400,4,4;4;4;4;4
3405,4,4;4;4;4;4
3410,4,4;4;4;4;4
3415,4,4;4;4;4;4
3420,4,4;4;4;4;4
3425,4,4;4;4;4;4
3430,4,4;4;4;4;4
3435,4,4;4;4;4;4
3440,4,4;4;4;4;4
3445,4,4;4;4;4;4
3450,4,4;4;4;4;4
3455,4,4;4;4;4;4
3460,4,4;4;4;4;4
3465,4,4;4;4;4;4
3470,4,4;4;4;4;4
3475,4,4;4;4;4;4
3480,4,4;4;4;4;4
3485,4,4;4;4;4;4
3490,4,4;4;4;4;4
3495,4,4;4;4;4;4
3500,4,4;4;4;4;4
3505,4,4;4;4;4;4
3510,4,4;4;4;4;4
3515,4,4;4;4;4;4
3520,4,4;4;4;4;4
3525,4,4;4;4;4;4
3530,4,4;4;4;4;4
3535,4,4;4;4;4;4
3540,4,4;4;4;4;4
3545,4,4;4;4;4;4
3550,4,4;4;4;4;4
3555,4,4;4;4;4;4
3560,4,4;4;4;4;4
3565,4,4;4;4;4;4
3570,4,4;4;4;4;4
3575,4,4;4;4;4;4
3580,4,4;4;4;4;4
3585,4,4;4;4;4;4
3590,4,4;4;4;4;4
3595,4,4;4;4;4;4
3600,4,4;4;4;4;4
3605,4,4;4;4;4;4
3610,4,4;4;4;4;4
3615,4,4;4;4;4;4
3620,4,4;4;4;4;4
3625,4,4;4;4;4;4
3630,4,4;4;4;4;4
3635,4,4;4;4;4;4
3640,4,4;4;4;4;4
3645,4,4;4;4;4;4
3650,4,4;4;4;4;4
3655,4,4;4;4;4;4
3660,4,4;4;4;4;4
3665,4,4;4;4;4;4
3670,4,4;4;4;4;4
3675,4,4;4;4;4;4
3680,4,4;4;4;4;4
3685,4,4;4;4;4;4
3690,4,4;4;4;4;4
3695,4,4;4;4;4;4
3700,4,4;4;4;4;4
3705,4,4;4;4;4;4
3710,4,4;4;4;4;4
3715,4,4;4;4;4;4
3720,4,4;4;4;4;4
3725,4,4;4;4;4;4
3730,4,4;4;4;4;4
3735,4,4;4;4;4;4
3740,4,4;4;4;4;4
3745,4,4;4;4;4;4
3750,4,4;4;4;4;4
3755,4,4;4;4;4;4
3760,4,4;4;4;4;4
3765,4,4;4;4;4;4
3770,4,4;4;4;4;4
3775,4,4;4;4;4;4
3780,4,4;4;4;4;4
3785,4,4;4;4;4;4
3790,4,4;4;4;4;4
3795,4,4;4;4;4;4
3800,4,4;4;4;4;4
3805,4,4;4;4;4;4
3810,4,4;4;4;4;4
3815,4,4;4;4;4;4
3820,4,4;4;4;4;4
3825,4,4;4;4;4;4
3830,4,4;4;4;4;4
3835,4,4;4;4;4;4
3840,4,4;4;4;4;4
3845,4,4;4;4;4;4
3850,4,4;4;4;4;4
3855,4,4;4;4;4;4
3860,4,4;4;4;4;4
3865,4,4;4;4;4;4
3870,4,4;4;4;4;4
3875,4,4;4;4;4;4
3880,4,4;4;4;4;4
3885,4,4;4;4;4;4
3890,4,4;4;4;4;4
3895,4,4;4;4;4;4
3900,4,4;4;4;4;4
3905,4,4;4;4;4;4
3910,4,4;4;4;4;4
3915,4,4;4;4;4;4
3920,4,4;4;4;4;4
3925,4,4;4;4;4;4
3930,4,4;4;4;4;4
3935,4,4;4;4;4;4
3940,4,4;4;4;4;4
3945,4,4;4;4;4;4
3950,4,4;4;4;4;4
3955,4,4;4;4;4;4
3960,4,4;4;4;4;4
3965,4,4;4;4;4;4
3970,4,4;4;4;4;4
3975,4,4;4;4;4;4
3980,4,4;4;4;4;4
3985,4,4;4;4;4;4
3990,4,4;4;4;4;4
3995,4,4;4;4;4;4
4000,4,4;4;4;4;4
4005,4,4;4;4;4;4
4010,4,4;4;4;4;4
4015,4,4;4;4;4;4
4020,4,4;4;4;4;4
4025,4,4;4;4;4;4
4030,4,4;4;4;4;4
4035,4,4;4;4;4;4
4040,4,4;4;4;4;4
4045,4,4;4;4;4;4
4050,4,4;4;4;4;4
4055,4,4;4;4;4;4
4060,4,4;4;4;4;4
4065,4,4;4;4;4;4
4070,4,4;4;4;4;4
4075,4,4;4;4;4;4
4080,4,4;4;4;4;4
4085,4,4;4;4;4;4
4090,4,4;4;4;4;4
4095,4,4;4;4;4;4
4100,4,4;4;4;4;4
4105,4,4;4;4;4;4
4110,4,4;4;4;4;4
4115,4,4;4;4;4;4
4120,4,4;4;4;4;4
4125,4,4;4;4;4;4
4130,4,4;4;4;4;4
4135,4,4;4;4;4;4
4140,4,4;4;4;4;4
4145,4,4;4;4;4;4
4150,4,4;4;4;4;4
4155,4,4;4;4;4;4
4160,4,4;4;4;4;4
4165,4,4;4;4;4;4
4170,4,4;4;4;4;4
4175,4,4;4;4;4;4
4180,4,4;4;4;4;4
4185,4,4;4;4;4;4
4190,4,4;4;4;4;4
4195,4,4;4;4;4;4
4200,4,4;4;4;4;4
4205,4,4;4;4;4;4
4210,4,4;4;4;4;4
4215,4,4;4;4;4;4
4220,4,4;4;4;4;4
4225,4,4;4;4;4;4
4230,4,4;4;4;4;4
4235,4,4;4;4;4;4
4240,4,4;4;4;4;4
4245,4,4;4;4;4;4
4250,4,4;4;4;4;4
4255,4,4;4;4;4;4
4260,4,4;4;4;4;4
4265,4,4;4;4;4;4
4270,4,4;4;4;4;4
4275,4,4;4;4;4;4
4280,4,4;4;4;4;4
4285,4,4;4;4;4;4
4290,4,4;4;4;4;4
4295,4,4;4;4;4;4
4300,4,4;4;4;4;4
4305,4,4;4;4;4;4
4310,4,4;4;4;4;4
4315,4,4;4;4;4;4
4320,4,4;4;4;4;4
4325,4,4;4;4;4;4
4330,4,4;4;4;4;4
4335,4,4;4;4;4;4
4340,4,4;4;4;4;4
4345,4,4;4;4;4;4
4350,4,4;4;4;4;4
4355,4,4;4;4;4;4
4360,4,4;4;4;4;4
4365,4,4;4;4;4;4
4370,4,4;4;4;4;4
4375,4,4;4;4;4;4
4380,4,4;4;4;4;4
4385,4,4;4;4;4;4
4390,4,4;4;4;4;4
4395,4,4;4;4;4;4
4400,4,4;4;4;4;4
4405,4,4;4;4;4;4
4410,4,4;4;4;4;4
4415,4,4;4;4;4;4
4420,4,4;4;4;4;4
4425,4,4;4;4;4;4
4430,4,4;4;4;4;4
4435,4,4;4;4;4;4
4440,4,4;4;4;4;4
4445,4,4;4;4;4;4
4450,4,4;4;4;4;4
4455,4,4;4;4;4;4
4460,4,4;4;4;4;4
4465,4,4;4;4;4;4
4470,4,4;4;4;4;4
4475,4,4;4;4;4;4
4480,4,4;4;4;4;4
4485,4,4;4;4;4;4
4490,4,4;4;4;4;4
4495,4,4;4;4;4;4
4500,4,4;4;4;4;4
4505,4,4;4;4;4;4
4510,4,4;4;4;4;4
4515,4,4;4;4;4;4
4520,4,4;4;4;4;4
4525,4,4;4;4;4;4
4530,4,4;4;4;4;4
4535,4,4;4;4;4;4
4540,4,4;4;4;4;4
4545,4,4;4;4;4;4
4550,4,4;4;4;4;4
4555,4,4;4;4;4;4
4560,4,4;4;4;4;4
4565,4,4;4;4;4;4
4570,4,4;4;4;4;4
4575,4,4;4;4;4;4
4580,4,4;4;4;4;4
4585,4,4;4;4;4;4
4590,4,4;4;4;4;4
4595,4,4;4;4;4;4
4600,4,4;4;4;4;4
4605,4,4;4;4;4;4
4610,4,4;4;4;4;4
4615,4,4;4;4;4;4
4620,4,4;4;4;4;4
4625,4,4;4;4;4;4
4630,4,4;4;4;4;4
4635,4,4;4;4;4;4
4640,4,4;4;4;4;4
4645,4,4;4;4;4;4
4650,4,4;4;4;4;4
4655,4,4;4;4;4;4
4660,4,4;4;4;4;4
4665,4,4;4;4;4;4
4670,4,4;4;4;4;4
4675,4,4;4;4;4;4
4680,4,4;4;4;4;4
4685,4,4;4;4;4;4
4690,4,4;4;4;4;4
4695,4,4;4;4;4;4
4700,4,4;4;4;4;4
4705,4,4;4;4;4;4
4710,4,4;4;4;4;4
4715,4,4;4;4;4;4
4720,4,4;4;4;4;4
4725,4,4;4;4;4;4
4730,4,4;4;4;4;4
4735,4,4;4;4;4;4
4740,4,4;4;4;4;4
4745,4,4;4;4;4;4
4750,4,4;4;4;4;4
4755,4,4;4;4;4;4
4760,4,4;4;4;4;4
4765,4,4;4;4;4;4
4770,4,4;4;4;4;4
4775,4,4;4;4;4;4
4780,4,4;4;4;4;4
4785,4,4;4;4;4;4
4790,4,4;4;4;4;4
4795,4,4;4;4;4;4
4800,4,4;4;4;4;4
4805,4,4;4;4;4;4
4810,4,4;4;4;4;4
4815,4,4;4;4;4;4
4820,4,4;4;4;4;4
4825,4,4;4;4;4;4
4830,4,4;4;4;4;4
4835,4,4;4;4;4;4
4840,4,4;4;4;4;4
4845,4,4;4;4;4;4
4850,4,4;4;4;4;4
4855,4,4;4;4;4;4
4860,4,4;4;4;4;4
4865,4,4;4;4;4;4
4870,4,4;4;4;4;4
4875,4,4;4;4;4;4
4880,4,4;4;4;4;4
4885,4,4;4;4;4;4
4890,4,4;4;4;4;4
4895,4,4;4;4;4;4
4900,4,4;4;4;4;4
4905,4,4;4;4;4;4
4910,4,4;4;4;4;4
4915,4,4;4;4;4;4
4920,4,4;4;4;4;4
4925,4,4;4;4;4;4
4930,4,4;4;4;4;4
4935,4,4;4;4;4;4
4940,4,4;4;4;4;4
4945,4,4;4;4;4;4
4950,4,4;4;4;4;4
4955,4,4;4;4;4;4
4960,4,4;4;4;4;4
4965,4,4;4;4;4;4
4970,4,4;4;4;4;4
4975,4,4;4;4;4;4
4980,4,4;4;4;4;4
4985,4,4;4;4;4;4
4990,4,4;4;4;4;4
4995,4,4;4;4;4;4
5000,4,4;4;4;4;4
5005,4,4;4;4;4;4
5010,4,4;4;4;4;4
5015,4,4;4;4;4;4
5020,4,4;4;4;4;4
5025,4,4;4;4;4;4
5030,4,4;4;4;4;4
5035,4,4;4;4;4;4
5040,4,4;4;4;4;4
5045,4,4;4;4;4;4
5050,4,4;4;4;4;4
5055,4,4;4;4;4;4
5060,4,4;4;4;4;4
5065,4,4;4;4;4;4
5070,4,4;4;4;4;4
5075,4,4;4;4;4;4
5080,4,4;4;4;4;4
5085,4,4;4;4;4;4
5090,4,4;4;4;4;4
5095,4,4;4;4;4;4
5100,4,4;4;4;4;4
5105,4,4;4;4;4;4
5110,4,4;4;4;4;4
5115,4,4;4;4;4;4
5120,4,4;4;4;4;4
5125,4,4;4;4;4;4
5130,4,4;4;4;4;4
5135,4,4;4;4;4;4
5140,4,4;4;4;4;4
5145,4,4;4;4;4;4
5150,4,4;4;4;4;4
5155,4,4;4;4;4;4
5160,4,4;4;4;4;4
5165,4,4;4;4;4;4
5170,4,4;4;4;4;4
5175,4,4;4;4;4;4
5180,4,4;4;4;4;4
5185,4,4;4;4;4;4
5190,4,4;4;4;4;4
5195,4,4;4;4;4;4
5200,4,4;4;4;4;4
5205,4,4;4;4;4;4
5210,4,4;4;4;4;4
5215,4,4;4;4;4;4
5220,4,4;4;4;4;4
5225,4,4;4;4;4;4
5230,4,4;4;4;4;4
5235,4,4;4;4;4;4
5240,4,4;4;4;4;4
5245,4,4;4;4;4;4
5250,4,4;4;4;4;4
5255,4,4;4;4;4;4
5260,4,4;4;4;4;4
5265,4,4;4;4;4;4
5270,4,4;4;4;4;4
5275,4,4;4;4;4;4
5280,4,4;4;4;4;4
5285,4,4;4;4;4;4
5290,4,4;4;4;4;4
5295,4,4;4;4;4;4
5300,4,4;4;4;4;4
5305,4,4;4;4;4;4
5310,4,4;4;4;4;4
5315,4,4;4;4;4;4
5320,4,4;4;4;4;4
5325,4,4;4;4;4;4
5330,4,4;4;4;4;4
5335,4,4;4;4;4;4
5340,4,4;4;4;4;4
5345,4,4;4;4;4;4
5350,4,4;4;4;4;4
5355,4,4;4;4;4;4
5360,4,4;4;4;4;4
5365,4,4;4;4;4;4
5370,4,4;4;4;4;4
5375,4,4;4;4;4;4
5380,4,4;4;4;4;4
5385,4,4;4;4;4;4
5390,4,4;4;4;4;4
5395,4,4;4;4;4;4
5400,4,4;4;4;4;4
5405,4,4;4;4;4;4
5410,4,4;4;4;4;4
5415,4,4;4;4;4;4
5420,4,4;4;4;4;4
5425,4,4;4;4;4;4
5430,4,4;4;4;4;4
5435,4,4;4;4;4;4
5440,4,4;4;4;4;4
5445,4,4;4;4;4;4
5450,4,4;4;4;4;4
5455,4,4;4;4;4;4
5460,4,4;4;4;4;4
5465,4,4;4;4;4;4
5470,4,4;4;4;4;4
5475,4,4;4;4;4;4
5480,4,4;4;4;4;4
5485,4,4;4;4;4;4
5490,4,4;4;4;4;4
5495,4,4;4;4;4;4
5500,4,4;4;4;4;4
5505,4,4;4;4;4;4
5510,4,4;4;4;4;4
5515,4,4;4;4;4;4
5520,4,4;4;4;4;4
5525,4,4;4;4;4;4
5530,4,4;4;4;4;4
5535,4,4;4;4;4;4
5540,4,4;4;4;4;4
5545,4,4;4;4;4;4
5550,4,4;4;4;4;4
5555,4,4;4;4;4;4
5560,4,4;4;4;4;4
5565,4,4;4;4;4;4
5570,4,4;4;4;4;4
5575,4,4;4;4;4;4
5580,4,4;4;4;4;4
5585,4,4;4;4;4;4
5590,4,4;4;4;4;4
5595,4,4;4;4;4;4
5600,4,4;4;4;4;4
5605,4,4;4;4;4;4
5610,4,4;4;4;4;4
5615,4,4;4;4;4;4
5620,4,4;4;4;4;4
5625,4,4;4;4;4;4
5630,4,4;4;4;4;4
5635,4,4;4;4;4;4
5640,4,4;4;4;4;4
5645,4,4;4;4;4;4
5650,4,4;4;4;4;4
5655,4,4;4;4;4;4
5660,4,4;4;4;4;4
5665,4,4;4;4;4;4
5670,4,4;4;4;4;4
5675,4,4;4;4;4;4
5680,4,4;4;4;4;4
5685,4,4;4;4;4;4
5690,4,4;4;4;4;4
5695,4,4;4;4;4;4
5700,4,4;4;4;4;4
5705,4,4;4;4;4;4
5710,4,4;4;4;4;4
5715,4,4;4;4;4;4
5720,4,4;4;4;4;4
5725,4,4;4;4;4;4
5730,4,4;4;4;4;4
5735,4,4;4;4;4;4
5740,4,4;4;4;4;4
5745,4,4;4;4;4;4
5750,4,4;4;4;4;4
5755,4,4;4;4;4;4
5760,4,4;4;4;4;4
5765,4,4;4;4;4;4
5770,4,4;4;4;4;4
5775,4,4;4;4;4;4
5780,4,4;4;4;4;4
5785,4,4;4;4;4;4
5790,4,4;4;4;4;4
5795,4,4;4;4;4;4
5800,4,4;4;4;4;4
5805,4,4;4;4;4;4
5810,4,4;4;4;4;4
5815,4,4;4;4;4;4
5820,4,4;4;4;4;4
5825,4,4;4;4;4;4
5830,4,4;4;4;4;4
5835,4,4;4;4;4;4
5840,4,4;4;4;4;4
5845,4,4;4;4;4;4
5850,4,4;4;4;4;4
5855,4,4;4;4;4;4
5860,4,4;4;4;4;4
5865,4,4;4;4;4;4
5870,4,4;4;4;4;4
5875,4,4;4;4;4;4
5880,4,4;4;4;4;4
5885,4,4;4;4;4;4
5890,4,4;4;4;4;4
5895,4,4;4;4;4;4
5900,4,4;4;4;4;4
5905,4,4;4;4;4;4
5910,4,4;4;4;4;4
5915,4,4;4;4;4;4
5920,4,4;4;4;4;4
5925,4,4;4;4;4;4
5930,4,4;4;4;4;4
5935,4,4;4;4;4;4
5940,4,4;4;4;4;4
5945,4,4;4;4;4;4
5950,4,4;4;4;4;4
5955,4,4;4;4;4;4
5960,4,4;4;4;4;4
5965,4,4;4;4;4;4
5970,4,4;4;4;4;4
5975,4,4;4;4;4;4
5980,4,4;4;4;4;4
5985,4,4;4;4;4;4
5990,4,4;4;4;4;4
5995,4,4;4;4;4;4
6000,4,4;4;4;4;4
6005,4,4;4;4;4;4
6010,4,4;4;4;4;4
6015,4,4;4;4;4;4
6020,4,4;4;4;4;4
6025,4,4;4;4;4;4
6030,4,4;4;4;4;4
6035,4,4;4;4;4;4
6040,4,4;4;4;4;4
6045,4,4;4;4;4;4
6050,4,4;4;4;4;4
6055,4,4;4;4;4;4
6060,4,4;4;4;4;4
6065,4,4;4;4;4;4
6070,4,4;4;4;4;4
6075,4,4;4;4;4;4
6080,4,4;4;4;4;4
6085,4,4;4;4;4;4
6090,4,4;4;4;4;4
6095,4,4;4;4;4;4
6100,4,4;4;4;4;4
6105,4,4;4;4;4;4
6110,4,4;4;4;4;4
6115,4,4;4;4;4;4
6120,4,4;4;4;4;4
6125,4,4;4;4;4;4
6130,4,4;4;4;4;4
6135,4,4;4;4;4;4
6140,4,4;4;4;4;4
6145,4,4;4;4;4;4
6150,4,4;4;4;4;4
6155,4,4;4;4;4;4
6160,4,4;4;4;4;4
6165,4,4;4;4;4;4
6170,4,4;4;4;4;4
6175,4,4;4;4;4;4
6180,4,4;4;4;4;4
6185,4,4;4;4;4;4
6190,4,4;4;4;4;4
6195,4,4;4;4;4;4
6200,4,4;4;4;4;4
6205,4,4;4;4;4;4
6210,4,4;4;4;4;4
6215,4,4;4;4;4;4
6220,4,4;4;4;4;4
6225,4,4;4;4;4;4
6230,4,4;4;4;4;4
6235,4,4;4;4;4;4
6240,4,4;4;4;4;4
6245,4,4;4;4;4;4
6250,4,4;4;4;4;4
6255,4,4;4;4;4;4
6260,4,4;4;4;4;4
6265,4,4;4;4;4;4
6270,4,4;4;4;4;4
6275,4,4;4;4;4;4
6280,4,4;4;4;4;4
6285,4,4;4;4;4;4
6290,4,4;4;4;4;4
6295,4,4;4;4;4;4
6300,4,4;4;4;4;4
6305,4,4;4;4;4;4
6310,4,4;4;4;4;4
6315,4,4;4;4;4;4
6320,4,4;4;4;4;4
6325,4,4;4;4;4;4
6330,4,4;4;4;4;4
6335,4,4;4;4;4;4
6340,4,4;4;4;4;4
6345,4,4;4;4;4;4
6350,4,4;4;4;4;4
6355,4,4;4;4;4;4
6360,4,4;4;4;4;4
6365,4,4;4;4;4;4
6370,4,4;4;4;4;4
6375,4,4;4;4;4;4
6380,4,4;4;4;4;4
6385,4,4;4;4;4;4
6390,4,4;4;4;4;4
6395,4,4;4;4;4;4
6400,4,4;4;4;4;4
6405,4,4;4;4;4;4
6410,4,4;4;4;4;4
6415,4,4;4;4;4;4
6420,4,4;4;4;4;4
6425,4,4;4;4;4;4
6430,4,4;4;4;4;4
6435,4,4;4;4;4;4
6440,4,4;4;4;4;4
6445,4,4;4;4;4;4
6450,4,4;4;4;4;4
6455,4,4;4;4;4;4
6460,4,4;4;4;4;4
6465,4,4;4;4;4;4
6470,4,4;4;4;4;4
6475,4,4;4;4;4;4
6480,4,4;4;4;4;4
6485,4,4;4;4;4;4
6490,4,4;4;4;4;4
6495,4,4;4;4;4;4
6500,4,4;4;4;4;4
6505,4,4;4;4;4;4
6510,4,4;4;4;4;4
6515,4,4;4;4;4;4
6520,4,4;4;4;4;4
6525,4,4;4;4;4;4
6530,4,4;4;4;4;4
6535,4,4;4;4;4;4
6540,4,4;4;4;4;4
6545,4,4;4;4;4;4
6550,4,4;4;4;4;4
6555,4,4;4;4;4;4
6560,4,4;4;4;4;4
6565,4,4;4;4;4;4
6570,4,4;4;4;4;4
6575,4,4;4;4;4;4
6580,4,4;4;4;4;4
6585,4,4;4;4;4;4
6590,4,4;4;4;4;4
6595,4,4;4;4;4;4
6600,4,4;4;4;4;4
6605,4,4;4;4;4;4
6610,4,4;4;4;4;4
6615,4,4;4;4;4;4
6620,4,4;4;4;4;4
6625,4,4;4;4;4;4
6630,4,4;4;4;4;4
6635,4,4;4;4;4;4
6640,4,4;4;4;4;4
6645,4,4;4;4;4;4
6650,4,4;4;4;4;4
6655,4,4;4;4;4;4
6660,4,4;4;4;4;4
6665,4,4;4;4;4;4
6670,4,4;4;4;4;4
6675,4,4;4;4;4;4
6680,4,4;4;4;4;4
6685,4,4;4;4;4;4
6690,4,4;4;4;4;4
6695,4,4;4;4;4;4
6700,4,4;4;4;4;4
6705,4,4;4;4;4;4
6710,4,4;4;4;4;4
6715,4,4;4;4;4;4
6720,4,4;4;4;4;4
6725,4,4;4;4;4;4
