Time,Commitment,Opinion
0,2,2
5,3,2;2;2;2;2
10,2,3;3;3;3;3
15,4,2;2;2;2;2
20,3,4;4;4;4;4
25,3,3;3;3;3;3
30,2,3;3;3;3;3
35,3,2;2;2;2;2
40,2,3;3;3;3;3
45,1,2;2;2;2;2
50,1,1;1;1;1;1
55,3,1;1;1;1;1
60,3,3;3;3;3;3
65,3,3;3;3;3;3
70,1,3;3;3;3;3
75,3,1;1;1;1;1
80,3,3;3;3;3;3
85,3,3;3;3;3;3
90,3,3;3;3;3;3
95,1,3;3;3;3;3
100,3,1;1;1;1;1
105,1,3;3;3;3;3
110,1,1;1;1;1;1
115,3,1;1;1;1;1
120,3,3;3;3;3;3
125,2,3;3;3;3;3
130,3,2;2;2;2;2
135,3,3;3;3;3;3
140,2,3;3;3;3;3
145,3,2;2;2;2;2
150,2,3;3;3;3;3
155,3,2;2;2;2;2
160,4,3;3;3;3;3
165,4,4;4;4;4;4
170,3,4;4;4;4;4
175,4,3;3;3;3;3
180,3,4;4;4;4;4
185,2,3;3;3;3;3
190,3,2;2;2;2;2
195,3,3;3;3;3;3
200,2,3;3;3;3;3
205,2,2;2;2;2;2
210,1,2;2;2;2;2
215,4,1;1;1;1;1
220,3,4;4;4;4;4
225,2,3;3;3;3;3
230,1,2;2;2;2;2
235,3,1;1;1;1;1
240,2,3;3;3;3;3
245,1,2;2;2;2;2
250,3,1;1;1;1;1
255,3,3;3;3;3;3
260,1,3;3;3;3;3
265,1,1;1;1;1;1
270,1,1;1;1;1;1
275,1,1;1;1;1;1
280,1,1;1;1;1;1
285,3,1;1;1;1;1
290,3,3;3;3;3;3
295,1,3;3;3;3;3
300,2,1;1;1;1;1
305,1,2;2;2;2;2
310,2,1;1;1;1;1
315,3,2;2;2;2;2
320,1,3;3;3;3;3
325,2,1;1;1;1;1
330,3,2;2;2;2;2
335,2,3;3;3;3;3
340,2,2;2;2;2;2
345,2,2;2;2;2;2
350,3,2;2;2;2;2
355,4,3;3;3;3;3
360,3,4;4;4;4;4
365,2,3;3;3;3;3
370,4,2;2;2;2;2
375,3,4;4;4;4;4
380,3,3;3;3;3;3
385,4,3;3;3;3;3
390,4,4;4;4;4;4
395,3,4;4;4;4;4
400,1,3;3;3;3;3
405,3,1;1;1;1;1
410,1,3;3;3;3;3
415,1,1;1;1;1;1
420,4,1;1;1;1;1
425,1,4;4;4;4;4
430,3,1;1;1;1;1
435,2,3;3;3;3;3
440,3,2;2;2;2;2
445,3,3;3;3;3;3
450,2,3;3;3;3;3
455,2,2;2;2;2;2
460,3,2;2;2;2;2
465,2,3;3;3;3;3
470,1,2;2;2;2;2
475,3,1;1;1;1;1
480,2,3;3;3;3;3
485,2,2;2;2;2;2
490,2,2;2;2;2;2
495,1,2;2;2;2;2
500,1,1;1;1;1;1
505,1,1;1;1;1;1
510,3,1;1;1;1;1
515,2,3;3;3;3;3
520,2,2;2;2;2;2
525,2,2;2;2;2;2
530,1,2;2;2;2;2
535,2,1;1;1;1;1
540,1,2;2;2;2;2
545,2,1;1;1;1;1
550,1,2;2;2;2;2
555,1,1;1;1;1;1
560,1,1;1;1;1;1
565,4,1;1;1;1;1
570,1,4;4;4;4;4
575,1,1;1;1;1;1
580,1,1;1;1;1;1
585,1,1;1;1;1;1
590,1,1;1;1;1;1
595,1,1;1;1;1;1
600,2,1;1;1;1;1
605,1,2;2;2;2;2
610,1,1;1;1;1;1
615,2,1;1;1;1;1
620,3,2;2;2;2;2
625,1,3;3;3;3;3
630,3,1;1;1;1;1
635,3,3;3;3;3;3
640,1,3;3;3;3;3
645,3,1;1;1;1;1
650,2,3;3;3;3;3
655,3,2;2;2;2;2
660,2,3;3;3;3;3
665,3,2;2;2;2;2
670,3,3;3;3;3;3
675,3,3;3;3;3;3
680,3,3;3;3;3;3
685,4,3;3;3;3;3
690,4,4;4;4;4;4
695,4,4;4;4;4;4
700,3,4;4;4;4;4
705,3,3;3;3;3;3
710,4,3;3;3;3;3
715,3,4;4;4;4;4
720,4,3;3;3;3;3
725,4,4;4;4;4;4
730,4,4;4;4;4;4
735,3,4;4;4;4;4
740,3,3;3;3;3;3
745,4,3;3;3;3;3
750,2,4;4;4;4;4
755,3,2;2;2;2;2
760,4,3;3;3;3;3
765,2,4;4;4;4;4
770,4,2;2;2;2;2
775,3,4;4;4;4;4
780,3,3;3;3;3;3
785,2,3;3;3;3;3
790,3,2;2;2;2;2
795,2,3;3;3;3;3
800,3,2;2;2;2;2
805,3,3;3;3;3;3
810,3,3;3;3;3;3
815,3,3;3;3;3;3
820,2,3;3;3;3;3
825,4,2;2;2;2;2
830,3,4;4;4;4;4
835,3,3;3;3;3;3
840,3,3;3;3;3;3
845,2,3;3;3;3;3
850,3,2;2;2;2;2
855,3,3;3;3;3;3
860,3,3;3;3;3;3
865,3,3;3;3;3;3
870,3,3;3;3;3;3
875,1,3;3;3;3;3
880,3,1;1;1;1;1
885,3,3;3;3;3;3
890,3,3;3;3;3;3
895,2,3;3;3;3;3
900,2,2;2;2;2;2
905,2,2;2;2;2;2
910,2,2;2;2;2;2
915,2,2;2;2;2;2
920,3,2;2;2;2;2
925,4,3;3;3;3;3
930,2,4;4;4;4;4
935,3,2;2;2;2;2
940,2,3;3;3;3;3
945,2,2;2;2;2;2
950,2,2;2;2;2;2
955,3,2;2;2;2;2
960,3,3;3;3;3;3
965,4,3;3;3;3;3
970,2,4;4;4;4;4
975,4,2;2;2;2;2
980,4,4;4;4;4;4
985,4,4;4;4;4;4
990,4,4;4;4;4;4
995,4,4;4;4;4;4
1000,3,4;4;4;4;4
1005,3,3;3;3;3;3
1010,3,3;3;3;3;3
1015,3,3;3;3;3;3
1020,3,3;3;3;3;3
1025,4,3;3;3;3;3
1030,3,4;4;4;4;4
1035,3,3;3;3;3;3
1040,3,3;3;3;3;3
1045,2,3;3;3;3;3
1050,2,2;2;2;2;2
1055,4,2;2;2;2;2
1060,4,4;4;4;4;4
1065,4,4;4;4;4;4
1070,4,4;4;4;4;4
1075,4,4;4;4;4;4
1080,3,4;4;4;4;4
1085,3,3;3;3;3;3
1090,4,3;3;3;3;3
1095,4,4;4;4;4;4
1100,4,4;4;4;4;4
1105,3,4;4;4;4;4
1110,4,3;3;3;3;3
1115,3,4;4;4;4;4
1120,4,3;3;3;3;3
1125,3,4;4;4;4;4
1130,3,3;3;3;3;3
1135,2,3;3;3;3;3
1140,3,2;2;2;2;2
1145,2,3;3;3;3;3
1150,3,2;2;2;2;2
1155,1,3;3;3;3;3
1160,3,1;1;1;1;1
1165,4,3;3;3;3;3
1170,3,4;4;4;4;4
1175,4,3;3;3;3;3
1180,3,4;4;4;4;4
1185,3,3;3;3;3;3
1190,3,3;3;3;3;3
1195,3,3;3;3;3;3
1200,3,3;3;3;3;3
1205,3,3;3;3;3;3
1210,3,3;3;3;3;3
1215,1,3;3;3;3;3
1220,3,1;1;1;1;1
1225,3,3;3;3;3;3
1230,3,3;3;3;3;3
1235,2,3;3;3;3;3
1240,2,2;2;2;2;2
1245,2,2;2;2;2;2
1250,3,2;2;2;2;2
1255,2,3;3;3;3;3
1260,3,2;2;2;2;2
1265,2,3;3;3;3;3
1270,3,2;2;2;2;2
1275,3,3;3;3;3;3
1280,3,3;3;3;3;3
1285,3,3;3;3;3;3
1290,4,3;3;3;3;3
1295,3,4;4;4;4;4
1300,2,3;3;3;3;3
1305,4,2;2;2;2;2
1310,3,4;4;4;4;4
1315,3,3;3;3;3;3
1320,3,3;3;3;3;3
1325,3,3;3;3;3;3
1330,2,3;3;3;3;3
1335,3,2;2;2;2;2
1340,4,3;3;3;3;3
1345,3,4;4;4;4;4
1350,4,3;3;3;3;3
1355,3,4;4;4;4;4
1360,3,3;3;3;3;3
1365,3,3;3;3;3;3
1370,4,3;3;3;3;3
1375,3,4;4;4;4;4
1380,3,3;3;3;3;3
1385,4,3;3;3;3;3
1390,3,4;4;4;4;4
1395,3,3;3;3;3;3
1400,3,3;3;3;3;3
1405,3,3;3;3;3;3
1410,2,3;3;3;3;3
1415,4,2;2;2;2;2
1420,4,4;4;4;4;4
1425,2,4;4;4;4;4
1430,3,2;2;2;2;2
1435,4,3;3;3;3;3
1440,2,4;4;4;4;4
1445,3,2;2;2;2;2
1450,3,3;3;3;3;3
1455,2,3;3;3;3;3
1460,1,2;2;2;2;2
1465,1,1;1;1;1;1
1470,1,1;1;1;1;1
1475,2,1;1;1;1;1
1480,1,2;2;2;2;2
1485,4,1;1;1;1;1
1490,1,4;4;4;4;4
1495,2,1;1;1;1;1
1500,1,2;2;2;2;2
1505,2,1;1;1;1;1
1510,1,2;2;2;2;2
1515,3,1;1;1;1;1
1520,1,3;3;3;3;3
1525,2,1;1;1;1;1
1530,3,2;2;2;2;2
1535,2,3;3;3;3;3
1540,2,2;2;2;2;2
1545,3,2;2;2;2;2
1550,1,3;3;3;3;3
1555,2,1;1;1;1;1
1560,1,2;2;2;2;2
1565,2,1;1;1;1;1
1570,2,2;2;2;2;2
1575,1,2;2;2;2;2
1580,1,1;1;1;1;1
1585,1,1;1;1;1;1
1590,2,1;1;1;1;1
1595,1,2;2;2;2;2
1600,2,1;1;1;1;1
1605,3,2;2;2;2;2
1610,1,3;3;3;3;3
1615,1,1;1;1;1;1
1620,1,1;1;1;1;1
1625,2,1;1;1;1;1
1630,1,2;2;2;2;2
1635,1,1;1;1;1;1
1640,2,1;1;1;1;1
1645,3,2;2;2;2;2
1650,3,3;3;3;3;3
1655,3,3;3;3;3;3
1660,1,3;3;3;3;3
1665,3,1;1;1;1;1
1670,3,3;3;3;3;3
1675,1,3;3;3;3;3
1680,2,1;1;1;1;1
1685,3,2;2;2;2;2
1690,4,3;3;3;3;3
1695,3,4;4;4;4;4
1700,1,3;3;3;3;3
1705,3,1;1;1;1;1
1710,2,3;3;3;3;3
1715,4,2;2;2;2;2
1720,3,4;4;4;4;4
1725,2,3;3;3;3;3
1730,2,2;2;2;2;2
1735,3,2;2;2;2;2
1740,4,3;3;3;3;3
1745,1,4;4;4;4;4
1750,2,1;1;1;1;1
1755,3,2;2;2;2;2
1760,1,3;3;3;3;3
1765,3,1;1;1;1;1
1770,3,3;3;3;3;3
1775,1,3;3;3;3;3
1780,2,1;1;1;1;1
1785,2,2;2;2;2;2
1790,2,2;2;2;2;2
1795,4,2;2;2;2;2
1800,3,4;4;4;4;4
1805,2,3;3;3;3;3
1810,1,2;2;2;2;2
1815,2,1;1;1;1;1
1820,1,2;2;2;2;2
1825,1,1;1;1;1;1
1830,2,1;1;1;1;1
1835,1,2;2;2;2;2
1840,2,1;1;1;1;1
1845,1,2;2;2;2;2
1850,2,1;1;1;1;1
1855,2,2;2;2;2;2
1860,2,2;2;2;2;2
1865,1,2;2;2;2;2
1870,2,1;1;1;1;1
1875,2,2;2;2;2;2
1880,2,2;2;2;2;2
1885,2,2;2;2;2;2
1890,2,2;2;2;2;2
1895,2,2;2;2;2;2
1900,2,2;2;2;2;2
1905,2,2;2;2;2;2
1910,2,2;2;2;2;2
1915,2,2;2;2;2;2
1920,2,2;2;2;2;2
1925,2,2;2;2;2;2
1930,2,2;2;2;2;2
1935,3,2;2;2;2;2
1940,1,3;3;3;3;3
1945,2,1;1;1;1;1
1950,3,2;2;2;2;2
1955,2,3;3;3;3;3
1960,2,2;2;2;2;2
1965,3,2;2;2;2;2
1970,2,3;3;3;3;3
1975,1,2;2;2;2;2
1980,2,1;1;1;1;1
1985,2,2;2;2;2;2
1990,1,2;2;2;2;2
1995,1,1;1;1;1;1
2000,2,1;1;1;1;1
2005,2,2;2;2;2;2
2010,1,2;2;2;2;2
2015,1,1;1;1;1;1
2020,1,1;1;1;1;1
2025,1,1;1;1;1;1
2030,3,1;1;1;1;1
2035,1,3;3;3;3;3
2040,1,1;1;1;1;1
2045,2,1;1;1;1;1
2050,3,2;2;2;2;2
2055,1,3;3;3;3;3
2060,1,1;1;1;1;1
2065,2,1;1;1;1;1
2070,2,2;2;2;2;2
2075,2,2;2;2;2;2
2080,1,2;2;2;2;2
2085,2,1;1;1;1;1
2090,1,2;2;2;2;2
2095,1,1;1;1;1;1
2100,2,1;1;1;1;1
2105,2,2;2;2;2;2
2110,2,2;2;2;2;2
2115,2,2;2;2;2;2
2120,2,2;2;2;2;2
2125,1,2;2;2;2;2
2130,2,1;1;1;1;1
2135,2,2;2;2;2;2
2140,2,2;2;2;2;2
2145,2,2;2;2;2;2
2150,2,2;2;2;2;2
2155,2,2;2;2;2;2
2160,2,2;2;2;2;2
2165,2,2;2;2;2;2
2170,2,2;2;2;2;2
2175,2,2;2;2;2;2
2180,2,2;2;2;2;2
2185,2,2;2;2;2;2
2190,2,2;2;2;2;2
2195,2,2;2;2;2;2
2200,3,2;2;2;2;2
2205,4,3;3;3;3;3
2210,1,4;4;4;4;4
2215,2,1;1;1;1;1
2220,4,2;2;2;2;2
2225,1,4;4;4;4;4
2230,1,1;1;1;1;1
2235,1,1;1;1;1;1
2240,2,1;1;1;1;1
2245,1,2;2;2;2;2
2250,1,1;1;1;1;1
2255,1,1;1;1;1;1
2260,1,1;1;1;1;1
2265,1,1;1;1;1;1
2270,2,1;1;1;1;1
2275,1,2;2;2;2;2
2280,2,1;1;1;1;1
2285,1,2;2;2;2;2
2290,1,1;1;1;1;1
2295,1,1;1;1;1;1
2300,1,1;1;1;1;1
2305,1,1;1;1;1;1
2310,2,1;1;1;1;1
2315,1,2;2;2;2;2
2320,2,1;1;1;1;1
2325,2,2;2;2;2;2
2330,2,2;2;2;2;2
2335,1,2;2;2;2;2
2340,2,1;1;1;1;1
2345,1,2;2;2;2;2
2350,2,1;1;1;1;1
2355,1,2;2;2;2;2
2360,2,1;1;1;1;1
2365,1,2;2;2;2;2
2370,2,1;1;1;1;1
2375,2,2;2;2;2;2
2380,1,2;2;2;2;2
2385,2,1;1;1;1;1
2390,2,2;2;2;2;2
2395,2,2;2;2;2;2
2400,1,2;2;2;2;2
2405,2,1;1;1;1;1
2410,2,2;2;2;2;2
2415,2,2;2;2;2;2
2420,1,2;2;2;2;2
2425,2,1;1;1;1;1
2430,2,2;2;2;2;2
2435,1,2;2;2;2;2
2440,2,1;1;1;1;1
2445,1,2;2;2;2;2
2450,2,1;1;1;1;1
2455,2,2;2;2;2;2
2460,2,2;2;2;2;2
2465,2,2;2;2;2;2
2470,2,2;2;2;2;2
2475,2,2;2;2;2;2
2480,2,2;2;2;2;2
2485,2,2;2;2;2;2
2490,2,2;2;2;2;2
2495,2,2;2;2;2;2
2500,2,2;2;2;2;2
2505,1,2;2;2;2;2
2510,1,1;1;1;1;1
2515,2,1;1;1;1;1
2520,3,2;2;2;2;2
2525,2,3;3;3;3;3
2530,2,2;2;2;2;2
2535,2,2;2;2;2;2
2540,2,2;2;2;2;2
2545,3,2;2;2;2;2
2550,2,3;3;3;3;3
2555,2,2;2;2;2;2
2560,3,2;2;2;2;2
2565,2,3;3;3;3;3
2570,2,2;2;2;2;2
2575,3,2;2;2;2;2
2580,3,3;3;3;3;3
2585,3,3;3;3;3;3
2590,3,3;3;3;3;3
2595,2,3;3;3;3;3
2600,2,2;2;2;2;2
2605,3,2;2;2;2;2
2610,2,3;3;3;3;3
2615,3,2;2;2;2;2
2620,3,3;3;3;3;3
2625,3,3;3;3;3;3
2630,3,3;3;3;3;3
2635,2,3;3;3;3;3
2640,3,2;2;2;2;2
2645,3,3;3;3;3;3
2650,3,3;3;3;3;3
2655,3,3;3;3;3;3
2660,3,3;3;3;3;3
2665,3,3;3;3;3;3
2670,3,3;3;3;3;3
2675,3,3;3;3;3;3
2680,3,3;3;3;3;3
2685,3,3;3;3;3;3
2690,2,3;3;3;3;3
2695,3,2;2;2;2;2
2700,2,3;3;3;3;3
2705,3,2;2;2;2;2
2710,2,3;3;3;3;3
2715,2,2;2;2;2;2
2720,2,2;2;2;2;2
2725,2,2;2;2;2;2
2730,3,2;2;2;2;2
2735,3,3;3;3;3;3
2740,2,3;3;3;3;3
2745,2,2;2;2;2;2
2750,2,2;2;2;2;2
2755,3,2;2;2;2;2
2760,3,3;3;3;3;3
2765,3,3;3;3;3;3
2770,2,3;3;3;3;3
2775,3,2;2;2;2;2
2780,2,3;3;3;3;3
2785,2,2;2;2;2;2
2790,3,2;2;2;2;2
2795,2,3;3;3;3;3
2800,3,2;2;2;2;2
2805,2,3;3;3;3;3
2810,3,2;2;2;2;2
2815,2,3;3;3;3;3
2820,2,2;2;2;2;2
2825,2,2;2;2;2;2
2830,2,2;2;2;2;2
2835,3,2;2;2;2;2
2840,2,3;3;3;3;3
2845,2,2;2;2;2;2
2850,2,2;2;2;2;2
2855,3,2;2;2;2;2
2860,2,3;3;3;3;3
2865,3,2;2;2;2;2
2870,3,3;3;3;3;3
2875,3,3;3;3;3;3
2880,2,3;3;3;3;3
2885,3,2;2;2;2;2
2890,2,3;3;3;3;3
2895,3,2;2;2;2;2
2900,2,3;3;3;3;3
2905,2,2;2;2;2;2
2910,2,2;2;2;2;2
2915,3,2;2;2;2;2
2920,3,3;3;3;3;3
2925,2,3;3;3;3;3
2930,2,2;2;2;2;2
2935,3,2;2;2;2;2
2940,2,3;3;3;3;3
2945,3,2;2;2;2;2
2950,3,3;3;3;3;3
2955,3,3;3;3;3;3
2960,2,3;3;3;3;3
2965,2,2;2;2;2;2
2970,2,2;2;2;2;2
2975,2,2;2;2;2;2
2980,2,2;2;2;2;2
2985,3,2;2;2;2;2
2990,2,3;3;3;3;3
2995,2,2;2;2;2;2
3000,3,2;2;2;2;2
3005,2,3;3;3;3;3
3010,2,2;2;2;2;2
3015,2,2;2;2;2;2
3020,2,2;2;2;2;2
3025,2,2;2;2;2;2
3030,2,2;2;2;2;2
3035,2,2;2;2;2;2
3040,2,2;2;2;2;2
3045,2,2;2;2;2;2
3050,3,2;2;2;2;2
3055,2,3;3;3;3;3
3060,2,2;2;2;2;2
3065,3,2;2;2;2;2
3070,2,3;3;3;3;3
3075,2,2;2;2;2;2
3080,3,2;2;2;2;2
3085,2,3;3;3;3;3
3090,3,2;2;2;2;2
3095,2,3;3;3;3;3
3100,2,2;2;2;2;2
3105,3,2;2;2;2;2
3110,2,3;3;3;3;3
3115,3,2;2;2;2;2
3120,3,3;3;3;3;3
3125,3,3;3;3;3;3
3130,3,3;3;3;3;3
3135,2,3;3;3;3;3
3140,2,2;2;2;2;2
3145,3,2;2;2;2;2
3150,3,3;3;3;3;3
3155,2,3;3;3;3;3
3160,2,2;2;2;2;2
3165,3,2;2;2;2;2
3170,2,3;3;3;3;3
3175,3,2;2;2;2;2
3180,2,3;3;3;3;3
3185,2,2;2;2;2;2
3190,3,2;2;2;2;2
3195,2,3;3;3;3;3
3200,2,2;2;2;2;2
3205,2,2;2;2;2;2
3210,2,2;2;2;2;2
3215,2,2;2;2;2;2
3220,2,2;2;2;2;2
3225,3,2;2;2;2;2
3230,3,3;3;3;3;3
3235,2,3;3;3;3;3
3240,3,2;2;2;2;2
3245,3,3;3;3;3;3
3250,3,3;3;3;3;3
3255,2,3;3;3;3;3
3260,3,2;2;2;2;2
3265,2,3;3;3;3;3
3270,2,2;2;2;2;2
3275,3,2;2;2;2;2
3280,3,3;3;3;3;3
3285,3,3;3;3;3;3
3290,2,3;3;3;3;3
3295,3,2;2;2;2;2
3300,3,3;3;3;3;3
3305,3,3;3;3;3;3
3310,3,3;3;3;3;3
3315,3,3;3;3;3;3
3320,3,3;3;3;3;3
3325,3,3;3;3;3;3
3330,3,3;3;3;3;3
3335,3,3;3;3;3;3
3340,3,3;3;3;3;3
3345,3,3;3;3;3;3
3350,3,3;3;3;3;3
3355,2,3;3;3;3;3
3360,3,2;2;2;2;2
3365,3,3;3;3;3;3
3370,2,3;3;3;3;3
3375,2,2;2;2;2;2
3380,2,2;2;2;2;2
3385,3,2;2;2;2;2
3390,2,3;3;3;3;3
3395,3,2;2;2;2;2
3400,2,3;3;3;3;3
3405,2,2;2;2;2;2
3410,2,2;2;2;2;2
3415,2,2;2;2;2;2
3420,3,2;2;2;2;2
3425,2,3;3;3;3;3
3430,3,2;2;2;2;2
3435,2,3;3;3;3;3
3440,3,2;2;2;2;2
3445,2,3;3;3;3;3
3450,3,2;2;2;2;2
3455,2,3;3;3;3;3
3460,3,2;2;2;2;2
3465,3,3;3;3;3;3
3470,3,3;3;3;3;3
3475,3,3;3;3;3;3
3480,3,3;3;3;3;3
3485,3,3;3;3;3;3
3490,3,3;3;3;3;3
3495,3,3;3;3;3;3
3500,2,3;3;3;3;3
3505,3,2;2;2;2;2
3510,3,3;3;3;3;3
3515,2,3;3;3;3;3
3520,2,2;2;2;2;2
3525,3,2;2;2;2;2
3530,3,3;3;3;3;3
3535,3,3;3;3;3;3
3540,3,3;3;3;3;3
3545,3,3;3;3;3;3
3550,3,3;3;3;3;3
3555,2,3;3;3;3;3
3560,3,2;2;2;2;2
3565,2,3;3;3;3;3
3570,3,2;2;2;2;2
3575,2,3;3;3;3;3
3580,2,2;2;2;2;2
3585,3,2;2;2;2;2
3590,2,3;3;3;3;3
3595,2,2;2;2;2;2
3600,2,2;2;2;2;2
3605,2,2;2;2;2;2
3610,2,2;2;2;2;2
3615,2,2;2;2;2;2
3620,2,2;2;2;2;2
3625,2,2;2;2;2;2
3630,2,2;2;2;2;2
3635,3,2;2;2;2;2
3640,3,3;3;3;3;3
3645,2,3;3;3;3;3
3650,3,2;2;2;2;2
3655,2,3;3;3;3;3
3660,2,2;2;2;2;2
3665,3,2;2;2;2;2
3670,2,3;3;3;3;3
3675,2,2;2;2;2;2
3680,2,2;2;2;2;2
3685,2,2;2;2;2;2
3690,2,2;2;2;2;2
3695,2,2;2;2;2;2
3700,2,2;2;2;2;2
3705,2,2;2;2;2;2
3710,2,2;2;2;2;2
3715,2,2;2;2;2;2
3720,2,2;2;2;2;2
3725,2,2;2;2;2;2
3730,2,2;2;2;2;2
3735,2,2;2;2;2;2
3740,2,2;2;2;2;2
3745,2,2;2;2;2;2
3750,2,2;2;2;2;2
3755,2,2;2;2;2;2
3760,2,2;2;2;2;2
3765,2,2;2;2;2;2
3770,2,2;2;2;2;2
3775,2,2;2;2;2;2
3780,2,2;2;2;2;2
3785,2,2;2;2;2;2
3790,2,2;2;2;2;2
3795,2,2;2;2;2;2
3800,2,2;2;2;2;2
3805,2,2;2;2;2;2
3810,2,2;2;2;2;2
3815,2,2;2;2;2;2
3820,2,2;2;2;2;2
3825,2,2;2;2;2;2
3830,2,2;2;2;2;2
3835,2,2;2;2;2;2
3840,2,2;2;2;2;2
3845,2,2;2;2;2;2
3850,2,2;2;2;2;2
3855,2,2;2;2;2;2
3860,2,2;2;2;2;2
3865,2,2;2;2;2;2
3870,2,2;2;2;2;2
3875,2,2;2;2;2;2
3880,2,2;2;2;2;2
3885,2,2;2;2;2;2
3890,2,2;2;2;2;2
3895,2,2;2;2;2;2
3900,2,2;2;2;2;2
3905,2,2;2;2;2;2
3910,2,2;2;2;2;2
3915,2,2;2;2;2;2
3920,2,2;2;2;2;2
3925,2,2;2;2;2;2
3930,2,2;2;2;2;2
3935,2,2;2;2;2;2
3940,2,2;2;2;2;2
3945,2,2;2;2;2;2
3950,2,2;2;2;2;2
3955,2,2;2;2;2;2
3960,2,2;2;2;2;2
3965,2,2;2;2;2;2
3970,2,2;2;2;2;2
3975,2,2;2;2;2;2
3980,2,2;2;2;2;2
3985,2,2;2;2;2;2
3990,2,2;2;2;2;2
3995,2,2;2;2;2;2
4000,2,2;2;2;2;2
4005,2,2;2;2;2;2
4010,2,2;2;2;2;2
4015,2,2;2;2;2;2
4020,2,2;2;2;2;2
4025,2,2;2;2;2;2
4030,2,2;2;2;2;2
4035,2,2;2;2;2;2
4040,2,2;2;2;2;2
4045,2,2;2;2;2;2
4050,2,2;2;2;2;2
4055,2,2;2;2;2;2
4060,2,2;2;2;2;2
4065,2,2;2;2;2;2
4070,2,2;2;2;2;2
4075,2,2;2;2;2;2
4080,2,2;2;2;2;2
4085,2,2;2;2;2;2
4090,2,2;2;2;2;2
4095,2,2;2;2;2;2
4100,2,2;2;2;2;2
4105,2,2;2;2;2;2
4110,2,2;2;2;2;2
4115,2,2;2;2;2;2
4120,2,2;2;2;2;2
4125,2,2;2;2;2;2
4130,2,2;2;2;2;2
4135,2,2;2;2;2;2
4140,2,2;2;2;2;2
4145,2,2;2;2;2;2
4150,2,2;2;2;2;2
4155,2,2;2;2;2;2
4160,2,2;2;2;2;2
4165,2,2;2;2;2;2
4170,2,2;2;2;2;2
4175,2,2;2;2;2;2
4180,2,2;2;2;2;2
4185,2,2;2;2;2;2
4190,2,2;2;2;2;2
4195,2,2;2;2;2;2
4200,2,2;2;2;2;2
4205,2,2;2;2;2;2
4210,2,2;2;2;2;2
4215,2,2;2;2;2;2
4220,2,2;2;2;2;2
4225,2,2;2;2;2;2
4230,2,2;2;2;2;2
4235,2,2;2;2;2;2
4240,2,2;2;2;2;2
4245,2,2;2;2;2;2
4250,2,2;2;2;2;2
4255,2,2;2;2;2;2
4260,2,2;2;2;2;2
4265,2,2;2;2;2;2
4270,2,2;2;2;2;2
4275,2,2;2;2;2;2
4280,2,2;2;2;2;2
4285,2,2;2;2;2;2
4290,2,2;2;2;2;2
4295,2,2;2;2;2;2
4300,2,2;2;2;2;2
4305,2,2;2;2;2;2
4310,2,2;2;2;2;2
4315,2,2;2;2;2;2
4320,2,2;2;2;2;2
4325,2,2;2;2;2;2
4330,2,2;2;2;2;2
4335,2,2;2;2;2;2
4340,2,2;2;2;2;2
4345,2,2;2;2;2;2
4350,2,2;2;2;2;2
4355,2,2;2;2;2;2
4360,2,2;2;2;2;2
4365,2,2;2;2;2;2
4370,2,2;2;2;2;2
4375,2,2;2;2;2;2
4380,2,2;2;2;2;2
4385,2,2;2;2;2;2
4390,2,2;2;2;2;2
4395,2,2;2;2;2;2
4400,2,2;2;2;2;2
4405,2,2;2;2;2;2
4410,2,2;2;2;2;2
4415,2,2;2;2;2;2
4420,2,2;2;2;2;2
4425,2,2;2;2;2;2
4430,2,2;2;2;2;2
4435,2,2;2;2;2;2
4440,2,2;2;2;2;2
4445,2,2;2;2;2;2
4450,2,2;2;2;2;2
4455,2,2;2;2;2;2
4460,2,2;2;2;2;2
4465,2,2;2;2;2;2
4470,2,2;2;2;2;2
4475,2,2;2;2;2;2
4480,2,2;2;2;2;2
4485,2,2;2;2;2;2
4490,2,2;2;2;2;2
4495,2,2;2;2;2;2
4500,2,2;2;2;2;2
4505,2,2;2;2;2;2
4510,2,2;2;2;2;2
4515,2,2;2;2;2;2
4520,2,2;2;2;2;2
4525,2,2;2;2;2;2
4530,2,2;2;2;2;2
4535,2,2;2;2;2;2
4540,2,2;2;2;2;2
4545,2,2;2;2;2;2
4550,2,2;2;2;2;2
4555,2,2;2;2;2;2
4560,2,2;2;2;2;2
4565,2,2;2;2;2;2
4570,2,2;2;2;2;2
4575,2,2;2;2;2;2
4580,2,2;2;2;2;2
4585,2,2;2;2;2;2
4590,2,2;2;2;2;2
4595,2,2;2;2;2;2
4600,2,2;2;2;2;2
4605,2,2;2;2;2;2
4610,2,2;2;2;2;2
4615,2,2;2;2;2;2
4620,2,2;2;2;2;2
4625,2,2;2;2;2;2
4630,2,2;2;2;2;2
4635,2,2;2;2;2;2
4640,2,2;2;2;2;2
4645,2,2;2;2;2;2
4650,2,2;2;2;2;2
4655,2,2;2;2;2;2
4660,2,2;2;2;2;2
4665,2,2;2;2;2;2
4670,2,2;2;2;2;2
4675,2,2;2;2;2;2
4680,2,2;2;2;2;2
4685,2,2;2;2;2;2
4690,2,2;2;2;2;2
4695,2,2;2;2;2;2
4700,2,2;2;2;2;2
4705,2,2;2;2;2;2
4710,2,2;2;2;2;2
4715,2,2;2;2;2;2
4720,2,2;2;2;2;2
4725,2,2;2;2;2;2
4730,2,2;2;2;2;2
4735,2,2;2;2;2;2
4740,2,2;2;2;2;2
4745,2,2;2;2;2;2
4750,2,2;2;2;2;2
4755,2,2;2;2;2;2
4760,2,2;2;2;2;2
4765,2,2;2;2;2;2
4770,2,2;2;2;2;2
4775,2,2;2;2;2;2
4780,2,2;2;2;2;2
4785,2,2;2;2;2;2
4790,2,2;2;2;2;2
4795,2,2;2;2;2;2
4800,2,2;2;2;2;2
4805,2,2;2;2;2;2
4810,2,2;2;2;2;2
4815,2,2;2;2;2;2
4820,2,2;2;2;2;2
4825,2,2;2;2;2;2
4830,2,2;2;2;2;2
4835,2,2;2;2;2;2
4840,2,2;2;2;2;2
4845,2,2;2;2;2;2
4850,2,2;2;2;2;2
4855,2,2;2;2;2;2
4860,2,2;2;2;2;2
4865,2,2;2;2;2;2
4870,2,2;2;2;2;2
4875,2,2;2;2;2;2
4880,2,2;2;2;2;2
4885,2,2;2;2;2;2
4890,2,2;2;2;2;2
4895,2,2;2;2;2;2
4900,2,2;2;2;2;2
4905,2,2;2;2;2;2
4910,2,2;2;2;2;2
4915,2,2;2;2;2;2
4920,2,2;2;2;2;2
4925,2,2;2;2;2;2
4930,2,2;2;2;2;2
4935,2,2;2;2;2;2
4940,2,2;2;2;2;2
4945,2,2;2;2;2;2
4950,2,2;2;2;2;2
4955,2,2;2;2;2;2
4960,2,2;2;2;2;2
4965,2,2;2;2;2;2
4970,2,2;2;2;2;2
4975,2,2;2;2;2;2
4980,2,2;2;2;2;2
4985,2,2;2;2;2;2
4990,2,2;2;2;2;2
4995,2,2;2;2;2;2
5000,2,2;2;2;2;2
5005,2,2;2;2;2;2
5010,2,2;2;2;2;2
5015,2,2;2;2;2;2
5020,2,2;2;2;2;2
5025,2,2;2;2;2;2
5030,2,2;2;2;2;2
5035,2,2;2;2;2;2
5040,2,2;2;2;2;2
5045,2,2;2;2;2;2
5050,2,2;2;2;2;2
5055,2,2;2;2;2;2
5060,2,2;2;2;2;2
5065,2,2;2;2;2;2
5070,2,2;2;2;2;2
5075,2,2;2;2;2;2
5080,2,2;2;2;2;2
5085,2,2;2;2;2;2
5090,2,2;2;2;2;2
5095,2,2;2;2;2;2
5100,2,2;2;2;2;2
5105,2,2;2;2;2;2
5110,2,2;2;2;2;2
5115,2,2;2;2;2;2
5120,2,2;2;2;2;2
5125,2,2;2;2;2;2
5130,2,2;2;2;2;2
5135,2,2;2;2;2;2
5140,2,2;2;2;2;2
5145,2,2;2;2;2;2
5150,2,2;2;2;2;2
5155,2,2;2;2;2;2
5160,2,2;2;2;2;2
5165,2,2;2;2;2;2
5170,2,2;2;2;2;2
5175,2,2;2;2;2;2
5180,2,2;2;2;2;2
5185,2,2;2;2;2;2
5190,2,2;2;2;2;2
5195,2,2;2;2;2;2
5200,2,2;2;2;2;2
5205,2,2;2;2;2;2
5210,2,2;2;2;2;2
5215,2,2;2;2;2;2
5220,2,2;2;2;2;2
5225,2,2;2;2;2;2
5230,2,2;2;2;2;2
5235,2,2;2;2;2;2
5240,2,2;2;2;2;2
5245,2,2;2;2;2;2
5250,2,2;2;2;2;2
5255,2,2;2;2;2;2
5260,2,2;2;2;2;2
5265,2,2;2;2;2;2
5270,2,2;2;2;2;2
5275,2,2;2;2;2;2
5280,2,2;2;2;2;2
5285,2,2;2;2;2;2
5290,2,2;2;2;2;2
5295,2,2;2;2;2;2
5300,2,2;2;2;2;2
5305,2,2;2;2;2;2
5310,2,2;2;2;2;2
5315,2,2;2;2;2;2
5320,2,2;2;2;2;2
5325,2,2;2;2;2;2
5330,2,2;2;2;2;2
5335,2,2;2;2;2;2
5340,2,2;2;2;2;2
5345,2,2;2;2;2;2
5350,2,2;2;2;2;2
5355,2,2;2;2;2;2
5360,2,2;2;2;2;2
5365,2,2;2;2;2;2
5370,2,2;2;2;2;2
5375,2,2;2;2;2;2
5380,2,2;2;2;2;2
5385,2,2;2;2;2;2
5390,2,2;2;2;2;2
5395,2,2;2;2;2;2
5400,2,2;2;2;2;2
5405,2,2;2;2;2;2
5410,2,2;2;2;2;2
5415,2,2;2;2;2;2
5420,2,2;2;2;2;2
5425,2,2;2;2;2;2
5430,2,2;2;2;2;2
5435,2,2;2;2;2;2
5440,2,2;2;2;2;2
5445,2,2;2;2;2;2
5450,2,2;2;2;2;2
5455,2,2;2;2;2;2
5460,2,2;2;2;2;2
5465,2,2;2;2;2;2
5470,2,2;2;2;2;2
5475,2,2;2;2;2;2
5480,2,2;2;2;2;2
5485,2,2;2;2;2;2
5490,2,2;2;2;2;2
5495,2,2;2;2;2;2
5500,2,2;2;2;2;2
5505,2,2;2;2;2;2
5510,2,2;2;2;2;2
5515,2,2;2;2;2;2
5520,2,2;2;2;2;2
5525,2,2;2;2;2;2
5530,2,2;2;2;2;2
5535,2,2;2;2;2;2
5540,2,2;2;2;2;2
5545,2,2;2;2;2;2
5550,2,2;2;2;2;2
5555,2,2;2;2;2;2
5560,2,2;2;2;2;2
5565,2,2;2;2;2;2
5570,2,2;2;2;2;2
5575,2,2;2;2;2;2
5580,2,2;2;2;2;2
5585,2,2;2;2;2;2
5590,2,2;2;2;2;2
5595,2,2;2;2;2;2
5600,2,2;2;2;2;2
5605,2,2;2;2;2;2
5610,2,2;2;2;2;2
5615,2,2;2;2;2;2
5620,2,2;2;2;2;2
5625,2,2;2;2;2;2
5630,2,2;2;2;2;2
5635,2,2;2;2;2;2
5640,2,2;2;2;2;2
5645,2,2;2;2;2;2
5650,2,2;2;2;2;2
5655,2,2;2;2;2;2
5660,2,2;2;2;2;2
5665,2,2;2;2;2;2
5670,2,2;2;2;2;2
5675,2,2;2;2;2;2
5680,2,2;2;2;2;2
5685,2,2;2;2;2;2
5690,2,2;2;2;2;2
5695,2,2;2;2;2;2
5700,2,2;2;2;2;2
5705,2,2;2;2;2;2
5710,2,2;2;2;2;2
5715,2,2;2;2;2;2
5720,2,2;2;2;2;2
5725,2,2;2;2;2;2
5730,2,2;2;2;2;2
5735,2,2;2;2;2;2
5740,2,2;2;2;2;2
5745,2,2;2;2;2;2
5750,2,2;2;2;2;2
5755,2,2;2;2;2;2
5760,2,2;2;2;2;2
5765,2,2;2;2;2;2
5770,2,2;2;2;2;2
5775,2,2;2;2;2;2
5780,2,2;2;2;2;2
5785,2,2;2;2;2;2
5790,2,2;2;2;2;2
5795,2,2;2;2;2;2
5800,2,2;2;2;2;2
5805,2,2;2;2;2;2
5810,2,2;2;2;2;2
5815,2,2;2;2;2;2
5820,2,2;2;2;2;2
5825,2,2;2;2;2;2
5830,2,2;2;2;2;2
5835,2,2;2;2;2;2
5840,2,2;2;2;2;2
5845,2,2;2;2;2;2
5850,2,2;2;2;2;2
5855,2,2;2;2;2;2
5860,2,2;2;2;2;2
5865,2,2;2;2;2;2
5870,2,2;2;2;2;2
5875,2,2;2;2;2;2
5880,2,2;2;2;2;2
5885,2,2;2;2;2;2
5890,2,2;2;2;2;2
5895,2,2;2;2;2;2
5900,2,2;2;2;2;2
5905,2,2;2;2;2;2
5910,2,2;2;2;2;2
5915,2,2;2;2;2;2
5920,2,2;2;2;2;2
5925,2,2;2;2;2;2
5930,2,2;2;2;2;2
5935,2,2;2;2;2;2
5940,2,2;2;2;2;2
5945,2,2;2;2;2;2
5950,2,2;2;2;2;2
5955,2,2;2;2;2;2
5960,2,2;2;2;2;2
5965,2,2;2;2;2;2
5970,2,2;2;2;2;2
5975,2,2;2;2;2;2
5980,2,2;2;2;2;2
5985,2,2;2;2;2;2
5990,2,2;2;2;2;2
5995,2,2;2;2;2;2
6000,2,2;2;2;2;2
6005,2,2;2;2;2;2
6010,2,2;2;2;2;2
6015,2,2;2;2;2;2
6020,2,2;2;2;2;2
6025,2,2;2;2;2;2
6030,2,2;2;2;2;2
6035,2,2;2;2;2;2
6040,2,2;2;2;2;2
6045,2,2;2;2;2;2
6050,2,2;2;2;2;2
6055,2,2;2;2;2;2
6060,2,2;2;2;2;2
6065,2,2;2;2;2;2
6070,2,2;2;2;2;2
6075,2,2;2;2;2;2
6080,2,2;2;2;2;2
6085,2,2;2;2;2;2
6090,2,2;2;2;2;2
6095,2,2;2;2;2;2
6100,2,2;2;2;2;2
6105,2,2;2;2;2;2
6110,2,2;2;2;2;2
6115,2,2;2;2;2;2
6120,2,2;2;2;2;2
6125,2,2;2;2;2;2
6130,2,2;2;2;2;2
6135,2,2;2;2;2;2
6140,2,2;2;2;2;2
6145,2,2;2;2;2;2
6150,2,2;2;2;2;2
6155,2,2;2;2;2;2
6160,2,2;2;2;2;2
6165,2,2;2;2;2;2
6170,2,2;2;2;2;2
6175,2,2;2;2;2;2
6180,2,2;2;2;2;2
6185,2,2;2;2;2;2
6190,2,2;2;2;2;2
6195,2,2;2;2;2;2
6200,2,2;2;2;2;2
6205,2,2;2;2;2;2
6210,2,2;2;2;2;2
6215,2,2;2;2;2;2
6220,2,2;2;2;2;2
6225,2,2;2;2;2;2
6230,2,2;2;2;2;2
6235,2,2;2;2;2;2
6240,2,2;2;2;2;2
6245,2,2;2;2;2;2
6250,2,2;2;2;2;2
6255,2,2;2;2;2;2
6260,2,2;2;2;2;2
6265,2,2;2;2;2;2
6270,2,2;2;2;2;2
6275,2,2;2;2;2;2
6280,2,2;2;2;2;2
6285,2,2;2;2;2;2
6290,2,2;2;2;2;2
6295,2,2;2;2;2;2
6300,2,2;2;2;2;2
6305,2,2;2;2;2;2
6310,2,2;2;2;2;2
6315,2,2;2;2;2;2
6320,2,2;2;2;2;2
6325,2,2;2;2;2;2
6330,2,2;2;2;2;2
6335,2,2;2;2;2;2
6340,2,2;2;2;2;2
6345,2,2;2;2;2;2
6350,2,2;2;2;2;2
6355,2,2;2;2;2;2
6360,2,2;2;2;2;2
6365,2,2;2;2;2;2
6370,2,2;2;2;2;2
6375,2,2;2;2;2;2
6380,2,2;2;2;2;2
6385,2,2;2;2;2;2
6390,2,2;2;2;2;2
6395,2,2;2;2;2;2
6400,2,2;2;2;2;2
6405,2,2;2;2;2;2
6410,2,2;2;2;2;2
6415,2,2;2;2;2;2
6420,2,2;2;2;2;2
6425,2,2;2;2;2;2
6430,2,2;2;2;2;2
6435,2,2;2;2;2;2
6440,2,2;2;2;2;2
6445,2,2;2;2;2;2
6450,2,2;2;2;2;2
6455,2,2;2;2;2;2
6460,2,2;2;2;2;2
6465,2,2;2;2;2;2
6470,2,2;2;2;2;2
6475,2,2;2;2;2;2
6480,2,2;2;2;2;2
6485,2,2;2;2;2;2
6490,2,2;2;2;2;2
6495,2,2;2;2;2;2
6500,2,2;2;2;2;2
6505,2,2;2;2;2;2
6510,2,2;2;2;2;2
6515,2,2;2;2;2;2
6520,2,2;2;2;2;2
6525,2,2;2;2;2;2
6530,2,2;2;2;2;2
6535,2,2;2;2;2;2
6540,2,2;2;2;2;2
6545,2,2;2;2;2;2
6550,2,2;2;2;2;2
6555,2,2;2;2;2;2
6560,2,2;2;2;2;2
6565,2,2;2;2;2;2
6570,2,2;2;2;2;2
6575,2,2;2;2;2;2
6580,2,2;2;2;2;2
6585,2,2;2;2;2;2
6590,2,2;2;2;2;2
6595,2,2;2;2;2;2
6600,2,2;2;2;2;2
6605,2,2;2;2;2;2
6610,2,2;2;2;2;2
6615,2,2;2;2;2;2
6620,2,2;2;2;2;2
6625,2,2;2;2;2;2
6630,2,2;2;2;2;2
6635,2,2;2;2;2;2
6640,2,2;2;2;2;2
6645,2,2;2;2;2;2
6650,2,2;2;2;2;2
6655,2,2;2;2;2;2
6660,2,2;2;2;2;2
6665,2,2;2;2;2;2
6670,2,2;2;2;2;2
6675,2,2;2;2;2;2
