Time,Commitment,Opinion
0,3,3
5,2,3;3;3;3;3
10,2,2;2;2;2;2
15,2,2;2;2;2;2
20,2,2;2;2;2;2
25,1,2;2;2;2;2
30,1,1;1;1;1;1
35,2,1;1;1;1;1
40,3,2;2;2;2;2
45,3,3;3;3;3;3
50,2,3;3;3;3;3
55,3,2;2;2;2;2
60,3,3;3;3;3;3
65,3,3;3;3;3;3
70,3,3;3;3;3;3
75,3,3;3;3;3;3
80,2,3;3;3;3;3
85,3,2;2;2;2;2
90,2,3;3;3;3;3
95,2,2;2;2;2;2
100,2,2;2;2;2;2
105,4,2;2;2;2;2
110,2,4;4;4;4;4
115,2,2;2;2;2;2
120,2,2;2;2;2;2
125,2,2;2;2;2;2
130,3,2;2;2;2;2
135,3,3;3;3;3;3
140,3,3;3;3;3;3
145,2,3;3;3;3;3
150,2,2;2;2;2;2
155,2,2;2;2;2;2
160,2,2;2;2;2;2
165,3,2;2;2;2;2
170,3,3;3;3;3;3
175,2,3;3;3;3;3
180,2,2;2;2;2;2
185,3,2;2;2;2;2
190,4,3;3;3;3;3
195,2,4;4;4;4;4
200,4,2;2;2;2;2
205,2,4;4;4;4;4
210,2,2;2;2;2;2
215,4,2;2;2;2;2
220,2,4;4;4;4;4
225,2,2;2;2;2;2
230,1,2;2;2;2;2
235,3,1;1;1;1;1
240,2,3;3;3;3;3
245,1,2;2;2;2;2
250,2,1;1;1;1;1
255,2,2;2;2;2;2
260,2,2;2;2;2;2
265,3,2;2;2;2;2
270,2,3;3;3;3;3
275,2,2;2;2;2;2
280,3,2;2;2;2;2
285,2,3;3;3;3;3
290,1,2;2;2;2;2
295,1,1;1;1;1;1
300,3,1;1;1;1;1
305,3,3;3;3;3;3
310,3,3;3;3;3;3
315,3,3;3;3;3;3
320,3,3;3;3;3;3
325,3,3;3;3;3;3
330,1,3;3;3;3;3
335,3,1;1;1;1;1
340,3,3;3;3;3;3
345,3,3;3;3;3;3
350,3,3;3;3;3;3
355,3,3;3;3;3;3
360,2,3;3;3;3;3
365,1,2;2;2;2;2
370,2,1;1;1;1;1
375,3,2;2;2;2;2
380,3,3;3;3;3;3
385,3,3;3;3;3;3
390,3,3;3;3;3;3
395,1,3;3;3;3;3
400,3,1;1;1;1;1
405,3,3;3;3;3;3
410,3,3;3;3;3;3
415,2,3;3;3;3;3
420,3,2;2;2;2;2
425,4,3;3;3;3;3
430,2,4;4;4;4;4
435,3,2;2;2;2;2
440,2,3;3;3;3;3
445,2,2;2;2;2;2
450,2,2;2;2;2;2
455,3,2;2;2;2;2
460,3,3;3;3;3;3
465,3,3;3;3;3;3
470,3,3;3;3;3;3
475,4,3;3;3;3;3
480,3,4;4;4;4;4
485,1,3;3;3;3;3
490,2,1;1;1;1;1
495,3,2;2;2;2;2
500,4,3;3;3;3;3
505,2,4;4;4;4;4
510,2,2;2;2;2;2
515,3,2;2;2;2;2
520,2,3;3;3;3;3
525,2,2;2;2;2;2
530,2,2;2;2;2;2
535,2,2;2;2;2;2
540,1,2;2;2;2;2
545,2,1;1;1;1;1
550,2,2;2;2;2;2
555,3,2;2;2;2;2
560,2,3;3;3;3;3
565,1,2;2;2;2;2
570,1,1;1;1;1;1
575,2,1;1;1;1;1
580,1,2;2;2;2;2
585,1,1;1;1;1;1
590,1,1;1;1;1;1
595,1,1;1;1;1;1
600,2,1;1;1;1;1
605,3,2;2;2;2;2
610,2,3;3;3;3;3
615,1,2;2;2;2;2
620,1,1;1;1;1;1
625,3,1;1;1;1;1
630,1,3;3;3;3;3
635,3,1;1;1;1;1
640,1,3;3;3;3;3
645,1,1;1;1;1;1
650,1,1;1;1;1;1
655,4,1;1;1;1;1
660,3,4;4;4;4;4
665,1,3;3;3;3;3
670,2,1;1;1;1;1
675,1,2;2;2;2;2
680,3,1;1;1;1;1
685,1,3;3;3;3;3
690,1,1;1;1;1;1
695,3,1;1;1;1;1
700,2,3;3;3;3;3
705,1,2;2;2;2;2
710,3,1;1;1;1;1
715,1,3;3;3;3;3
720,3,1;1;1;1;1
725,1,3;3;3;3;3
730,3,1;1;1;1;1
735,1,3;3;3;3;3
740,4,1;1;1;1;1
745,1,4;4;4;4;4
750,4,1;1;1;1;1
755,2,4;4;4;4;4
760,2,2;2;2;2;2
765,1,2;2;2;2;2
770,2,1;1;1;1;1
775,4,2;2;2;2;2
780,4,4;4;4;4;4
785,4,4;4;4;4;4
790,3,4;4;4;4;4
795,4,3;3;3;3;3
800,3,4;4;4;4;4
805,3,3;3;3;3;3
810,4,3;3;3;3;3
815,4,4;4;4;4;4
820,4,4;4;4;4;4
825,4,4;4;4;4;4
830,4,4;4;4;4;4
835,4,4;4;4;4;4
840,2,4;4;4;4;4
845,4,2;2;2;2;2
850,1,4;4;4;4;4
855,4,1;1;1;1;1
860,2,4;4;4;4;4
865,1,2;2;2;2;2
870,4,1;1;1;1;1
875,2,4;4;4;4;4
880,3,2;2;2;2;2
885,1,3;3;3;3;3
890,2,1;1;1;1;1
895,1,2;2;2;2;2
900,4,1;1;1;1;1
905,4,4;4;4;4;4
910,1,4;4;4;4;4
915,4,1;1;1;1;1
920,4,4;4;4;4;4
925,1,4;4;4;4;4
930,1,1;1;1;1;1
935,1,1;1;1;1;1
940,4,1;1;1;1;1
945,2,4;4;4;4;4
950,1,2;2;2;2;2
955,3,1;1;1;1;1
960,1,3;3;3;3;3
965,1,1;1;1;1;1
970,1,1;1;1;1;1
975,1,1;1;1;1;1
980,1,1;1;1;1;1
985,1,1;1;1;1;1
990,1,1;1;1;1;1
995,4,1;1;1;1;1
1000,2,4;4;4;4;4
1005,3,2;2;2;2;2
1010,4,3;3;3;3;3
1015,1,4;4;4;4;4
1020,2,1;1;1;1;1
1025,1,2;2;2;2;2
1030,1,1;1;1;1;1
1035,3,1;1;1;1;1
1040,1,3;3;3;3;3
1045,3,1;1;1;1;1
1050,3,3;3;3;3;3
1055,3,3;3;3;3;3
1060,3,3;3;3;3;3
1065,3,3;3;3;3;3
1070,3,3;3;3;3;3
1075,1,3;3;3;3;3
1080,2,1;1;1;1;1
1085,1,2;2;2;2;2
1090,1,1;1;1;1;1
1095,1,1;1;1;1;1
1100,3,1;1;1;1;1
1105,1,3;3;3;3;3
1110,2,1;1;1;1;1
1115,3,2;2;2;2;2
1120,2,3;3;3;3;3
1125,2,2;2;2;2;2
1130,2,2;2;2;2;2
1135,3,2;2;2;2;2
1140,3,3;3;3;3;3
1145,3,3;3;3;3;3
1150,2,3;3;3;3;3
1155,4,2;2;2;2;2
1160,4,4;4;4;4;4
1165,4,4;4;4;4;4
1170,4,4;4;4;4;4
1175,3,4;4;4;4;4
1180,4,3;3;3;3;3
1185,1,4;4;4;4;4
1190,4,1;1;1;1;1
1195,3,4;4;4;4;4
1200,2,3;3;3;3;3
1205,3,2;2;2;2;2
1210,4,3;3;3;3;3
1215,1,4;4;4;4;4
1220,1,1;1;1;1;1
1225,1,1;1;1;1;1
1230,2,1;1;1;1;1
1235,1,2;2;2;2;2
1240,3,1;1;1;1;1
1245,1,3;3;3;3;3
1250,2,1;1;1;1;1
1255,1,2;2;2;2;2
1260,1,1;1;1;1;1
1265,2,1;1;1;1;1
1270,2,2;2;2;2;2
1275,4,2;2;2;2;2
1280,1,4;4;4;4;4
1285,2,1;1;1;1;1
1290,2,2;2;2;2;2
1295,2,2;2;2;2;2
1300,2,2;2;2;2;2
1305,2,2;2;2;2;2
1310,2,2;2;2;2;2
1315,2,2;2;2;2;2
1320,4,2;2;2;2;2
1325,1,4;4;4;4;4
1330,1,1;1;1;1;1
1335,3,1;1;1;1;1
1340,1,3;3;3;3;3
1345,4,1;1;1;1;1
1350,2,4;4;4;4;4
1355,2,2;2;2;2;2
1360,3,2;2;2;2;2
1365,3,3;3;3;3;3
1370,3,3;3;3;3;3
1375,3,3;3;3;3;3
1380,4,3;3;3;3;3
1385,3,4;4;4;4;4
1390,4,3;3;3;3;3
1395,3,4;4;4;4;4
1400,2,3;3;3;3;3
1405,2,2;2;2;2;2
1410,3,2;2;2;2;2
1415,2,3;3;3;3;3
1420,3,2;2;2;2;2
1425,4,3;3;3;3;3
1430,3,4;4;4;4;4
1435,3,3;3;3;3;3
1440,4,3;3;3;3;3
1445,3,4;4;4;4;4
1450,4,3;3;3;3;3
1455,1,4;4;4;4;4
1460,4,1;1;1;1;1
1465,4,4;4;4;4;4
1470,4,4;4;4;4;4
1475,3,4;4;4;4;4
1480,2,3;3;3;3;3
1485,2,2;2;2;2;2
1490,1,2;2;2;2;2
1495,2,1;1;1;1;1
1500,1,2;2;2;2;2
1505,2,1;1;1;1;1
1510,1,2;2;2;2;2
1515,3,1;1;1;1;1
1520,1,3;3;3;3;3
1525,2,1;1;1;1;1
1530,1,2;2;2;2;2
1535,2,1;1;1;1;1
1540,1,2;2;2;2;2
1545,3,1;1;1;1;1
1550,1,3;3;3;3;3
1555,2,1;1;1;1;1
1560,3,2;2;2;2;2
1565,2,3;3;3;3;3
1570,1,2;2;2;2;2
1575,2,1;1;1;1;1
1580,2,2;2;2;2;2
1585,3,2;2;2;2;2
1590,2,3;3;3;3;3
1595,3,2;2;2;2;2
1600,2,3;3;3;3;3
1605,2,2;2;2;2;2
1610,3,2;2;2;2;2
1615,1,3;3;3;3;3
1620,2,1;1;1;1;1
1625,4,2;2;2;2;2
1630,1,4;4;4;4;4
1635,2,1;1;1;1;1
1640,3,2;2;2;2;2
1645,4,3;3;3;3;3
1650,3,4;4;4;4;4
1655,4,3;3;3;3;3
1660,3,4;4;4;4;4
1665,1,3;3;3;3;3
1670,2,1;1;1;1;1
1675,2,2;2;2;2;2
1680,1,2;2;2;2;2
1685,2,1;1;1;1;1
1690,2,2;2;2;2;2
1695,2,2;2;2;2;2
1700,1,2;2;2;2;2
1705,2,1;1;1;1;1
1710,1,2;2;2;2;2
1715,2,1;1;1;1;1
1720,2,2;2;2;2;2
1725,3,2;2;2;2;2
1730,1,3;3;3;3;3
1735,1,1;1;1;1;1
1740,1,1;1;1;1;1
1745,2,1;1;1;1;1
1750,1,2;2;2;2;2
1755,1,1;1;1;1;1
1760,3,1;1;1;1;1
1765,2,3;3;3;3;3
1770,1,2;2;2;2;2
1775,1,1;1;1;1;1
1780,1,1;1;1;1;1
1785,1,1;1;1;1;1
1790,1,1;1;1;1;1
1795,4,1;1;1;1;1
1800,1,4;4;4;4;4
1805,2,1;1;1;1;1
1810,1,2;2;2;2;2
1815,1,1;1;1;1;1
1820,1,1;1;1;1;1
1825,1,1;1;1;1;1
1830,1,1;1;1;1;1
1835,3,1;1;1;1;1
1840,1,3;3;3;3;3
1845,4,1;1;1;1;1
1850,1,4;4;4;4;4
1855,1,1;1;1;1;1
1860,4,1;1;1;1;1
1865,4,4;4;4;4;4
1870,2,4;4;4;4;4
1875,1,2;2;2;2;2
1880,1,1;1;1;1;1
1885,1,1;1;1;1;1
1890,1,1;1;1;1;1
1895,3,1;1;1;1;1
1900,4,3;3;3;3;3
1905,3,4;4;4;4;4
1910,3,3;3;3;3;3
1915,3,3;3;3;3;3
1920,3,3;3;3;3;3
1925,4,3;3;3;3;3
1930,4,4;4;4;4;4
1935,1,4;4;4;4;4
1940,3,1;1;1;1;1
1945,4,3;3;3;3;3
1950,3,4;4;4;4;4
1955,1,3;3;3;3;3
1960,2,1;1;1;1;1
1965,2,2;2;2;2;2
1970,3,2;2;2;2;2
1975,2,3;3;3;3;3
1980,3,2;2;2;2;2
1985,3,3;3;3;3;3
1990,3,3;3;3;3;3
1995,2,3;3;3;3;3
2000,4,2;2;2;2;2
2005,3,4;4;4;4;4
2010,2,3;3;3;3;3
2015,3,2;2;2;2;2
2020,3,3;3;3;3;3
2025,2,3;3;3;3;3
2030,2,2;2;2;2;2
2035,2,2;2;2;2;2
2040,2,2;2;2;2;2
2045,2,2;2;2;2;2
2050,4,2;2;2;2;2
2055,4,4;4;4;4;4
2060,1,4;4;4;4;4
2065,4,1;1;1;1;1
2070,4,4;4;4;4;4
2075,3,4;4;4;4;4
2080,3,3;3;3;3;3
2085,4,3;3;3;3;3
2090,4,4;4;4;4;4
2095,2,4;4;4;4;4
2100,4,2;2;2;2;2
2105,4,4;4;4;4;4
2110,4,4;4;4;4;4
2115,1,4;4;4;4;4
2120,3,1;1;1;1;1
2125,1,3;3;3;3;3
2130,4,1;1;1;1;1
2135,4,4;4;4;4;4
2140,3,4;4;4;4;4
2145,1,3;3;3;3;3
2150,4,1;1;1;1;1
2155,3,4;4;4;4;4
2160,3,3;3;3;3;3
2165,3,3;3;3;3;3
2170,1,3;3;3;3;3
2175,3,1;1;1;1;1
2180,4,3;3;3;3;3
2185,3,4;4;4;4;4
2190,1,3;3;3;3;3
2195,3,1;1;1;1;1
2200,1,3;3;3;3;3
2205,1,1;1;1;1;1
2210,2,1;1;1;1;1
2215,2,2;2;2;2;2
2220,2,2;2;2;2;2
2225,3,2;2;2;2;2
2230,2,3;3;3;3;3
2235,2,2;2;2;2;2
2240,1,2;2;2;2;2
2245,2,1;1;1;1;1
2250,1,2;2;2;2;2
2255,2,1;1;1;1;1
2260,2,2;2;2;2;2
2265,2,2;2;2;2;2
2270,4,2;2;2;2;2
2275,2,4;4;4;4;4
2280,2,2;2;2;2;2
2285,4,2;2;2;2;2
2290,1,4;4;4;4;4
2295,2,1;1;1;1;1
2300,3,2;2;2;2;2
2305,1,3;3;3;3;3
2310,2,1;1;1;1;1
2315,1,2;2;2;2;2
2320,3,1;1;1;1;1
2325,1,3;3;3;3;3
2330,1,1;1;1;1;1
2335,1,1;1;1;1;1
2340,1,1;1;1;1;1
2345,2,1;1;1;1;1
2350,4,2;2;2;2;2
2355,1,4;4;4;4;4
2360,1,1;1;1;1;1
2365,1,1;1;1;1;1
2370,2,1;1;1;1;1
2375,1,2;2;2;2;2
2380,2,1;1;1;1;1
2385,2,2;2;2;2;2
2390,2,2;2;2;2;2
2395,2,2;2;2;2;2
2400,2,2;2;2;2;2
2405,1,2;2;2;2;2
2410,2,1;1;1;1;1
2415,1,2;2;2;2;2
2420,2,1;1;1;1;1
2425,2,2;2;2;2;2
2430,2,2;2;2;2;2
2435,1,2;2;2;2;2
2440,2,1;1;1;1;1
2445,3,2;2;2;2;2
2450,2,3;3;3;3;3
2455,1,2;2;2;2;2
2460,1,1;1;1;1;1
2465,2,1;1;1;1;1
2470,3,2;2;2;2;2
2475,3,3;3;3;3;3
2480,1,3;3;3;3;3
2485,1,1;1;1;1;1
2490,3,1;1;1;1;1
2495,3,3;3;3;3;3
2500,4,3;3;3;3;3
2505,2,4;4;4;4;4
2510,1,2;2;2;2;2
2515,3,1;1;1;1;1
2520,2,3;3;3;3;3
2525,3,2;2;2;2;2
2530,1,3;3;3;3;3
2535,3,1;1;1;1;1
2540,3,3;3;3;3;3
2545,2,3;3;3;3;3
2550,3,2;2;2;2;2
2555,3,3;3;3;3;3
2560,3,3;3;3;3;3
2565,1,3;3;3;3;3
2570,3,1;1;1;1;1
2575,3,3;3;3;3;3
2580,1,3;3;3;3;3
2585,3,1;1;1;1;1
2590,3,3;3;3;3;3
2595,3,3;3;3;3;3
2600,3,3;3;3;3;3
2605,1,3;3;3;3;3
2610,3,1;1;1;1;1
2615,2,3;3;3;3;3
2620,3,2;2;2;2;2
2625,1,3;3;3;3;3
2630,3,1;1;1;1;1
2635,3,3;3;3;3;3
2640,1,3;3;3;3;3
2645,3,1;1;1;1;1
2650,3,3;3;3;3;3
2655,2,3;3;3;3;3
2660,3,2;2;2;2;2
2665,3,3;3;3;3;3
2670,4,3;3;3;3;3
2675,1,4;4;4;4;4
2680,3,1;1;1;1;1
2685,3,3;3;3;3;3
2690,3,3;3;3;3;3
2695,1,3;3;3;3;3
2700,1,1;1;1;1;1
2705,1,1;1;1;1;1
2710,3,1;1;1;1;1
2715,3,3;3;3;3;3
2720,3,3;3;3;3;3
2725,3,3;3;3;3;3
2730,3,3;3;3;3;3
2735,1,3;3;3;3;3
2740,1,1;1;1;1;1
2745,1,1;1;1;1;1
2750,1,1;1;1;1;1
2755,1,1;1;1;1;1
2760,1,1;1;1;1;1
2765,1,1;1;1;1;1
2770,1,1;1;1;1;1
2775,1,1;1;1;1;1
2780,3,1;1;1;1;1
2785,2,3;3;3;3;3
2790,1,2;2;2;2;2
2795,2,1;1;1;1;1
2800,1,2;2;2;2;2
2805,2,1;1;1;1;1
2810,1,2;2;2;2;2
2815,2,1;1;1;1;1
2820,2,2;2;2;2;2
2825,1,2;2;2;2;2
2830,2,1;1;1;1;1
2835,1,2;2;2;2;2
2840,1,1;1;1;1;1
2845,2,1;1;1;1;1
2850,2,2;2;2;2;2
2855,1,2;2;2;2;2
2860,4,1;1;1;1;1
2865,1,4;4;4;4;4
2870,2,1;1;1;1;1
2875,1,2;2;2;2;2
2880,2,1;1;1;1;1
2885,1,2;2;2;2;2
2890,1,1;1;1;1;1
2895,1,1;1;1;1;1
2900,1,1;1;1;1;1
2905,2,1;1;1;1;1
2910,3,2;2;2;2;2
2915,2,3;3;3;3;3
2920,3,2;2;2;2;2
2925,2,3;3;3;3;3
2930,1,2;2;2;2;2
2935,3,1;1;1;1;1
2940,1,3;3;3;3;3
2945,2,1;1;1;1;1
2950,2,2;2;2;2;2
2955,2,2;2;2;2;2
2960,2,2;2;2;2;2
2965,2,2;2;2;2;2
2970,2,2;2;2;2;2
2975,3,2;2;2;2;2
2980,2,3;3;3;3;3
2985,3,2;2;2;2;2
2990,4,3;3;3;3;3
2995,4,4;4;4;4;4
3000,4,4;4;4;4;4
3005,3,4;4;4;4;4
3010,3,3;3;3;3;3
3015,4,3;3;3;3;3
3020,4,4;4;4;4;4
3025,1,4;4;4;4;4
3030,2,1;1;1;1;1
3035,1,2;2;2;2;2
3040,1,1;1;1;1;1
3045,1,1;1;1;1;1
3050,3,1;1;1;1;1
3055,1,3;3;3;3;3
3060,1,1;1;1;1;1
3065,2,1;1;1;1;1
3070,1,2;2;2;2;2
3075,3,1;1;1;1;1
3080,2,3;3;3;3;3
3085,2,2;2;2;2;2
3090,3,2;2;2;2;2
3095,3,3;3;3;3;3
3100,3,3;3;3;3;3
3105,1,3;3;3;3;3
3110,2,1;1;1;1;1
3115,3,2;2;2;2;2
3120,2,3;3;3;3;3
3125,3,2;2;2;2;2
3130,1,3;3;3;3;3
3135,1,1;1;1;1;1
3140,1,1;1;1;1;1
3145,1,1;1;1;1;1
3150,1,1;1;1;1;1
3155,2,1;1;1;1;1
3160,4,2;2;2;2;2
3165,2,4;4;4;4;4
3170,3,2;2;2;2;2
3175,1,3;3;3;3;3
3180,1,1;1;1;1;1
3185,4,1;1;1;1;1
3190,2,4;4;4;4;4
3195,2,2;2;2;2;2
3200,2,2;2;2;2;2
3205,2,2;2;2;2;2
3210,2,2;2;2;2;2
3215,2,2;2;2;2;2
3220,1,2;2;2;2;2
3225,4,1;1;1;1;1
3230,2,4;4;4;4;4
3235,1,2;2;2;2;2
3240,1,1;1;1;1;1
3245,1,1;1;1;1;1
3250,1,1;1;1;1;1
3255,2,1;1;1;1;1
3260,1,2;2;2;2;2
3265,1,1;1;1;1;1
3270,3,1;1;1;1;1
3275,1,3;3;3;3;3
3280,3,1;1;1;1;1
3285,3,3;3;3;3;3
3290,3,3;3;3;3;3
3295,3,3;3;3;3;3
3300,1,3;3;3;3;3
3305,4,1;1;1;1;1
3310,1,4;4;4;4;4
3315,3,1;1;1;1;1
3320,4,3;3;3;3;3
3325,3,4;4;4;4;4
3330,3,3;3;3;3;3
3335,2,3;3;3;3;3
3340,3,2;2;2;2;2
3345,2,3;3;3;3;3
3350,4,2;2;2;2;2
3355,4,4;4;4;4;4
3360,2,4;4;4;4;4
3365,2,2;2;2;2;2
3370,2,2;2;2;2;2
3375,2,2;2;2;2;2
3380,3,2;2;2;2;2
3385,2,3;3;3;3;3
3390,2,2;2;2;2;2
3395,3,2;2;2;2;2
3400,2,3;3;3;3;3
3405,2,2;2;2;2;2
3410,2,2;2;2;2;2
3415,1,2;2;2;2;2
3420,1,1;1;1;1;1
3425,1,1;1;1;1;1
3430,1,1;1;1;1;1
3435,3,1;1;1;1;1
3440,3,3;3;3;3;3
3445,1,3;3;3;3;3
3450,1,1;1;1;1;1
3455,1,1;1;1;1;1
3460,1,1;1;1;1;1
3465,1,1;1;1;1;1
3470,2,1;1;1;1;1
3475,1,2;2;2;2;2
3480,1,1;1;1;1;1
3485,2,1;1;1;1;1
3490,1,2;2;2;2;2
3495,2,1;1;1;1;1
3500,1,2;2;2;2;2
3505,1,1;1;1;1;1
3510,1,1;1;1;1;1
3515,3,1;1;1;1;1
3520,2,3;3;3;3;3
3525,1,2;2;2;2;2
3530,2,1;1;1;1;1
3535,2,2;2;2;2;2
3540,1,2;2;2;2;2
3545,1,1;1;1;1;1
3550,1,1;1;1;1;1
3555,1,1;1;1;1;1
3560,1,1;1;1;1;1
3565,1,1;1;1;1;1
3570,1,1;1;1;1;1
3575,1,1;1;1;1;1
3580,1,1;1;1;1;1
3585,1,1;1;1;1;1
3590,1,1;1;1;1;1
3595,1,1;1;1;1;1
3600,1,1;1;1;1;1
3605,1,1;1;1;1;1
3610,2,1;1;1;1;1
3615,1,2;2;2;2;2
3620,1,1;1;1;1;1
3625,1,1;1;1;1;1
3630,2,1;1;1;1;1
3635,1,2;2;2;2;2
3640,1,1;1;1;1;1
3645,2,1;1;1;1;1
3650,1,2;2;2;2;2
3655,1,1;1;1;1;1
3660,1,1;1;1;1;1
3665,2,1;1;1;1;1
3670,1,2;2;2;2;2
3675,1,1;1;1;1;1
3680,1,1;1;1;1;1
3685,2,1;1;1;1;1
3690,2,2;2;2;2;2
3695,2,2;2;2;2;2
3700,1,2;2;2;2;2
3705,2,1;1;1;1;1
3710,2,2;2;2;2;2
3715,3,2;2;2;2;2
3720,2,3;3;3;3;3
3725,2,2;2;2;2;2
3730,1,2;2;2;2;2
3735,2,1;1;1;1;1
3740,2,2;2;2;2;2
3745,2,2;2;2;2;2
3750,1,2;2;2;2;2
3755,3,1;1;1;1;1
3760,2,3;3;3;3;3
3765,2,2;2;2;2;2
3770,3,2;2;2;2;2
3775,4,3;3;3;3;3
3780,2,4;4;4;4;4
3785,2,2;2;2;2;2
3790,3,2;2;2;2;2
3795,3,3;3;3;3;3
3800,2,3;3;3;3;3
3805,3,2;2;2;2;2
3810,2,3;3;3;3;3
3815,2,2;2;2;2;2
3820,2,2;2;2;2;2
3825,2,2;2;2;2;2
3830,2,2;2;2;2;2
3835,2,2;2;2;2;2
3840,3,2;2;2;2;2
3845,2,3;3;3;3;3
3850,3,2;2;2;2;2
3855,3,3;3;3;3;3
3860,3,3;3;3;3;3
3865,3,3;3;3;3;3
3870,2,3;3;3;3;3
3875,2,2;2;2;2;2
3880,1,2;2;2;2;2
3885,2,1;1;1;1;1
3890,2,2;2;2;2;2
3895,1,2;2;2;2;2
3900,1,1;1;1;1;1
3905,3,1;1;1;1;1
3910,2,3;3;3;3;3
3915,1,2;2;2;2;2
3920,1,1;1;1;1;1
3925,1,1;1;1;1;1
3930,1,1;1;1;1;1
3935,1,1;1;1;1;1
3940,2,1;1;1;1;1
3945,2,2;2;2;2;2
3950,1,2;2;2;2;2
3955,2,1;1;1;1;1
3960,2,2;2;2;2;2
3965,2,2;2;2;2;2
3970,2,2;2;2;2;2
3975,2,2;2;2;2;2
3980,2,2;2;2;2;2
3985,2,2;2;2;2;2
3990,1,2;2;2;2;2
3995,2,1;1;1;1;1
4000,2,2;2;2;2;2
4005,3,2;2;2;2;2
4010,2,3;3;3;3;3
4015,2,2;2;2;2;2
4020,2,2;2;2;2;2
4025,2,2;2;2;2;2
4030,1,2;2;2;2;2
4035,2,1;1;1;1;1
4040,2,2;2;2;2;2
4045,2,2;2;2;2;2
4050,3,2;2;2;2;2
4055,3,3;3;3;3;3
4060,3,3;3;3;3;3
4065,3,3;3;3;3;3
4070,3,3;3;3;3;3
4075,3,3;3;3;3;3
4080,3,3;3;3;3;3
4085,3,3;3;3;3;3
4090,2,3;3;3;3;3
4095,3,2;2;2;2;2
4100,3,3;3;3;3;3
4105,2,3;3;3;3;3
4110,3,2;2;2;2;2
4115,3,3;3;3;3;3
4120,4,3;3;3;3;3
4125,3,4;4;4;4;4
4130,2,3;3;3;3;3
4135,3,2;2;2;2;2
4140,2,3;3;3;3;3
4145,3,2;2;2;2;2
4150,3,3;3;3;3;3
4155,3,3;3;3;3;3
4160,3,3;3;3;3;3
4165,2,3;3;3;3;3
4170,3,2;2;2;2;2
4175,2,3;3;3;3;3
4180,2,2;2;2;2;2
4185,2,2;2;2;2;2
4190,3,2;2;2;2;2
4195,2,3;3;3;3;3
4200,3,2;2;2;2;2
4205,2,3;3;3;3;3
4210,3,2;2;2;2;2
4215,2,3;3;3;3;3
4220,3,2;2;2;2;2
4225,2,3;3;3;3;3
4230,3,2;2;2;2;2
4235,2,3;3;3;3;3
4240,2,2;2;2;2;2
4245,2,2;2;2;2;2
4250,4,2;2;2;2;2
4255,2,4;4;4;4;4
4260,2,2;2;2;2;2
4265,3,2;2;2;2;2
4270,2,3;3;3;3;3
4275,2,2;2;2;2;2
4280,2,2;2;2;2;2
4285,1,2;2;2;2;2
4290,2,1;1;1;1;1
4295,2,2;2;2;2;2
4300,2,2;2;2;2;2
4305,2,2;2;2;2;2
4310,2,2;2;2;2;2
4315,2,2;2;2;2;2
4320,2,2;2;2;2;2
4325,2,2;2;2;2;2
4330,2,2;2;2;2;2
4335,2,2;2;2;2;2
4340,1,2;2;2;2;2
4345,2,1;1;1;1;1
4350,2,2;2;2;2;2
4355,2,2;2;2;2;2
4360,2,2;2;2;2;2
4365,2,2;2;2;2;2
4370,1,2;2;2;2;2
4375,1,1;1;1;1;1
4380,1,1;1;1;1;1
4385,2,1;1;1;1;1
4390,2,2;2;2;2;2
4395,1,2;2;2;2;2
4400,2,1;1;1;1;1
4405,2,2;2;2;2;2
4410,2,2;2;2;2;2
4415,2,2;2;2;2;2
4420,2,2;2;2;2;2
4425,2,2;2;2;2;2
4430,1,2;2;2;2;2
4435,2,1;1;1;1;1
4440,1,2;2;2;2;2
4445,2,1;1;1;1;1
4450,2,2;2;2;2;2
4455,1,2;2;2;2;2
4460,2,1;1;1;1;1
4465,2,2;2;2;2;2
4470,2,2;2;2;2;2
4475,1,2;2;2;2;2
4480,1,1;1;1;1;1
4485,1,1;1;1;1;1
4490,1,1;1;1;1;1
4495,1,1;1;1;1;1
4500,2,1;1;1;1;1
4505,1,2;2;2;2;2
4510,1,1;1;1;1;1
4515,1,1;1;1;1;1
4520,1,1;1;1;1;1
4525,2,1;1;1;1;1
4530,2,2;2;2;2;2
4535,2,2;2;2;2;2
4540,2,2;2;2;2;2
4545,2,2;2;2;2;2
4550,2,2;2;2;2;2
4555,2,2;2;2;2;2
4560,2,2;2;2;2;2
4565,2,2;2;2;2;2
4570,2,2;2;2;2;2
4575,2,2;2;2;2;2
4580,1,2;2;2;2;2
4585,2,1;1;1;1;1
4590,2,2;2;2;2;2
4595,2,2;2;2;2;2
4600,2,2;2;2;2;2
4605,1,2;2;2;2;2
4610,2,1;1;1;1;1
4615,2,2;2;2;2;2
4620,2,2;2;2;2;2
4625,1,2;2;2;2;2
4630,2,1;1;1;1;1
4635,2,2;2;2;2;2
4640,2,2;2;2;2;2
4645,2,2;2;2;2;2
4650,2,2;2;2;2;2
4655,2,2;2;2;2;2
4660,2,2;2;2;2;2
4665,2,2;2;2;2;2
4670,2,2;2;2;2;2
4675,2,2;2;2;2;2
4680,2,2;2;2;2;2
4685,2,2;2;2;2;2
4690,2,2;2;2;2;2
4695,2,2;2;2;2;2
4700,2,2;2;2;2;2
4705,2,2;2;2;2;2
4710,2,2;2;2;2;2
4715,2,2;2;2;2;2
4720,2,2;2;2;2;2
4725,2,2;2;2;2;2
4730,2,2;2;2;2;2
4735,2,2;2;2;2;2
4740,2,2;2;2;2;2
4745,2,2;2;2;2;2
4750,2,2;2;2;2;2
4755,2,2;2;2;2;2
4760,2,2;2;2;2;2
4765,2,2;2;2;2;2
4770,2,2;2;2;2;2
4775,2,2;2;2;2;2
4780,2,2;2;2;2;2
4785,2,2;2;2;2;2
4790,2,2;2;2;2;2
4795,2,2;2;2;2;2
4800,2,2;2;2;2;2
4805,2,2;2;2;2;2
4810,2,2;2;2;2;2
4815,2,2;2;2;2;2
4820,2,2;2;2;2;2
4825,2,2;2;2;2;2
4830,2,2;2;2;2;2
4835,2,2;2;2;2;2
4840,2,2;2;2;2;2
4845,2,2;2;2;2;2
4850,2,2;2;2;2;2
4855,2,2;2;2;2;2
4860,2,2;2;2;2;2
4865,2,2;2;2;2;2
4870,2,2;2;2;2;2
4875,2,2;2;2;2;2
4880,2,2;2;2;2;2
4885,2,2;2;2;2;2
4890,2,2;2;2;2;2
4895,2,2;2;2;2;2
4900,2,2;2;2;2;2
4905,2,2;2;2;2;2
4910,2,2;2;2;2;2
4915,2,2;2;2;2;2
4920,2,2;2;2;2;2
4925,2,2;2;2;2;2
4930,2,2;2;2;2;2
4935,2,2;2;2;2;2
4940,2,2;2;2;2;2
4945,2,2;2;2;2;2
4950,2,2;2;2;2;2
4955,2,2;2;2;2;2
4960,2,2;2;2;2;2
4965,2,2;2;2;2;2
4970,2,2;2;2;2;2
4975,2,2;2;2;2;2
4980,2,2;2;2;2;2
4985,2,2;2;2;2;2
4990,2,2;2;2;2;2
4995,2,2;2;2;2;2
5000,2,2;2;2;2;2
5005,2,2;2;2;2;2
5010,2,2;2;2;2;2
5015,2,2;2;2;2;2
5020,2,2;2;2;2;2
5025,2,2;2;2;2;2
5030,2,2;2;2;2;2
5035,2,2;2;2;2;2
5040,2,2;2;2;2;2
5045,2,2;2;2;2;2
5050,2,2;2;2;2;2
5055,2,2;2;2;2;2
5060,2,2;2;2;2;2
5065,2,2;2;2;2;2
5070,2,2;2;2;2;2
5075,2,2;2;2;2;2
5080,2,2;2;2;2;2
5085,2,2;2;2;2;2
5090,2,2;2;2;2;2
5095,2,2;2;2;2;2
5100,2,2;2;2;2;2
5105,2,2;2;2;2;2
5110,2,2;2;2;2;2
5115,2,2;2;2;2;2
5120,2,2;2;2;2;2
5125,2,2;2;2;2;2
5130,2,2;2;2;2;2
5135,2,2;2;2;2;2
5140,2,2;2;2;2;2
5145,2,2;2;2;2;2
5150,2,2;2;2;2;2
5155,2,2;2;2;2;2
5160,2,2;2;2;2;2
5165,2,2;2;2;2;2
5170,2,2;2;2;2;2
5175,2,2;2;2;2;2
5180,2,2;2;2;2;2
5185,2,2;2;2;2;2
5190,2,2;2;2;2;2
5195,2,2;2;2;2;2
5200,2,2;2;2;2;2
5205,2,2;2;2;2;2
5210,2,2;2;2;2;2
5215,2,2;2;2;2;2
5220,2,2;2;2;2;2
5225,2,2;2;2;2;2
5230,2,2;2;2;2;2
5235,2,2;2;2;2;2
5240,2,2;2;2;2;2
5245,2,2;2;2;2;2
5250,2,2;2;2;2;2
5255,2,2;2;2;2;2
5260,2,2;2;2;2;2
5265,2,2;2;2;2;2
5270,2,2;2;2;2;2
5275,2,2;2;2;2;2
5280,2,2;2;2;2;2
5285,2,2;2;2;2;2
5290,2,2;2;2;2;2
5295,2,2;2;2;2;2
5300,2,2;2;2;2;2
5305,2,2;2;2;2;2
5310,2,2;2;2;2;2
5315,2,2;2;2;2;2
5320,2,2;2;2;2;2
5325,2,2;2;2;2;2
5330,2,2;2;2;2;2
5335,2,2;2;2;2;2
5340,2,2;2;2;2;2
5345,2,2;2;2;2;2
5350,2,2;2;2;2;2
5355,2,2;2;2;2;2
5360,2,2;2;2;2;2
5365,2,2;2;2;2;2
5370,2,2;2;2;2;2
5375,2,2;2;2;2;2
5380,2,2;2;2;2;2
5385,2,2;2;2;2;2
5390,2,2;2;2;2;2
5395,2,2;2;2;2;2
5400,2,2;2;2;2;2
5405,2,2;2;2;2;2
5410,2,2;2;2;2;2
5415,2,2;2;2;2;2
5420,2,2;2;2;2;2
5425,2,2;2;2;2;2
5430,2,2;2;2;2;2
5435,2,2;2;2;2;2
5440,2,2;2;2;2;2
5445,2,2;2;2;2;2
5450,2,2;2;2;2;2
5455,2,2;2;2;2;2
5460,2,2;2;2;2;2
5465,2,2;2;2;2;2
5470,2,2;2;2;2;2
5475,2,2;2;2;2;2
5480,2,2;2;2;2;2
5485,2,2;2;2;2;2
5490,2,2;2;2;2;2
5495,2,2;2;2;2;2
5500,2,2;2;2;2;2
5505,2,2;2;2;2;2
5510,2,2;2;2;2;2
5515,2,2;2;2;2;2
5520,2,2;2;2;2;2
5525,2,2;2;2;2;2
5530,2,2;2;2;2;2
5535,2,2;2;2;2;2
5540,2,2;2;2;2;2
5545,2,2;2;2;2;2
5550,2,2;2;2;2;2
5555,2,2;2;2;2;2
5560,2,2;2;2;2;2
5565,2,2;2;2;2;2
5570,2,2;2;2;2;2
5575,2,2;2;2;2;2
5580,2,2;2;2;2;2
5585,2,2;2;2;2;2
5590,2,2;2;2;2;2
5595,2,2;2;2;2;2
5600,2,2;2;2;2;2
5605,2,2;2;2;2;2
5610,2,2;2;2;2;2
5615,2,2;2;2;2;2
5620,2,2;2;2;2;2
5625,2,2;2;2;2;2
5630,2,2;2;2;2;2
5635,2,2;2;2;2;2
5640,2,2;2;2;2;2
5645,2,2;2;2;2;2
5650,2,2;2;2;2;2
5655,2,2;2;2;2;2
5660,2,2;2;2;2;2
5665,2,2;2;2;2;2
5670,2,2;2;2;2;2
5675,2,2;2;2;2;2
5680,2,2;2;2;2;2
5685,2,2;2;2;2;2
5690,2,2;2;2;2;2
5695,2,2;2;2;2;2
5700,2,2;2;2;2;2
5705,2,2;2;2;2;2
5710,2,2;2;2;2;2
5715,2,2;2;2;2;2
5720,2,2;2;2;2;2
5725,2,2;2;2;2;2
5730,2,2;2;2;2;2
5735,2,2;2;2;2;2
5740,2,2;2;2;2;2
5745,2,2;2;2;2;2
5750,2,2;2;2;2;2
5755,2,2;2;2;2;2
5760,2,2;2;2;2;2
5765,2,2;2;2;2;2
5770,2,2;2;2;2;2
5775,2,2;2;2;2;2
5780,2,2;2;2;2;2
5785,2,2;2;2;2;2
5790,2,2;2;2;2;2
5795,2,2;2;2;2;2
5800,2,2;2;2;2;2
5805,2,2;2;2;2;2
5810,2,2;2;2;2;2
5815,2,2;2;2;2;2
5820,2,2;2;2;2;2
5825,2,2;2;2;2;2
5830,2,2;2;2;2;2
5835,2,2;2;2;2;2
5840,2,2;2;2;2;2
5845,2,2;2;2;2;2
5850,2,2;2;2;2;2
5855,2,2;2;2;2;2
5860,2,2;2;2;2;2
5865,2,2;2;2;2;2
5870,2,2;2;2;2;2
5875,2,2;2;2;2;2
5880,2,2;2;2;2;2
5885,2,2;2;2;2;2
5890,2,2;2;2;2;2
5895,2,2;2;2;2;2
5900,2,2;2;2;2;2
5905,2,2;2;2;2;2
5910,2,2;2;2;2;2
5915,2,2;2;2;2;2
5920,2,2;2;2;2;2
5925,2,2;2;2;2;2
5930,2,2;2;2;2;2
5935,2,2;2;2;2;2
5940,2,2;2;2;2;2
5945,2,2;2;2;2;2
5950,2,2;2;2;2;2
5955,2,2;2;2;2;2
5960,2,2;2;2;2;2
5965,2,2;2;2;2;2
5970,2,2;2;2;2;2
5975,2,2;2;2;2;2
5980,2,2;2;2;2;2
5985,2,2;2;2;2;2
5990,2,2;2;2;2;2
5995,2,2;2;2;2;2
6000,2,2;2;2;2;2
6005,2,2;2;2;2;2
6010,2,2;2;2;2;2
6015,2,2;2;2;2;2
6020,2,2;2;2;2;2
6025,2,2;2;2;2;2
6030,2,2;2;2;2;2
6035,2,2;2;2;2;2
6040,2,2;2;2;2;2
6045,2,2;2;2;2;2
6050,2,2;2;2;2;2
6055,2,2;2;2;2;2
6060,2,2;2;2;2;2
6065,2,2;2;2;2;2
6070,2,2;2;2;2;2
6075,2,2;2;2;2;2
6080,2,2;2;2;2;2
6085,2,2;2;2;2;2
6090,2,2;2;2;2;2
6095,2,2;2;2;2;2
6100,2,2;2;2;2;2
6105,2,2;2;2;2;2
6110,2,2;2;2;2;2
6115,2,2;2;2;2;2
6120,2,2;2;2;2;2
6125,2,2;2;2;2;2
6130,2,2;2;2;2;2
6135,2,2;2;2;2;2
6140,2,2;2;2;2;2
6145,2,2;2;2;2;2
6150,2,2;2;2;2;2
6155,2,2;2;2;2;2
6160,2,2;2;2;2;2
6165,2,2;2;2;2;2
6170,2,2;2;2;2;2
6175,2,2;2;2;2;2
6180,2,2;2;2;2;2
6185,2,2;2;2;2;2
6190,2,2;2;2;2;2
6195,2,2;2;2;2;2
6200,2,2;2;2;2;2
6205,2,2;2;2;2;2
6210,2,2;2;2;2;2
6215,2,2;2;2;2;2
6220,2,2;2;2;2;2
6225,2,2;2;2;2;2
6230,2,2;2;2;2;2
6235,2,2;2;2;2;2
6240,2,2;2;2;2;2
6245,2,2;2;2;2;2
6250,2,2;2;2;2;2
6255,2,2;2;2;2;2
6260,2,2;2;2;2;2
6265,2,2;2;2;2;2
6270,2,2;2;2;2;2
6275,2,2;2;2;2;2
6280,2,2;2;2;2;2
6285,2,2;2;2;2;2
6290,2,2;2;2;2;2
6295,2,2;2;2;2;2
6300,2,2;2;2;2;2
6305,2,2;2;2;2;2
6310,2,2;2;2;2;2
6315,2,2;2;2;2;2
6320,2,2;2;2;2;2
6325,2,2;2;2;2;2
6330,2,2;2;2;2;2
6335,2,2;2;2;2;2
6340,2,2;2;2;2;2
6345,2,2;2;2;2;2
6350,2,2;2;2;2;2
6355,2,2;2;2;2;2
6360,2,2;2;2;2;2
6365,2,2;2;2;2;2
6370,2,2;2;2;2;2
6375,2,2;2;2;2;2
6380,2,2;2;2;2;2
6385,2,2;2;2;2;2
6390,2,2;2;2;2;2
6395,2,2;2;2;2;2
6400,2,2;2;2;2;2
6405,2,2;2;2;2;2
6410,2,2;2;2;2;2
6415,2,2;2;2;2;2
6420,2,2;2;2;2;2
6425,2,2;2;2;2;2
6430,2,2;2;2;2;2
6435,2,2;2;2;2;2
6440,2,2;2;2;2;2
6445,2,2;2;2;2;2
6450,2,2;2;2;2;2
6455,2,2;2;2;2;2
6460,2,2;2;2;2;2
6465,2,2;2;2;2;2
6470,2,2;2;2;2;2
6475,2,2;2;2;2;2
6480,2,2;2;2;2;2
6485,2,2;2;2;2;2
6490,2,2;2;2;2;2
6495,2,2;2;2;2;2
6500,2,2;2;2;2;2
6505,2,2;2;2;2;2
6510,2,2;2;2;2;2
6515,2,2;2;2;2;2
6520,2,2;2;2;2;2
6525,2,2;2;2;2;2
6530,2,2;2;2;2;2
6535,2,2;2;2;2;2
6540,2,2;2;2;2;2
6545,2,2;2;2;2;2
6550,2,2;2;2;2;2
6555,2,2;2;2;2;2
6560,2,2;2;2;2;2
6565,2,2;2;2;2;2
6570,2,2;2;2;2;2
6575,2,2;2;2;2;2
6580,2,2;2;2;2;2
6585,2,2;2;2;2;2
6590,2,2;2;2;2;2
6595,2,2;2;2;2;2
6600,2,2;2;2;2;2
6605,2,2;2;2;2;2
6610,2,2;2;2;2;2
6615,2,2;2;2;2;2
6620,2,2;2;2;2;2
6625,2,2;2;2;2;2
6630,2,2;2;2;2;2
6635,2,2;2;2;2;2
6640,2,2;2;2;2;2
6645,2,2;2;2;2;2
6650,2,2;2;2;2;2
6655,2,2;2;2;2;2
6660,2,2;2;2;2;2
6665,2,2;2;2;2;2
6670,2,2;2;2;2;2
6675,2,2;2;2;2;2
6680,2,2;2;2;2;2
6685,2,2;2;2;2;2
6690,2,2;2;2;2;2
6695,2,2;2;2;2;2
6700,2,2;2;2;2;2
6705,2,2;2;2;2;2
6710,2,2;2;2;2;2
6715,2,2;2;2;2;2
6720,2,2;2;2;2;2
6725,2,2;2;2;2;2
6730,2,2;2;2;2;2
6735,2,2;2;2;2;2
6740,2,2;2;2;2;2
6745,2,2;2;2;2;2
6750,2,2;2;2;2;2
6755,2,2;2;2;2;2
6760,2,2;2;2;2;2
6765,2,2;2;2;2;2
6770,2,2;2;2;2;2
6775,2,2;2;2;2;2
