Time,Commitment,Opinion
0,3,3
5,2,3;3;3;3;3
10,3,2;2;2;2;2
15,3,3;3;3;3;3
20,3,3;3;3;3;3
25,3,3;3;3;3;3
30,1,3;3;3;3;3
35,2,1;1;1;1;1
40,3,2;2;2;2;2
45,1,3;3;3;3;3
50,1,1;1;1;1;1
55,3,1;1;1;1;1
60,3,3;3;3;3;3
65,4,3;3;3;3;3
70,3,4;4;4;4;4
75,3,3;3;3;3;3
80,3,3;3;3;3;3
85,1,3;3;3;3;3
90,3,1;1;1;1;1
95,2,3;3;3;3;3
100,3,2;2;2;2;2
105,1,3;3;3;3;3
110,1,1;1;1;1;1
115,1,1;1;1;1;1
120,3,1;1;1;1;1
125,2,3;3;3;3;3
130,2,2;2;2;2;2
135,3,2;2;2;2;2
140,4,3;3;3;3;3
145,2,4;4;4;4;4
150,2,2;2;2;2;2
155,2,2;2;2;2;2
160,2,2;2;2;2;2
165,2,2;2;2;2;2
170,2,2;2;2;2;2
175,3,2;2;2;2;2
180,3,3;3;3;3;3
185,2,3;3;3;3;3
190,1,2;2;2;2;2
195,3,1;1;1;1;1
200,3,3;3;3;3;3
205,4,3;3;3;3;3
210,3,4;4;4;4;4
215,3,3;3;3;3;3
220,4,3;3;3;3;3
225,1,4;4;4;4;4
230,1,1;1;1;1;1
235,2,1;1;1;1;1
240,3,2;2;2;2;2
245,1,3;3;3;3;3
250,3,1;1;1;1;1
255,1,3;3;3;3;3
260,2,1;1;1;1;1
265,2,2;2;2;2;2
270,2,2;2;2;2;2
275,2,2;2;2;2;2
280,1,2;2;2;2;2
285,4,1;1;1;1;1
290,4,4;4;4;4;4
295,2,4;4;4;4;4
300,2,2;2;2;2;2
305,4,2;2;2;2;2
310,1,4;4;4;4;4
315,1,1;1;1;1;1
320,3,1;1;1;1;1
325,1,3;3;3;3;3
330,1,1;1;1;1;1
335,1,1;1;1;1;1
340,1,1;1;1;1;1
345,1,1;1;1;1;1
350,1,1;1;1;1;1
355,2,1;1;1;1;1
360,2,2;2;2;2;2
365,2,2;2;2;2;2
370,3,2;2;2;2;2
375,1,3;3;3;3;3
380,2,1;1;1;1;1
385,2,2;2;2;2;2
390,2,2;2;2;2;2
395,2,2;2;2;2;2
400,2,2;2;2;2;2
405,1,2;2;2;2;2
410,2,1;1;1;1;1
415,2,2;2;2;2;2
420,2,2;2;2;2;2
425,1,2;2;2;2;2
430,1,1;1;1;1;1
435,3,1;1;1;1;1
440,3,3;3;3;3;3
445,1,3;3;3;3;3
450,2,1;1;1;1;1
455,1,2;2;2;2;2
460,2,1;1;1;1;1
465,2,2;2;2;2;2
470,2,2;2;2;2;2
475,2,2;2;2;2;2
480,2,2;2;2;2;2
485,2,2;2;2;2;2
490,1,2;2;2;2;2
495,2,1;1;1;1;1
500,2,2;2;2;2;2
505,2,2;2;2;2;2
510,1,2;2;2;2;2
515,2,1;1;1;1;1
520,2,2;2;2;2;2
525,2,2;2;2;2;2
530,1,2;2;2;2;2
535,2,1;1;1;1;1
540,3,2;2;2;2;2
545,2,3;3;3;3;3
550,2,2;2;2;2;2
555,2,2;2;2;2;2
560,1,2;2;2;2;2
565,3,1;1;1;1;1
570,3,3;3;3;3;3
575,3,3;3;3;3;3
580,1,3;3;3;3;3
585,4,1;1;1;1;1
590,3,4;4;4;4;4
595,2,3;3;3;3;3
600,1,2;2;2;2;2
605,3,1;1;1;1;1
610,1,3;3;3;3;3
615,1,1;1;1;1;1
620,1,1;1;1;1;1
625,1,1;1;1;1;1
630,1,1;1;1;1;1
635,1,1;1;1;1;1
640,2,1;1;1;1;1
645,1,2;2;2;2;2
650,1,1;1;1;1;1
655,1,1;1;1;1;1
660,2,1;1;1;1;1
665,1,2;2;2;2;2
670,2,1;1;1;1;1
675,1,2;2;2;2;2
680,2,1;1;1;1;1
685,2,2;2;2;2;2
690,1,2;2;2;2;2
695,1,1;1;1;1;1
700,2,1;1;1;1;1
705,2,2;2;2;2;2
710,2,2;2;2;2;2
715,2,2;2;2;2;2
720,2,2;2;2;2;2
725,1,2;2;2;2;2
730,3,1;1;1;1;1
735,3,3;3;3;3;3
740,2,3;3;3;3;3
745,3,2;2;2;2;2
750,3,3;3;3;3;3
755,3,3;3;3;3;3
760,3,3;3;3;3;3
765,4,3;3;3;3;3
770,3,4;4;4;4;4
775,3,3;3;3;3;3
780,2,3;3;3;3;3
785,3,2;2;2;2;2
790,3,3;3;3;3;3
795,4,3;3;3;3;3
800,3,4;4;4;4;4
805,4,3;3;3;3;3
810,4,4;4;4;4;4
815,3,4;4;4;4;4
820,4,3;3;3;3;3
825,2,4;4;4;4;4
830,3,2;2;2;2;2
835,3,3;3;3;3;3
840,3,3;3;3;3;3
845,3,3;3;3;3;3
850,3,3;3;3;3;3
855,3,3;3;3;3;3
860,3,3;3;3;3;3
865,3,3;3;3;3;3
870,4,3;3;3;3;3
875,3,4;4;4;4;4
880,4,3;3;3;3;3
885,3,4;4;4;4;4
890,4,3;3;3;3;3
895,3,4;4;4;4;4
900,2,3;3;3;3;3
905,2,2;2;2;2;2
910,3,2;2;2;2;2
915,3,3;3;3;3;3
920,4,3;3;3;3;3
925,2,4;4;4;4;4
930,2,2;2;2;2;2
935,1,2;2;2;2;2
940,2,1;1;1;1;1
945,3,2;2;2;2;2
950,2,3;3;3;3;3
955,2,2;2;2;2;2
960,2,2;2;2;2;2
965,3,2;2;2;2;2
970,3,3;3;3;3;3
975,3,3;3;3;3;3
980,3,3;3;3;3;3
985,3,3;3;3;3;3
990,2,3;3;3;3;3
995,3,2;2;2;2;2
1000,3,3;3;3;3;3
1005,2,3;3;3;3;3
1010,3,2;2;2;2;2
1015,3,3;3;3;3;3
1020,3,3;3;3;3;3
1025,3,3;3;3;3;3
1030,3,3;3;3;3;3
1035,2,3;3;3;3;3
1040,2,2;2;2;2;2
1045,3,2;2;2;2;2
1050,3,3;3;3;3;3
1055,3,3;3;3;3;3
1060,3,3;3;3;3;3
1065,3,3;3;3;3;3
1070,3,3;3;3;3;3
1075,3,3;3;3;3;3
1080,2,3;3;3;3;3
1085,3,2;2;2;2;2
1090,3,3;3;3;3;3
1095,3,3;3;3;3;3
1100,3,3;3;3;3;3
1105,2,3;3;3;3;3
1110,2,2;2;2;2;2
1115,2,2;2;2;2;2
1120,2,2;2;2;2;2
1125,3,2;2;2;2;2
1130,2,3;3;3;3;3
1135,3,2;2;2;2;2
1140,3,3;3;3;3;3
1145,3,3;3;3;3;3
1150,3,3;3;3;3;3
1155,3,3;3;3;3;3
1160,3,3;3;3;3;3
1165,3,3;3;3;3;3
1170,3,3;3;3;3;3
1175,3,3;3;3;3;3
1180,2,3;3;3;3;3
1185,3,2;2;2;2;2
1190,3,3;3;3;3;3
1195,2,3;3;3;3;3
1200,2,2;2;2;2;2
1205,2,2;2;2;2;2
1210,2,2;2;2;2;2
1215,3,2;2;2;2;2
1220,2,3;3;3;3;3
1225,3,2;2;2;2;2
1230,3,3;3;3;3;3
1235,3,3;3;3;3;3
1240,3,3;3;3;3;3
1245,2,3;3;3;3;3
1250,2,2;2;2;2;2
1255,2,2;2;2;2;2
1260,2,2;2;2;2;2
1265,2,2;2;2;2;2
1270,2,2;2;2;2;2
1275,2,2;2;2;2;2
1280,3,2;2;2;2;2
1285,2,3;3;3;3;3
1290,3,2;2;2;2;2
1295,2,3;3;3;3;3
1300,2,2;2;2;2;2
1305,3,2;2;2;2;2
1310,2,3;3;3;3;3
1315,2,2;2;2;2;2
1320,3,2;2;2;2;2
1325,2,3;3;3;3;3
1330,3,2;2;2;2;2
1335,2,3;3;3;3;3
1340,3,2;2;2;2;2
1345,2,3;3;3;3;3
1350,3,2;2;2;2;2
1355,3,3;3;3;3;3
1360,3,3;3;3;3;3
1365,3,3;3;3;3;3
1370,3,3;3;3;3;3
1375,3,3;3;3;3;3
1380,3,3;3;3;3;3
1385,2,3;3;3;3;3
1390,3,2;2;2;2;2
1395,3,3;3;3;3;3
1400,3,3;3;3;3;3
1405,3,3;3;3;3;3
1410,3,3;3;3;3;3
1415,3,3;3;3;3;3
1420,3,3;3;3;3;3
1425,3,3;3;3;3;3
1430,3,3;3;3;3;3
1435,3,3;3;3;3;3
1440,3,3;3;3;3;3
1445,2,3;3;3;3;3
1450,2,2;2;2;2;2
1455,2,2;2;2;2;2
1460,3,2;2;2;2;2
1465,3,3;3;3;3;3
1470,2,3;3;3;3;3
1475,3,2;2;2;2;2
1480,3,3;3;3;3;3
1485,3,3;3;3;3;3
1490,2,3;3;3;3;3
1495,3,2;2;2;2;2
1500,3,3;3;3;3;3
1505,3,3;3;3;3;3
1510,3,3;3;3;3;3
1515,3,3;3;3;3;3
1520,2,3;3;3;3;3
1525,3,2;2;2;2;2
1530,3,3;3;3;3;3
1535,3,3;3;3;3;3
1540,3,3;3;3;3;3
1545,3,3;3;3;3;3
1550,2,3;3;3;3;3
1555,3,2;2;2;2;2
1560,2,3;3;3;3;3
1565,2,2;2;2;2;2
1570,2,2;2;2;2;2
1575,2,2;2;2;2;2
1580,2,2;2;2;2;2
1585,2,2;2;2;2;2
1590,3,2;2;2;2;2
1595,3,3;3;3;3;3
1600,3,3;3;3;3;3
1605,2,3;3;3;3;3
1610,3,2;2;2;2;2
1615,2,3;3;3;3;3
1620,3,2;2;2;2;2
1625,3,3;3;3;3;3
1630,3,3;3;3;3;3
1635,3,3;3;3;3;3
1640,3,3;3;3;3;3
1645,3,3;3;3;3;3
1650,2,3;3;3;3;3
1655,2,2;2;2;2;2
1660,2,2;2;2;2;2
1665,3,2;2;2;2;2
1670,2,3;3;3;3;3
1675,3,2;2;2;2;2
1680,3,3;3;3;3;3
1685,2,3;3;3;3;3
1690,2,2;2;2;2;2
1695,2,2;2;2;2;2
1700,3,2;2;2;2;2
1705,2,3;3;3;3;3
1710,3,2;2;2;2;2
1715,3,3;3;3;3;3
1720,2,3;3;3;3;3
1725,2,2;2;2;2;2
1730,3,2;2;2;2;2
1735,2,3;3;3;3;3
1740,2,2;2;2;2;2
1745,2,2;2;2;2;2
1750,2,2;2;2;2;2
1755,2,2;2;2;2;2
1760,2,2;2;2;2;2
1765,2,2;2;2;2;2
1770,2,2;2;2;2;2
1775,2,2;2;2;2;2
1780,2,2;2;2;2;2
1785,2,2;2;2;2;2
1790,2,2;2;2;2;2
1795,3,2;2;2;2;2
1800,2,3;3;3;3;3
1805,2,2;2;2;2;2
1810,2,2;2;2;2;2
1815,2,2;2;2;2;2
1820,2,2;2;2;2;2
1825,2,2;2;2;2;2
1830,3,2;2;2;2;2
1835,3,3;3;3;3;3
1840,2,3;3;3;3;3
1845,2,2;2;2;2;2
1850,2,2;2;2;2;2
1855,2,2;2;2;2;2
1860,2,2;2;2;2;2
1865,2,2;2;2;2;2
1870,2,2;2;2;2;2
1875,3,2;2;2;2;2
1880,3,3;3;3;3;3
1885,3,3;3;3;3;3
1890,2,3;3;3;3;3
1895,3,2;2;2;2;2
1900,3,3;3;3;3;3
1905,2,3;3;3;3;3
1910,3,2;2;2;2;2
1915,2,3;3;3;3;3
1920,2,2;2;2;2;2
1925,2,2;2;2;2;2
1930,2,2;2;2;2;2
1935,3,2;2;2;2;2
1940,3,3;3;3;3;3
1945,2,3;3;3;3;3
1950,3,2;2;2;2;2
1955,3,3;3;3;3;3
1960,2,3;3;3;3;3
1965,3,2;2;2;2;2
1970,3,3;3;3;3;3
1975,2,3;3;3;3;3
1980,2,2;2;2;2;2
1985,2,2;2;2;2;2
1990,2,2;2;2;2;2
1995,3,2;2;2;2;2
2000,3,3;3;3;3;3
2005,3,3;3;3;3;3
2010,3,3;3;3;3;3
2015,3,3;3;3;3;3
2020,2,3;3;3;3;3
2025,2,2;2;2;2;2
2030,3,2;2;2;2;2
2035,2,3;3;3;3;3
2040,2,2;2;2;2;2
2045,2,2;2;2;2;2
2050,2,2;2;2;2;2
2055,3,2;2;2;2;2
2060,3,3;3;3;3;3
2065,2,3;3;3;3;3
2070,3,2;2;2;2;2
2075,2,3;3;3;3;3
2080,2,2;2;2;2;2
2085,2,2;2;2;2;2
2090,2,2;2;2;2;2
2095,2,2;2;2;2;2
2100,2,2;2;2;2;2
2105,2,2;2;2;2;2
2110,2,2;2;2;2;2
2115,2,2;2;2;2;2
2120,2,2;2;2;2;2
2125,2,2;2;2;2;2
2130,2,2;2;2;2;2
2135,2,2;2;2;2;2
2140,2,2;2;2;2;2
2145,2,2;2;2;2;2
2150,2,2;2;2;2;2
2155,3,2;2;2;2;2
2160,2,3;3;3;3;3
2165,2,2;2;2;2;2
2170,2,2;2;2;2;2
2175,3,2;2;2;2;2
2180,3,3;3;3;3;3
2185,3,3;3;3;3;3
2190,2,3;3;3;3;3
2195,3,2;2;2;2;2
2200,2,3;3;3;3;3
2205,2,2;2;2;2;2
2210,3,2;2;2;2;2
2215,3,3;3;3;3;3
2220,2,3;3;3;3;3
2225,3,2;2;2;2;2
2230,3,3;3;3;3;3
2235,2,3;3;3;3;3
2240,3,2;2;2;2;2
2245,2,3;3;3;3;3
2250,2,2;2;2;2;2
2255,3,2;2;2;2;2
2260,2,3;3;3;3;3
2265,2,2;2;2;2;2
2270,2,2;2;2;2;2
2275,2,2;2;2;2;2
2280,2,2;2;2;2;2
2285,2,2;2;2;2;2
2290,2,2;2;2;2;2
2295,3,2;2;2;2;2
2300,2,3;3;3;3;3
2305,2,2;2;2;2;2
2310,2,2;2;2;2;2
2315,3,2;2;2;2;2
2320,3,3;3;3;3;3
2325,2,3;3;3;3;3
2330,3,2;2;2;2;2
2335,3,3;3;3;3;3
2340,2,3;3;3;3;3
2345,3,2;2;2;2;2
2350,3,3;3;3;3;3
2355,3,3;3;3;3;3
2360,3,3;3;3;3;3
2365,3,3;3;3;3;3
2370,3,3;3;3;3;3
2375,3,3;3;3;3;3
2380,3,3;3;3;3;3
2385,3,3;3;3;3;3
2390,2,3;3;3;3;3
2395,3,2;2;2;2;2
2400,3,3;3;3;3;3
2405,2,3;3;3;3;3
2410,3,2;2;2;2;2
2415,2,3;3;3;3;3
2420,2,2;2;2;2;2
2425,3,2;2;2;2;2
2430,3,3;3;3;3;3
2435,3,3;3;3;3;3
2440,3,3;3;3;3;3
2445,2,3;3;3;3;3
2450,3,2;2;2;2;2
2455,3,3;3;3;3;3
2460,3,3;3;3;3;3
2465,3,3;3;3;3;3
2470,3,3;3;3;3;3
2475,3,3;3;3;3;3
2480,2,3;3;3;3;3
2485,3,2;2;2;2;2
2490,3,3;3;3;3;3
2495,3,3;3;3;3;3
2500,3,3;3;3;3;3
2505,3,3;3;3;3;3
2510,2,3;3;3;3;3
2515,3,2;2;2;2;2
2520,3,3;3;3;3;3
2525,2,3;3;3;3;3
2530,3,2;2;2;2;2
2535,2,3;3;3;3;3
2540,3,2;2;2;2;2
2545,3,3;3;3;3;3
2550,3,3;3;3;3;3
2555,2,3;3;3;3;3
2560,3,2;2;2;2;2
2565,2,3;3;3;3;3
2570,3,2;2;2;2;2
2575,2,3;3;3;3;3
2580,2,2;2;2;2;2
2585,2,2;2;2;2;2
2590,3,2;2;2;2;2
2595,2,3;3;3;3;3
2600,3,2;2;2;2;2
2605,2,3;3;3;3;3
2610,2,2;2;2;2;2
2615,3,2;2;2;2;2
2620,3,3;3;3;3;3
2625,3,3;3;3;3;3
2630,2,3;3;3;3;3
2635,3,2;2;2;2;2
2640,2,3;3;3;3;3
2645,3,2;2;2;2;2
2650,2,3;3;3;3;3
2655,3,2;2;2;2;2
2660,3,3;3;3;3;3
2665,3,3;3;3;3;3
2670,2,3;3;3;3;3
2675,3,2;2;2;2;2
2680,3,3;3;3;3;3
2685,2,3;3;3;3;3
2690,2,2;2;2;2;2
2695,2,2;2;2;2;2
2700,2,2;2;2;2;2
2705,2,2;2;2;2;2
2710,2,2;2;2;2;2
2715,2,2;2;2;2;2
2720,2,2;2;2;2;2
2725,3,2;2;2;2;2
2730,3,3;3;3;3;3
2735,3,3;3;3;3;3
2740,2,3;3;3;3;3
2745,3,2;2;2;2;2
2750,2,3;3;3;3;3
2755,2,2;2;2;2;2
2760,2,2;2;2;2;2
2765,2,2;2;2;2;2
2770,2,2;2;2;2;2
2775,3,2;2;2;2;2
2780,3,3;3;3;3;3
2785,3,3;3;3;3;3
2790,2,3;3;3;3;3
2795,3,2;2;2;2;2
2800,3,3;3;3;3;3
2805,3,3;3;3;3;3
2810,3,3;3;3;3;3
2815,3,3;3;3;3;3
2820,2,3;3;3;3;3
2825,3,2;2;2;2;2
2830,2,3;3;3;3;3
2835,2,2;2;2;2;2
2840,2,2;2;2;2;2
2845,2,2;2;2;2;2
2850,2,2;2;2;2;2
2855,2,2;2;2;2;2
2860,2,2;2;2;2;2
2865,2,2;2;2;2;2
2870,2,2;2;2;2;2
2875,2,2;2;2;2;2
2880,3,2;2;2;2;2
2885,2,3;3;3;3;3
2890,3,2;2;2;2;2
2895,2,3;3;3;3;3
2900,3,2;2;2;2;2
2905,3,3;3;3;3;3
2910,3,3;3;3;3;3
2915,3,3;3;3;3;3
2920,3,3;3;3;3;3
2925,2,3;3;3;3;3
2930,3,2;2;2;2;2
2935,3,3;3;3;3;3
2940,2,3;3;3;3;3
2945,2,2;2;2;2;2
2950,2,2;2;2;2;2
2955,2,2;2;2;2;2
2960,3,2;2;2;2;2
2965,2,3;3;3;3;3
2970,2,2;2;2;2;2
2975,2,2;2;2;2;2
2980,2,2;2;2;2;2
2985,3,2;2;2;2;2
2990,2,3;3;3;3;3
2995,2,2;2;2;2;2
3000,2,2;2;2;2;2
3005,2,2;2;2;2;2
3010,2,2;2;2;2;2
3015,2,2;2;2;2;2
3020,2,2;2;2;2;2
3025,2,2;2;2;2;2
3030,2,2;2;2;2;2
3035,2,2;2;2;2;2
3040,2,2;2;2;2;2
3045,2,2;2;2;2;2
3050,2,2;2;2;2;2
3055,2,2;2;2;2;2
3060,2,2;2;2;2;2
3065,3,2;2;2;2;2
3070,3,3;3;3;3;3
3075,2,3;3;3;3;3
3080,3,2;2;2;2;2
3085,3,3;3;3;3;3
3090,3,3;3;3;3;3
3095,2,3;3;3;3;3
3100,3,2;2;2;2;2
3105,2,3;3;3;3;3
3110,2,2;2;2;2;2
3115,2,2;2;2;2;2
3120,2,2;2;2;2;2
3125,2,2;2;2;2;2
3130,3,2;2;2;2;2
3135,2,3;3;3;3;3
3140,2,2;2;2;2;2
3145,2,2;2;2;2;2
3150,2,2;2;2;2;2
3155,2,2;2;2;2;2
3160,2,2;2;2;2;2
3165,2,2;2;2;2;2
3170,2,2;2;2;2;2
3175,2,2;2;2;2;2
3180,2,2;2;2;2;2
3185,2,2;2;2;2;2
3190,2,2;2;2;2;2
3195,2,2;2;2;2;2
3200,2,2;2;2;2;2
3205,2,2;2;2;2;2
3210,2,2;2;2;2;2
3215,2,2;2;2;2;2
3220,2,2;2;2;2;2
3225,2,2;2;2;2;2
3230,2,2;2;2;2;2
3235,2,2;2;2;2;2
3240,2,2;2;2;2;2
3245,2,2;2;2;2;2
3250,2,2;2;2;2;2
3255,2,2;2;2;2;2
3260,2,2;2;2;2;2
3265,2,2;2;2;2;2
3270,2,2;2;2;2;2
3275,2,2;2;2;2;2
3280,2,2;2;2;2;2
3285,2,2;2;2;2;2
3290,2,2;2;2;2;2
3295,2,2;2;2;2;2
3300,2,2;2;2;2;2
3305,2,2;2;2;2;2
3310,2,2;2;2;2;2
3315,2,2;2;2;2;2
3320,2,2;2;2;2;2
3325,2,2;2;2;2;2
3330,2,2;2;2;2;2
3335,2,2;2;2;2;2
3340,2,2;2;2;2;2
3345,2,2;2;2;2;2
3350,2,2;2;2;2;2
3355,2,2;2;2;2;2
3360,2,2;2;2;2;2
3365,2,2;2;2;2;2
3370,2,2;2;2;2;2
3375,2,2;2;2;2;2
3380,2,2;2;2;2;2
3385,2,2;2;2;2;2
3390,2,2;2;2;2;2
3395,2,2;2;2;2;2
3400,2,2;2;2;2;2
3405,2,2;2;2;2;2
3410,2,2;2;2;2;2
3415,2,2;2;2;2;2
3420,2,2;2;2;2;2
3425,2,2;2;2;2;2
3430,2,2;2;2;2;2
3435,2,2;2;2;2;2
3440,2,2;2;2;2;2
3445,2,2;2;2;2;2
3450,2,2;2;2;2;2
3455,2,2;2;2;2;2
3460,2,2;2;2;2;2
3465,2,2;2;2;2;2
3470,2,2;2;2;2;2
3475,2,2;2;2;2;2
3480,2,2;2;2;2;2
3485,2,2;2;2;2;2
3490,2,2;2;2;2;2
3495,2,2;2;2;2;2
3500,2,2;2;2;2;2
3505,2,2;2;2;2;2
3510,2,2;2;2;2;2
3515,2,2;2;2;2;2
3520,2,2;2;2;2;2
3525,2,2;2;2;2;2
3530,2,2;2;2;2;2
3535,2,2;2;2;2;2
3540,2,2;2;2;2;2
3545,2,2;2;2;2;2
3550,2,2;2;2;2;2
3555,2,2;2;2;2;2
3560,2,2;2;2;2;2
3565,2,2;2;2;2;2
3570,2,2;2;2;2;2
3575,2,2;2;2;2;2
3580,2,2;2;2;2;2
3585,2,2;2;2;2;2
3590,2,2;2;2;2;2
3595,2,2;2;2;2;2
3600,2,2;2;2;2;2
3605,2,2;2;2;2;2
3610,2,2;2;2;2;2
3615,2,2;2;2;2;2
3620,2,2;2;2;2;2
3625,2,2;2;2;2;2
3630,2,2;2;2;2;2
3635,2,2;2;2;2;2
3640,2,2;2;2;2;2
3645,2,2;2;2;2;2
3650,2,2;2;2;2;2
3655,2,2;2;2;2;2
3660,2,2;2;2;2;2
3665,2,2;2;2;2;2
3670,2,2;2;2;2;2
3675,2,2;2;2;2;2
3680,2,2;2;2;2;2
3685,2,2;2;2;2;2
3690,2,2;2;2;2;2
3695,2,2;2;2;2;2
3700,2,2;2;2;2;2
3705,2,2;2;2;2;2
3710,2,2;2;2;2;2
3715,2,2;2;2;2;2
3720,2,2;2;2;2;2
3725,2,2;2;2;2;2
3730,2,2;2;2;2;2
3735,2,2;2;2;2;2
3740,2,2;2;2;2;2
3745,2,2;2;2;2;2
3750,2,2;2;2;2;2
3755,2,2;2;2;2;2
3760,2,2;2;2;2;2
3765,2,2;2;2;2;2
3770,2,2;2;2;2;2
3775,2,2;2;2;2;2
3780,2,2;2;2;2;2
3785,2,2;2;2;2;2
3790,2,2;2;2;2;2
3795,2,2;2;2;2;2
3800,2,2;2;2;2;2
3805,2,2;2;2;2;2
3810,2,2;2;2;2;2
3815,2,2;2;2;2;2
3820,2,2;2;2;2;2
3825,2,2;2;2;2;2
3830,2,2;2;2;2;2
3835,2,2;2;2;2;2
3840,2,2;2;2;2;2
3845,2,2;2;2;2;2
3850,2,2;2;2;2;2
3855,2,2;2;2;2;2
3860,2,2;2;2;2;2
3865,2,2;2;2;2;2
3870,2,2;2;2;2;2
3875,2,2;2;2;2;2
3880,2,2;2;2;2;2
3885,2,2;2;2;2;2
3890,2,2;2;2;2;2
3895,2,2;2;2;2;2
3900,2,2;2;2;2;2
3905,2,2;2;2;2;2
3910,2,2;2;2;2;2
3915,2,2;2;2;2;2
3920,2,2;2;2;2;2
3925,2,2;2;2;2;2
3930,2,2;2;2;2;2
3935,2,2;2;2;2;2
3940,2,2;2;2;2;2
3945,2,2;2;2;2;2
3950,2,2;2;2;2;2
3955,2,2;2;2;2;2
3960,2,2;2;2;2;2
3965,2,2;2;2;2;2
3970,2,2;2;2;2;2
3975,2,2;2;2;2;2
3980,2,2;2;2;2;2
3985,2,2;2;2;2;2
3990,2,2;2;2;2;2
3995,2,2;2;2;2;2
4000,2,2;2;2;2;2
4005,2,2;2;2;2;2
4010,2,2;2;2;2;2
4015,2,2;2;2;2;2
4020,2,2;2;2;2;2
4025,2,2;2;2;2;2
4030,2,2;2;2;2;2
4035,2,2;2;2;2;2
4040,2,2;2;2;2;2
4045,2,2;2;2;2;2
4050,2,2;2;2;2;2
4055,2,2;2;2;2;2
4060,2,2;2;2;2;2
4065,2,2;2;2;2;2
4070,2,2;2;2;2;2
4075,2,2;2;2;2;2
4080,2,2;2;2;2;2
4085,2,2;2;2;2;2
4090,2,2;2;2;2;2
4095,2,2;2;2;2;2
4100,2,2;2;2;2;2
4105,2,2;2;2;2;2
4110,2,2;2;2;2;2
4115,2,2;2;2;2;2
4120,2,2;2;2;2;2
4125,2,2;2;2;2;2
4130,2,2;2;2;2;2
4135,2,2;2;2;2;2
4140,2,2;2;2;2;2
4145,2,2;2;2;2;2
4150,2,2;2;2;2;2
4155,2,2;2;2;2;2
4160,2,2;2;2;2;2
4165,2,2;2;2;2;2
4170,2,2;2;2;2;2
4175,2,2;2;2;2;2
4180,2,2;2;2;2;2
4185,2,2;2;2;2;2
4190,2,2;2;2;2;2
4195,2,2;2;2;2;2
4200,2,2;2;2;2;2
4205,2,2;2;2;2;2
4210,2,2;2;2;2;2
4215,2,2;2;2;2;2
4220,2,2;2;2;2;2
4225,2,2;2;2;2;2
4230,2,2;2;2;2;2
4235,2,2;2;2;2;2
4240,2,2;2;2;2;2
4245,2,2;2;2;2;2
4250,2,2;2;2;2;2
4255,2,2;2;2;2;2
4260,2,2;2;2;2;2
4265,2,2;2;2;2;2
4270,2,2;2;2;2;2
4275,2,2;2;2;2;2
4280,2,2;2;2;2;2
4285,2,2;2;2;2;2
4290,2,2;2;2;2;2
4295,2,2;2;2;2;2
4300,2,2;2;2;2;2
4305,2,2;2;2;2;2
4310,2,2;2;2;2;2
4315,2,2;2;2;2;2
4320,2,2;2;2;2;2
4325,2,2;2;2;2;2
4330,2,2;2;2;2;2
4335,2,2;2;2;2;2
4340,2,2;2;2;2;2
4345,2,2;2;2;2;2
4350,2,2;2;2;2;2
4355,2,2;2;2;2;2
4360,2,2;2;2;2;2
4365,2,2;2;2;2;2
4370,2,2;2;2;2;2
4375,2,2;2;2;2;2
4380,2,2;2;2;2;2
4385,2,2;2;2;2;2
4390,2,2;2;2;2;2
4395,2,2;2;2;2;2
4400,2,2;2;2;2;2
4405,2,2;2;2;2;2
4410,2,2;2;2;2;2
4415,2,2;2;2;2;2
4420,2,2;2;2;2;2
4425,2,2;2;2;2;2
4430,2,2;2;2;2;2
4435,2,2;2;2;2;2
4440,2,2;2;2;2;2
4445,2,2;2;2;2;2
4450,2,2;2;2;2;2
4455,2,2;2;2;2;2
4460,2,2;2;2;2;2
4465,2,2;2;2;2;2
4470,2,2;2;2;2;2
4475,2,2;2;2;2;2
4480,2,2;2;2;2;2
4485,2,2;2;2;2;2
4490,2,2;2;2;2;2
4495,2,2;2;2;2;2
4500,2,2;2;2;2;2
4505,2,2;2;2;2;2
4510,2,2;2;2;2;2
4515,2,2;2;2;2;2
4520,2,2;2;2;2;2
4525,2,2;2;2;2;2
4530,2,2;2;2;2;2
4535,2,2;2;2;2;2
4540,2,2;2;2;2;2
4545,2,2;2;2;2;2
4550,2,2;2;2;2;2
4555,2,2;2;2;2;2
4560,2,2;2;2;2;2
4565,2,2;2;2;2;2
4570,2,2;2;2;2;2
4575,2,2;2;2;2;2
4580,2,2;2;2;2;2
4585,2,2;2;2;2;2
4590,2,2;2;2;2;2
4595,2,2;2;2;2;2
4600,2,2;2;2;2;2
4605,2,2;2;2;2;2
4610,2,2;2;2;2;2
4615,2,2;2;2;2;2
4620,2,2;2;2;2;2
4625,2,2;2;2;2;2
4630,2,2;2;2;2;2
4635,2,2;2;2;2;2
4640,2,2;2;2;2;2
4645,2,2;2;2;2;2
4650,2,2;2;2;2;2
4655,2,2;2;2;2;2
4660,2,2;2;2;2;2
4665,2,2;2;2;2;2
4670,2,2;2;2;2;2
4675,2,2;2;2;2;2
4680,2,2;2;2;2;2
4685,2,2;2;2;2;2
4690,2,2;2;2;2;2
4695,2,2;2;2;2;2
4700,2,2;2;2;2;2
4705,2,2;2;2;2;2
4710,2,2;2;2;2;2
4715,2,2;2;2;2;2
4720,2,2;2;2;2;2
4725,2,2;2;2;2;2
4730,2,2;2;2;2;2
4735,2,2;2;2;2;2
4740,2,2;2;2;2;2
4745,2,2;2;2;2;2
4750,2,2;2;2;2;2
4755,2,2;2;2;2;2
4760,2,2;2;2;2;2
4765,2,2;2;2;2;2
4770,2,2;2;2;2;2
4775,2,2;2;2;2;2
4780,2,2;2;2;2;2
4785,2,2;2;2;2;2
4790,2,2;2;2;2;2
4795,2,2;2;2;2;2
4800,2,2;2;2;2;2
4805,2,2;2;2;2;2
4810,2,2;2;2;2;2
4815,2,2;2;2;2;2
4820,2,2;2;2;2;2
4825,2,2;2;2;2;2
4830,2,2;2;2;2;2
4835,2,2;2;2;2;2
4840,2,2;2;2;2;2
4845,2,2;2;2;2;2
4850,2,2;2;2;2;2
4855,2,2;2;2;2;2
4860,2,2;2;2;2;2
4865,2,2;2;2;2;2
4870,2,2;2;2;2;2
4875,2,2;2;2;2;2
4880,2,2;2;2;2;2
4885,2,2;2;2;2;2
4890,2,2;2;2;2;2
4895,2,2;2;2;2;2
4900,2,2;2;2;2;2
4905,2,2;2;2;2;2
4910,2,2;2;2;2;2
4915,2,2;2;2;2;2
4920,2,2;2;2;2;2
4925,2,2;2;2;2;2
4930,2,2;2;2;2;2
4935,2,2;2;2;2;2
4940,2,2;2;2;2;2
4945,2,2;2;2;2;2
4950,2,2;2;2;2;2
4955,2,2;2;2;2;2
4960,2,2;2;2;2;2
4965,2,2;2;2;2;2
4970,2,2;2;2;2;2
4975,2,2;2;2;2;2
4980,2,2;2;2;2;2
4985,2,2;2;2;2;2
4990,2,2;2;2;2;2
4995,2,2;2;2;2;2
5000,2,2;2;2;2;2
5005,2,2;2;2;2;2
5010,2,2;2;2;2;2
5015,2,2;2;2;2;2
5020,2,2;2;2;2;2
5025,2,2;2;2;2;2
5030,2,2;2;2;2;2
5035,2,2;2;2;2;2
5040,2,2;2;2;2;2
5045,2,2;2;2;2;2
5050,2,2;2;2;2;2
5055,2,2;2;2;2;2
5060,2,2;2;2;2;2
5065,2,2;2;2;2;2
5070,2,2;2;2;2;2
5075,2,2;2;2;2;2
5080,2,2;2;2;2;2
5085,2,2;2;2;2;2
5090,2,2;2;2;2;2
5095,2,2;2;2;2;2
5100,2,2;2;2;2;2
5105,2,2;2;2;2;2
5110,2,2;2;2;2;2
5115,2,2;2;2;2;2
5120,2,2;2;2;2;2
5125,2,2;2;2;2;2
5130,2,2;2;2;2;2
5135,2,2;2;2;2;2
5140,2,2;2;2;2;2
5145,2,2;2;2;2;2
5150,2,2;2;2;2;2
5155,2,2;2;2;2;2
5160,2,2;2;2;2;2
5165,2,2;2;2;2;2
5170,2,2;2;2;2;2
5175,2,2;2;2;2;2
5180,2,2;2;2;2;2
5185,2,2;2;2;2;2
5190,2,2;2;2;2;2
5195,2,2;2;2;2;2
5200,2,2;2;2;2;2
5205,2,2;2;2;2;2
5210,2,2;2;2;2;2
5215,2,2;2;2;2;2
5220,2,2;2;2;2;2
5225,2,2;2;2;2;2
5230,2,2;2;2;2;2
5235,2,2;2;2;2;2
5240,2,2;2;2;2;2
5245,2,2;2;2;2;2
5250,2,2;2;2;2;2
5255,2,2;2;2;2;2
5260,2,2;2;2;2;2
5265,2,2;2;2;2;2
5270,2,2;2;2;2;2
5275,2,2;2;2;2;2
5280,2,2;2;2;2;2
5285,2,2;2;2;2;2
5290,2,2;2;2;2;2
5295,2,2;2;2;2;2
5300,2,2;2;2;2;2
5305,2,2;2;2;2;2
5310,2,2;2;2;2;2
5315,2,2;2;2;2;2
5320,2,2;2;2;2;2
5325,2,2;2;2;2;2
5330,2,2;2;2;2;2
5335,2,2;2;2;2;2
5340,2,2;2;2;2;2
5345,2,2;2;2;2;2
5350,2,2;2;2;2;2
5355,2,2;2;2;2;2
5360,2,2;2;2;2;2
5365,2,2;2;2;2;2
5370,2,2;2;2;2;2
5375,2,2;2;2;2;2
5380,2,2;2;2;2;2
5385,2,2;2;2;2;2
5390,2,2;2;2;2;2
5395,2,2;2;2;2;2
5400,2,2;2;2;2;2
5405,2,2;2;2;2;2
5410,2,2;2;2;2;2
5415,2,2;2;2;2;2
5420,2,2;2;2;2;2
5425,2,2;2;2;2;2
5430,2,2;2;2;2;2
5435,2,2;2;2;2;2
5440,2,2;2;2;2;2
5445,2,2;2;2;2;2
5450,2,2;2;2;2;2
5455,2,2;2;2;2;2
5460,2,2;2;2;2;2
5465,2,2;2;2;2;2
5470,2,2;2;2;2;2
5475,2,2;2;2;2;2
5480,2,2;2;2;2;2
5485,2,2;2;2;2;2
5490,2,2;2;2;2;2
5495,2,2;2;2;2;2
5500,2,2;2;2;2;2
5505,2,2;2;2;2;2
5510,2,2;2;2;2;2
5515,2,2;2;2;2;2
5520,2,2;2;2;2;2
5525,2,2;2;2;2;2
5530,2,2;2;2;2;2
5535,2,2;2;2;2;2
5540,2,2;2;2;2;2
5545,2,2;2;2;2;2
5550,2,2;2;2;2;2
5555,2,2;2;2;2;2
5560,2,2;2;2;2;2
5565,2,2;2;2;2;2
5570,2,2;2;2;2;2
5575,2,2;2;2;2;2
5580,2,2;2;2;2;2
5585,2,2;2;2;2;2
5590,2,2;2;2;2;2
5595,2,2;2;2;2;2
5600,2,2;2;2;2;2
5605,2,2;2;2;2;2
5610,2,2;2;2;2;2
5615,2,2;2;2;2;2
5620,2,2;2;2;2;2
5625,2,2;2;2;2;2
5630,2,2;2;2;2;2
5635,2,2;2;2;2;2
5640,2,2;2;2;2;2
5645,2,2;2;2;2;2
5650,2,2;2;2;2;2
5655,2,2;2;2;2;2
5660,2,2;2;2;2;2
5665,2,2;2;2;2;2
5670,2,2;2;2;2;2
5675,2,2;2;2;2;2
5680,2,2;2;2;2;2
5685,2,2;2;2;2;2
5690,2,2;2;2;2;2
5695,2,2;2;2;2;2
5700,2,2;2;2;2;2
5705,2,2;2;2;2;2
5710,2,2;2;2;2;2
5715,2,2;2;2;2;2
5720,2,2;2;2;2;2
5725,2,2;2;2;2;2
5730,2,2;2;2;2;2
5735,2,2;2;2;2;2
5740,2,2;2;2;2;2
5745,2,2;2;2;2;2
5750,2,2;2;2;2;2
5755,2,2;2;2;2;2
5760,2,2;2;2;2;2
5765,2,2;2;2;2;2
5770,2,2;2;2;2;2
5775,2,2;2;2;2;2
5780,2,2;2;2;2;2
5785,2,2;2;2;2;2
5790,2,2;2;2;2;2
5795,2,2;2;2;2;2
5800,2,2;2;2;2;2
5805,2,2;2;2;2;2
5810,2,2;2;2;2;2
5815,2,2;2;2;2;2
5820,2,2;2;2;2;2
5825,2,2;2;2;2;2
5830,2,2;2;2;2;2
5835,2,2;2;2;2;2
5840,2,2;2;2;2;2
5845,2,2;2;2;2;2
5850,2,2;2;2;2;2
5855,2,2;2;2;2;2
5860,2,2;2;2;2;2
5865,2,2;2;2;2;2
5870,2,2;2;2;2;2
5875,2,2;2;2;2;2
5880,2,2;2;2;2;2
5885,2,2;2;2;2;2
5890,2,2;2;2;2;2
5895,2,2;2;2;2;2
5900,2,2;2;2;2;2
5905,2,2;2;2;2;2
5910,2,2;2;2;2;2
5915,2,2;2;2;2;2
5920,2,2;2;2;2;2
5925,2,2;2;2;2;2
5930,2,2;2;2;2;2
5935,2,2;2;2;2;2
5940,2,2;2;2;2;2
5945,2,2;2;2;2;2
5950,2,2;2;2;2;2
5955,2,2;2;2;2;2
5960,2,2;2;2;2;2
5965,2,2;2;2;2;2
5970,2,2;2;2;2;2
5975,2,2;2;2;2;2
5980,2,2;2;2;2;2
5985,2,2;2;2;2;2
5990,2,2;2;2;2;2
5995,2,2;2;2;2;2
6000,2,2;2;2;2;2
6005,2,2;2;2;2;2
6010,2,2;2;2;2;2
6015,2,2;2;2;2;2
6020,2,2;2;2;2;2
6025,2,2;2;2;2;2
6030,2,2;2;2;2;2
6035,2,2;2;2;2;2
6040,2,2;2;2;2;2
6045,2,2;2;2;2;2
6050,2,2;2;2;2;2
6055,2,2;2;2;2;2
6060,2,2;2;2;2;2
6065,2,2;2;2;2;2
6070,2,2;2;2;2;2
6075,2,2;2;2;2;2
6080,2,2;2;2;2;2
6085,2,2;2;2;2;2
6090,2,2;2;2;2;2
6095,2,2;2;2;2;2
6100,2,2;2;2;2;2
6105,2,2;2;2;2;2
6110,2,2;2;2;2;2
6115,2,2;2;2;2;2
6120,2,2;2;2;2;2
6125,2,2;2;2;2;2
6130,2,2;2;2;2;2
6135,2,2;2;2;2;2
6140,2,2;2;2;2;2
6145,2,2;2;2;2;2
6150,2,2;2;2;2;2
6155,2,2;2;2;2;2
6160,2,2;2;2;2;2
6165,2,2;2;2;2;2
6170,2,2;2;2;2;2
6175,2,2;2;2;2;2
6180,2,2;2;2;2;2
6185,2,2;2;2;2;2
6190,2,2;2;2;2;2
6195,2,2;2;2;2;2
6200,2,2;2;2;2;2
6205,2,2;2;2;2;2
6210,2,2;2;2;2;2
6215,2,2;2;2;2;2
6220,2,2;2;2;2;2
6225,2,2;2;2;2;2
6230,2,2;2;2;2;2
6235,2,2;2;2;2;2
6240,2,2;2;2;2;2
6245,2,2;2;2;2;2
6250,2,2;2;2;2;2
6255,2,2;2;2;2;2
6260,2,2;2;2;2;2
6265,2,2;2;2;2;2
6270,2,2;2;2;2;2
6275,2,2;2;2;2;2
6280,2,2;2;2;2;2
6285,2,2;2;2;2;2
6290,2,2;2;2;2;2
6295,2,2;2;2;2;2
6300,2,2;2;2;2;2
6305,2,2;2;2;2;2
6310,2,2;2;2;2;2
6315,2,2;2;2;2;2
6320,2,2;2;2;2;2
6325,2,2;2;2;2;2
6330,2,2;2;2;2;2
6335,2,2;2;2;2;2
6340,2,2;2;2;2;2
6345,2,2;2;2;2;2
6350,2,2;2;2;2;2
6355,2,2;2;2;2;2
6360,2,2;2;2;2;2
6365,2,2;2;2;2;2
6370,2,2;2;2;2;2
6375,2,2;2;2;2;2
6380,2,2;2;2;2;2
6385,2,2;2;2;2;2
6390,2,2;2;2;2;2
6395,2,2;2;2;2;2
6400,2,2;2;2;2;2
6405,2,2;2;2;2;2
6410,2,2;2;2;2;2
6415,2,2;2;2;2;2
6420,2,2;2;2;2;2
6425,2,2;2;2;2;2
6430,2,2;2;2;2;2
6435,2,2;2;2;2;2
6440,2,2;2;2;2;2
6445,2,2;2;2;2;2
6450,2,2;2;2;2;2
6455,2,2;2;2;2;2
6460,2,2;2;2;2;2
6465,2,2;2;2;2;2
6470,2,2;2;2;2;2
6475,2,2;2;2;2;2
6480,2,2;2;2;2;2
6485,2,2;2;2;2;2
6490,2,2;2;2;2;2
6495,2,2;2;2;2;2
6500,2,2;2;2;2;2
6505,2,2;2;2;2;2
6510,2,2;2;2;2;2
6515,2,2;2;2;2;2
6520,2,2;2;2;2;2
6525,2,2;2;2;2;2
6530,2,2;2;2;2;2
6535,2,2;2;2;2;2
6540,2,2;2;2;2;2
6545,2,2;2;2;2;2
6550,2,2;2;2;2;2
6555,2,2;2;2;2;2
6560,2,2;2;2;2;2
6565,2,2;2;2;2;2
6570,2,2;2;2;2;2
6575,2,2;2;2;2;2
6580,2,2;2;2;2;2
6585,2,2;2;2;2;2
6590,2,2;2;2;2;2
6595,2,2;2;2;2;2
6600,2,2;2;2;2;2
6605,2,2;2;2;2;2
6610,2,2;2;2;2;2
6615,2,2;2;2;2;2
6620,2,2;2;2;2;2
6625,2,2;2;2;2;2
6630,2,2;2;2;2;2
6635,2,2;2;2;2;2
6640,2,2;2;2;2;2
6645,2,2;2;2;2;2
6650,2,2;2;2;2;2
6655,2,2;2;2;2;2
