Time,Commitment,Opinion
0,1,1
5,5,1;1;1;1;1
10,1,5;5;5;5;5
15,4,1;1;1;1;1
20,2,4;4;4;4;4
25,1,2;2;2;2;2
30,1,1;1;1;1;1
35,3,1;1;1;1;1
40,2,3;3;3;3;3
45,1,2;2;2;2;2
50,1,1;1;1;1;1
55,1,1;1;1;1;1
60,1,1;1;1;1;1
65,3,1;1;1;1;1
70,2,3;3;3;3;3
75,2,2;2;2;2;2
80,2,2;2;2;2;2
85,2,2;2;2;2;2
90,3,2;2;2;2;2
95,2,3;3;3;3;3
100,2,2;2;2;2;2
105,2,2;2;2;2;2
110,2,2;2;2;2;2
115,2,2;2;2;2;2
120,3,2;2;2;2;2
125,2,3;3;3;3;3
130,2,2;2;2;2;2
135,2,2;2;2;2;2
140,4,2;2;2;2;2
145,2,4;4;4;4;4
150,2,2;2;2;2;2
155,2,2;2;2;2;2
160,2,2;2;2;2;2
165,4,2;2;2;2;2
170,4,4;4;4;4;4
175,4,4;4;4;4;4
180,4,4;4;4;4;4
185,2,4;4;4;4;4
190,2,2;2;2;2;2
195,4,2;2;2;2;2
200,3,4;4;4;4;4
205,3,3;3;3;3;3
210,2,3;3;3;3;3
215,4,2;2;2;2;2
220,2,4;4;4;4;4
225,3,2;2;2;2;2
230,2,3;3;3;3;3
235,3,2;2;2;2;2
240,2,3;3;3;3;3
245,1,2;2;2;2;2
250,3,1;1;1;1;1
255,4,3;3;3;3;3
260,5,4;4;4;4;4
265,5,5;5;5;5;5
270,2,5;5;5;5;5
275,4,2;2;2;2;2
280,4,4;4;4;4;4
285,4,4;4;4;4;4
290,5,4;4;4;4;4
295,5,5;5;5;5;5
300,4,5;5;5;5;5
305,5,4;4;4;4;4
310,4,5;5;5;5;5
315,5,4;4;4;4;4
320,3,5;5;5;5;5
325,5,3;3;3;3;3
330,3,5;5;5;5;5
335,4,3;3;3;3;3
340,4,4;4;4;4;4
345,4,4;4;4;4;4
350,3,4;4;4;4;4
355,1,3;3;3;3;3
360,4,1;1;1;1;1
365,1,4;4;4;4;4
370,1,1;1;1;1;1
375,4,1;1;1;1;1
380,1,4;4;4;4;4
385,3,1;1;1;1;1
390,4,3;3;3;3;3
395,5,4;4;4;4;4
400,3,5;5;5;5;5
405,1,3;3;3;3;3
410,1,1;1;1;1;1
415,1,1;1;1;1;1
420,5,1;1;1;1;1
425,4,5;5;5;5;5
430,1,4;4;4;4;4
435,2,1;1;1;1;1
440,3,2;2;2;2;2
445,3,3;3;3;3;3
450,3,3;3;3;3;3
455,3,3;3;3;3;3
460,3,3;3;3;3;3
465,3,3;3;3;3;3
470,3,3;3;3;3;3
475,3,3;3;3;3;3
480,4,3;3;3;3;3
485,3,4;4;4;4;4
490,4,3;3;3;3;3
495,4,4;4;4;4;4
500,4,4;4;4;4;4
505,3,4;4;4;4;4
510,3,3;3;3;3;3
515,3,3;3;3;3;3
520,3,3;3;3;3;3
525,3,3;3;3;3;3
530,3,3;3;3;3;3
535,3,3;3;3;3;3
540,2,3;3;3;3;3
545,2,2;2;2;2;2
550,2,2;2;2;2;2
555,2,2;2;2;2;2
560,3,2;2;2;2;2
565,2,3;3;3;3;3
570,2,2;2;2;2;2
575,3,2;2;2;2;2
580,4,3;3;3;3;3
585,4,4;4;4;4;4
590,4,4;4;4;4;4
595,3,4;4;4;4;4
600,2,3;3;3;3;3
605,2,2;2;2;2;2
610,4,2;2;2;2;2
615,3,4;4;4;4;4
620,3,3;3;3;3;3
625,4,3;3;3;3;3
630,3,4;4;4;4;4
635,3,3;3;3;3;3
640,4,3;3;3;3;3
645,4,4;4;4;4;4
650,2,4;4;4;4;4
655,2,2;2;2;2;2
660,4,2;2;2;2;2
665,4,4;4;4;4;4
670,4,4;4;4;4;4
675,4,4;4;4;4;4
680,4,4;4;4;4;4
685,4,4;4;4;4;4
690,4,4;4;4;4;4
695,4,4;4;4;4;4
700,2,4;4;4;4;4
705,2,2;2;2;2;2
710,3,2;2;2;2;2
715,4,3;3;3;3;3
720,3,4;4;4;4;4
725,2,3;3;3;3;3
730,4,2;2;2;2;2
735,1,4;4;4;4;4
740,4,1;1;1;1;1
745,3,4;4;4;4;4
750,1,3;3;3;3;3
755,4,1;1;1;1;1
760,4,4;4;4;4;4
765,1,4;4;4;4;4
770,3,1;1;1;1;1
775,1,3;3;3;3;3
780,5,1;1;1;1;1
785,2,5;5;5;5;5
790,2,2;2;2;2;2
795,4,2;2;2;2;2
800,1,4;4;4;4;4
805,5,1;1;1;1;1
810,3,5;5;5;5;5
815,3,3;3;3;3;3
820,3,3;3;3;3;3
825,5,3;3;3;3;3
830,4,5;5;5;5;5
835,3,4;4;4;4;4
840,4,3;3;3;3;3
845,2,4;4;4;4;4
850,1,2;2;2;2;2
855,3,1;1;1;1;1
860,2,3;3;3;3;3
865,5,2;2;2;2;2
870,2,5;5;5;5;5
875,4,2;2;2;2;2
880,2,4;4;4;4;4
885,5,2;2;2;2;2
890,2,5;5;5;5;5
895,5,2;2;2;2;2
900,3,5;5;5;5;5
905,5,3;3;3;3;3
910,3,5;5;5;5;5
915,4,3;3;3;3;3
920,2,4;4;4;4;4
925,3,2;2;2;2;2
930,4,3;3;3;3;3
935,3,4;4;4;4;4
940,3,3;3;3;3;3
945,3,3;3;3;3;3
950,3,3;3;3;3;3
955,3,3;3;3;3;3
960,3,3;3;3;3;3
965,4,3;3;3;3;3
970,2,4;4;4;4;4
975,3,2;2;2;2;2
980,4,3;3;3;3;3
985,4,4;4;4;4;4
990,3,4;4;4;4;4
995,3,3;3;3;3;3
1000,4,3;3;3;3;3
1005,2,4;4;4;4;4
1010,4,2;2;2;2;2
1015,2,4;4;4;4;4
1020,2,2;2;2;2;2
1025,2,2;2;2;2;2
1030,3,2;2;2;2;2
1035,3,3;3;3;3;3
1040,2,3;3;3;3;3
1045,1,2;2;2;2;2
1050,2,1;1;1;1;1
1055,3,2;2;2;2;2
1060,2,3;3;3;3;3
1065,3,2;2;2;2;2
1070,2,3;3;3;3;3
1075,2,2;2;2;2;2
1080,2,2;2;2;2;2
1085,4,2;2;2;2;2
1090,3,4;4;4;4;4
1095,2,3;3;3;3;3
1100,2,2;2;2;2;2
1105,3,2;2;2;2;2
1110,2,3;3;3;3;3
1115,3,2;2;2;2;2
1120,1,3;3;3;3;3
1125,2,1;1;1;1;1
1130,1,2;2;2;2;2
1135,1,1;1;1;1;1
1140,2,1;1;1;1;1
1145,3,2;2;2;2;2
1150,2,3;3;3;3;3
1155,3,2;2;2;2;2
1160,2,3;3;3;3;3
1165,3,2;2;2;2;2
1170,3,3;3;3;3;3
1175,4,3;3;3;3;3
1180,3,4;4;4;4;4
1185,3,3;3;3;3;3
1190,3,3;3;3;3;3
1195,3,3;3;3;3;3
1200,3,3;3;3;3;3
1205,4,3;3;3;3;3
1210,1,4;4;4;4;4
1215,2,1;1;1;1;1
1220,4,2;2;2;2;2
1225,3,4;4;4;4;4
1230,1,3;3;3;3;3
1235,3,1;1;1;1;1
1240,1,3;3;3;3;3
1245,2,1;1;1;1;1
1250,1,2;2;2;2;2
1255,3,1;1;1;1;1
1260,3,3;3;3;3;3
1265,1,3;3;3;3;3
1270,1,1;1;1;1;1
1275,3,1;1;1;1;1
1280,1,3;3;3;3;3
1285,2,1;1;1;1;1
1290,2,2;2;2;2;2
1295,1,2;2;2;2;2
1300,3,1;1;1;1;1
1305,4,3;3;3;3;3
1310,3,4;4;4;4;4
1315,4,3;3;3;3;3
1320,2,4;4;4;4;4
1325,1,2;2;2;2;2
1330,4,1;1;1;1;1
1335,4,4;4;4;4;4
1340,4,4;4;4;4;4
1345,1,4;4;4;4;4
1350,4,1;1;1;1;1
1355,4,4;4;4;4;4
1360,1,4;4;4;4;4
1365,1,1;1;1;1;1
1370,5,1;1;1;1;1
1375,1,5;5;5;5;5
1380,5,1;1;1;1;1
1385,1,5;5;5;5;5
1390,1,1;1;1;1;1
1395,5,1;1;1;1;1
1400,5,5;5;5;5;5
1405,4,5;5;5;5;5
1410,3,4;4;4;4;4
1415,2,3;3;3;3;3
1420,3,2;2;2;2;2
1425,2,3;3;3;3;3
1430,2,2;2;2;2;2
1435,1,2;2;2;2;2
1440,2,1;1;1;1;1
1445,1,2;2;2;2;2
1450,3,1;1;1;1;1
1455,2,3;3;3;3;3
1460,1,2;2;2;2;2
1465,1,1;1;1;1;1
1470,1,1;1;1;1;1
1475,2,1;1;1;1;1
1480,2,2;2;2;2;2
1485,2,2;2;2;2;2
1490,1,2;2;2;2;2
1495,1,1;1;1;1;1
1500,1,1;1;1;1;1
1505,2,1;1;1;1;1
1510,1,2;2;2;2;2
1515,2,1;1;1;1;1
1520,1,2;2;2;2;2
1525,1,1;1;1;1;1
1530,1,1;1;1;1;1
1535,2,1;1;1;1;1
1540,2,2;2;2;2;2
1545,2,2;2;2;2;2
1550,1,2;2;2;2;2
1555,2,1;1;1;1;1
1560,2,2;2;2;2;2
1565,2,2;2;2;2;2
1570,1,2;2;2;2;2
1575,2,1;1;1;1;1
1580,2,2;2;2;2;2
1585,1,2;2;2;2;2
1590,2,1;1;1;1;1
1595,1,2;2;2;2;2
1600,2,1;1;1;1;1
1605,1,2;2;2;2;2
1610,1,1;1;1;1;1
1615,1,1;1;1;1;1
1620,2,1;1;1;1;1
1625,4,2;2;2;2;2
1630,3,4;4;4;4;4
1635,2,3;3;3;3;3
1640,2,2;2;2;2;2
1645,2,2;2;2;2;2
1650,3,2;2;2;2;2
1655,2,3;3;3;3;3
1660,2,2;2;2;2;2
1665,2,2;2;2;2;2
1670,2,2;2;2;2;2
1675,2,2;2;2;2;2
1680,2,2;2;2;2;2
1685,2,2;2;2;2;2
1690,2,2;2;2;2;2
1695,1,2;2;2;2;2
1700,3,1;1;1;1;1
1705,1,3;3;3;3;3
1710,2,1;1;1;1;1
1715,2,2;2;2;2;2
1720,3,2;2;2;2;2
1725,1,3;3;3;3;3
1730,3,1;1;1;1;1
1735,3,3;3;3;3;3
1740,3,3;3;3;3;3
1745,3,3;3;3;3;3
1750,3,3;3;3;3;3
1755,2,3;3;3;3;3
1760,3,2;2;2;2;2
1765,3,3;3;3;3;3
1770,4,3;3;3;3;3
1775,2,4;4;4;4;4
1780,2,2;2;2;2;2
1785,4,2;2;2;2;2
1790,3,4;4;4;4;4
1795,2,3;3;3;3;3
1800,3,2;2;2;2;2
1805,3,3;3;3;3;3
1810,2,3;3;3;3;3
1815,2,2;2;2;2;2
1820,4,2;2;2;2;2
1825,2,4;4;4;4;4
1830,2,2;2;2;2;2
1835,1,2;2;2;2;2
1840,2,1;1;1;1;1
1845,2,2;2;2;2;2
1850,2,2;2;2;2;2
1855,2,2;2;2;2;2
1860,4,2;2;2;2;2
1865,3,4;4;4;4;4
1870,2,3;3;3;3;3
1875,3,2;2;2;2;2
1880,2,3;3;3;3;3
1885,3,2;2;2;2;2
1890,3,3;3;3;3;3
1895,2,3;3;3;3;3
1900,2,2;2;2;2;2
1905,3,2;2;2;2;2
1910,4,3;3;3;3;3
1915,2,4;4;4;4;4
1920,3,2;2;2;2;2
1925,4,3;3;3;3;3
1930,2,4;4;4;4;4
1935,3,2;2;2;2;2
1940,4,3;3;3;3;3
1945,4,4;4;4;4;4
1950,4,4;4;4;4;4
1955,2,4;4;4;4;4
1960,3,2;2;2;2;2
1965,3,3;3;3;3;3
1970,2,3;3;3;3;3
1975,4,2;2;2;2;2
1980,3,4;4;4;4;4
1985,4,3;3;3;3;3
1990,4,4;4;4;4;4
1995,4,4;4;4;4;4
2000,4,4;4;4;4;4
2005,5,4;4;4;4;4
2010,5,5;5;5;5;5
2015,3,5;5;5;5;5
2020,4,3;3;3;3;3
2025,3,4;4;4;4;4
2030,4,3;3;3;3;3
2035,4,4;4;4;4;4
2040,4,4;4;4;4;4
2045,5,4;4;4;4;4
2050,5,5;5;5;5;5
2055,5,5;5;5;5;5
2060,4,5;5;5;5;5
2065,4,4;4;4;4;4
2070,4,4;4;4;4;4
2075,5,4;4;4;4;4
2080,4,5;5;5;5;5
2085,2,4;4;4;4;4
2090,3,2;2;2;2;2
2095,3,3;3;3;3;3
2100,3,3;3;3;3;3
2105,4,3;3;3;3;3
2110,4,4;4;4;4;4
2115,3,4;4;4;4;4
2120,2,3;3;3;3;3
2125,3,2;2;2;2;2
2130,3,3;3;3;3;3
2135,4,3;3;3;3;3
2140,3,4;4;4;4;4
2145,5,3;3;3;3;3
2150,3,5;5;5;5;5
2155,3,3;3;3;3;3
2160,4,3;3;3;3;3
2165,5,4;4;4;4;4
2170,4,5;5;5;5;5
2175,4,4;4;4;4;4
2180,5,4;4;4;4;4
2185,4,5;5;5;5;5
2190,5,4;4;4;4;4
2195,4,5;5;5;5;5
2200,3,4;4;4;4;4
2205,3,3;3;3;3;3
2210,5,3;3;3;3;3
2215,3,5;5;5;5;5
2220,5,3;3;3;3;3
2225,5,5;5;5;5;5
2230,5,5;5;5;5;5
2235,5,5;5;5;5;5
2240,5,5;5;5;5;5
2245,5,5;5;5;5;5
2250,5,5;5;5;5;5
2255,5,5;5;5;5;5
2260,4,5;5;5;5;5
2265,4,4;4;4;4;4
2270,5,4;4;4;4;4
2275,3,5;5;5;5;5
2280,3,3;3;3;3;3
2285,5,3;3;3;3;3
2290,4,5;5;5;5;5
2295,3,4;4;4;4;4
2300,4,3;3;3;3;3
2305,3,4;4;4;4;4
2310,3,3;3;3;3;3
2315,4,3;3;3;3;3
2320,3,4;4;4;4;4
2325,4,3;3;3;3;3
2330,4,4;4;4;4;4
2335,5,4;4;4;4;4
2340,5,5;5;5;5;5
2345,4,5;5;5;5;5
2350,3,4;4;4;4;4
2355,4,3;3;3;3;3
2360,5,4;4;4;4;4
2365,4,5;5;5;5;5
2370,4,4;4;4;4;4
2375,3,4;4;4;4;4
2380,5,3;3;3;3;3
2385,4,5;5;5;5;5
2390,4,4;4;4;4;4
2395,3,4;4;4;4;4
2400,3,3;3;3;3;3
2405,4,3;3;3;3;3
2410,3,4;4;4;4;4
2415,3,3;3;3;3;3
2420,3,3;3;3;3;3
2425,3,3;3;3;3;3
2430,4,3;3;3;3;3
2435,4,4;4;4;4;4
2440,5,4;4;4;4;4
2445,3,5;5;5;5;5
2450,4,3;3;3;3;3
2455,3,4;4;4;4;4
2460,4,3;3;3;3;3
2465,2,4;4;4;4;4
2470,3,2;2;2;2;2
2475,3,3;3;3;3;3
2480,2,3;3;3;3;3
2485,3,2;2;2;2;2
2490,2,3;3;3;3;3
2495,2,2;2;2;2;2
2500,4,2;2;2;2;2
2505,3,4;4;4;4;4
2510,3,3;3;3;3;3
2515,4,3;3;3;3;3
2520,3,4;4;4;4;4
2525,3,3;3;3;3;3
2530,4,3;3;3;3;3
2535,4,4;4;4;4;4
2540,3,4;4;4;4;4
2545,2,3;3;3;3;3
2550,2,2;2;2;2;2
2555,5,2;2;2;2;2
2560,2,5;5;5;5;5
2565,3,2;2;2;2;2
2570,3,3;3;3;3;3
2575,3,3;3;3;3;3
2580,4,3;3;3;3;3
2585,2,4;4;4;4;4
2590,2,2;2;2;2;2
2595,2,2;2;2;2;2
2600,1,2;2;2;2;2
2605,4,1;1;1;1;1
2610,2,4;4;4;4;4
2615,2,2;2;2;2;2
2620,3,2;2;2;2;2
2625,3,3;3;3;3;3
2630,2,3;3;3;3;3
2635,2,2;2;2;2;2
2640,3,2;2;2;2;2
2645,2,3;3;3;3;3
2650,2,2;2;2;2;2
2655,3,2;2;2;2;2
2660,3,3;3;3;3;3
2665,2,3;3;3;3;3
2670,3,2;2;2;2;2
2675,2,3;3;3;3;3
2680,2,2;2;2;2;2
2685,2,2;2;2;2;2
2690,3,2;2;2;2;2
2695,3,3;3;3;3;3
2700,3,3;3;3;3;3
2705,3,3;3;3;3;3
2710,2,3;3;3;3;3
2715,3,2;2;2;2;2
2720,2,3;3;3;3;3
2725,3,2;2;2;2;2
2730,2,3;3;3;3;3
2735,2,2;2;2;2;2
2740,3,2;2;2;2;2
2745,3,3;3;3;3;3
2750,3,3;3;3;3;3
2755,3,3;3;3;3;3
2760,2,3;3;3;3;3
2765,2,2;2;2;2;2
2770,2,2;2;2;2;2
2775,2,2;2;2;2;2
2780,2,2;2;2;2;2
2785,2,2;2;2;2;2
2790,2,2;2;2;2;2
2795,2,2;2;2;2;2
2800,2,2;2;2;2;2
2805,3,2;2;2;2;2
2810,2,3;3;3;3;3
2815,2,2;2;2;2;2
2820,2,2;2;2;2;2
2825,2,2;2;2;2;2
2830,2,2;2;2;2;2
2835,2,2;2;2;2;2
2840,3,2;2;2;2;2
2845,2,3;3;3;3;3
2850,2,2;2;2;2;2
2855,2,2;2;2;2;2
2860,3,2;2;2;2;2
2865,3,3;3;3;3;3
2870,2,3;3;3;3;3
2875,2,2;2;2;2;2
2880,2,2;2;2;2;2
2885,2,2;2;2;2;2
2890,2,2;2;2;2;2
2895,2,2;2;2;2;2
2900,2,2;2;2;2;2
2905,2,2;2;2;2;2
2910,3,2;2;2;2;2
2915,2,3;3;3;3;3
2920,2,2;2;2;2;2
2925,2,2;2;2;2;2
2930,2,2;2;2;2;2
2935,2,2;2;2;2;2
2940,2,2;2;2;2;2
2945,3,2;2;2;2;2
2950,3,3;3;3;3;3
2955,2,3;3;3;3;3
2960,2,2;2;2;2;2
2965,2,2;2;2;2;2
2970,2,2;2;2;2;2
2975,3,2;2;2;2;2
2980,2,3;3;3;3;3
2985,2,2;2;2;2;2
2990,2,2;2;2;2;2
2995,2,2;2;2;2;2
3000,2,2;2;2;2;2
3005,2,2;2;2;2;2
3010,2,2;2;2;2;2
3015,2,2;2;2;2;2
3020,3,2;2;2;2;2
3025,2,3;3;3;3;3
3030,2,2;2;2;2;2
3035,2,2;2;2;2;2
3040,3,2;2;2;2;2
3045,2,3;3;3;3;3
3050,2,2;2;2;2;2
3055,3,2;2;2;2;2
3060,3,3;3;3;3;3
3065,3,3;3;3;3;3
3070,3,3;3;3;3;3
3075,3,3;3;3;3;3
3080,2,3;3;3;3;3
3085,3,2;2;2;2;2
3090,3,3;3;3;3;3
3095,3,3;3;3;3;3
3100,3,3;3;3;3;3
3105,3,3;3;3;3;3
3110,3,3;3;3;3;3
3115,3,3;3;3;3;3
3120,2,3;3;3;3;3
3125,3,2;2;2;2;2
3130,3,3;3;3;3;3
3135,2,3;3;3;3;3
3140,3,2;2;2;2;2
3145,2,3;3;3;3;3
3150,2,2;2;2;2;2
3155,2,2;2;2;2;2
3160,2,2;2;2;2;2
3165,2,2;2;2;2;2
3170,2,2;2;2;2;2
3175,3,2;2;2;2;2
3180,2,3;3;3;3;3
3185,2,2;2;2;2;2
3190,2,2;2;2;2;2
3195,2,2;2;2;2;2
3200,3,2;2;2;2;2
3205,2,3;3;3;3;3
3210,2,2;2;2;2;2
3215,2,2;2;2;2;2
3220,2,2;2;2;2;2
3225,2,2;2;2;2;2
3230,2,2;2;2;2;2
3235,2,2;2;2;2;2
3240,2,2;2;2;2;2
3245,2,2;2;2;2;2
3250,2,2;2;2;2;2
3255,2,2;2;2;2;2
3260,2,2;2;2;2;2
3265,2,2;2;2;2;2
3270,2,2;2;2;2;2
3275,2,2;2;2;2;2
3280,3,2;2;2;2;2
3285,2,3;3;3;3;3
3290,3,2;2;2;2;2
3295,2,3;3;3;3;3
3300,3,2;2;2;2;2
3305,2,3;3;3;3;3
3310,3,2;2;2;2;2
3315,2,3;3;3;3;3
3320,2,2;2;2;2;2
3325,2,2;2;2;2;2
3330,2,2;2;2;2;2
3335,3,2;2;2;2;2
3340,3,3;3;3;3;3
3345,3,3;3;3;3;3
3350,3,3;3;3;3;3
3355,3,3;3;3;3;3
3360,3,3;3;3;3;3
3365,2,3;3;3;3;3
3370,2,2;2;2;2;2
3375,3,2;2;2;2;2
3380,2,3;3;3;3;3
3385,3,2;2;2;2;2
3390,3,3;3;3;3;3
3395,3,3;3;3;3;3
3400,3,3;3;3;3;3
3405,2,3;3;3;3;3
3410,3,2;2;2;2;2
3415,2,3;3;3;3;3
3420,2,2;2;2;2;2
3425,3,2;2;2;2;2
3430,3,3;3;3;3;3
3435,3,3;3;3;3;3
3440,3,3;3;3;3;3
3445,3,3;3;3;3;3
3450,3,3;3;3;3;3
3455,3,3;3;3;3;3
3460,3,3;3;3;3;3
3465,3,3;3;3;3;3
3470,3,3;3;3;3;3
3475,3,3;3;3;3;3
3480,2,3;3;3;3;3
3485,3,2;2;2;2;2
3490,3,3;3;3;3;3
3495,3,3;3;3;3;3
3500,3,3;3;3;3;3
3505,2,3;3;3;3;3
3510,3,2;2;2;2;2
3515,3,3;3;3;3;3
3520,3,3;3;3;3;3
3525,3,3;3;3;3;3
3530,3,3;3;3;3;3
3535,2,3;3;3;3;3
3540,2,2;2;2;2;2
3545,2,2;2;2;2;2
3550,3,2;2;2;2;2
3555,3,3;3;3;3;3
3560,2,3;3;3;3;3
3565,2,2;2;2;2;2
3570,3,2;2;2;2;2
3575,3,3;3;3;3;3
3580,2,3;3;3;3;3
3585,3,2;2;2;2;2
3590,3,3;3;3;3;3
3595,2,3;3;3;3;3
3600,3,2;2;2;2;2
3605,2,3;3;3;3;3
3610,3,2;2;2;2;2
3615,2,3;3;3;3;3
3620,2,2;2;2;2;2
3625,2,2;2;2;2;2
3630,2,2;2;2;2;2
3635,2,2;2;2;2;2
3640,2,2;2;2;2;2
3645,2,2;2;2;2;2
3650,2,2;2;2;2;2
3655,2,2;2;2;2;2
3660,3,2;2;2;2;2
3665,3,3;3;3;3;3
3670,2,3;3;3;3;3
3675,3,2;2;2;2;2
3680,3,3;3;3;3;3
3685,3,3;3;3;3;3
3690,3,3;3;3;3;3
3695,3,3;3;3;3;3
3700,3,3;3;3;3;3
3705,3,3;3;3;3;3
3710,3,3;3;3;3;3
3715,3,3;3;3;3;3
3720,3,3;3;3;3;3
3725,3,3;3;3;3;3
3730,3,3;3;3;3;3
3735,3,3;3;3;3;3
3740,2,3;3;3;3;3
3745,3,2;2;2;2;2
3750,3,3;3;3;3;3
3755,3,3;3;3;3;3
3760,3,3;3;3;3;3
3765,3,3;3;3;3;3
3770,3,3;3;3;3;3
3775,3,3;3;3;3;3
3780,3,3;3;3;3;3
3785,3,3;3;3;3;3
3790,3,3;3;3;3;3
3795,3,3;3;3;3;3
3800,3,3;3;3;3;3
3805,3,3;3;3;3;3
3810,3,3;3;3;3;3
3815,3,3;3;3;3;3
3820,3,3;3;3;3;3
3825,3,3;3;3;3;3
3830,3,3;3;3;3;3
3835,3,3;3;3;3;3
3840,3,3;3;3;3;3
3845,3,3;3;3;3;3
3850,3,3;3;3;3;3
3855,3,3;3;3;3;3
3860,3,3;3;3;3;3
3865,3,3;3;3;3;3
3870,3,3;3;3;3;3
3875,3,3;3;3;3;3
3880,3,3;3;3;3;3
3885,3,3;3;3;3;3
3890,3,3;3;3;3;3
3895,3,3;3;3;3;3
3900,3,3;3;3;3;3
3905,3,3;3;3;3;3
3910,3,3;3;3;3;3
3915,3,3;3;3;3;3
3920,3,3;3;3;3;3
3925,3,3;3;3;3;3
3930,3,3;3;3;3;3
3935,3,3;3;3;3;3
3940,3,3;3;3;3;3
3945,3,3;3;3;3;3
3950,3,3;3;3;3;3
3955,3,3;3;3;3;3
3960,3,3;3;3;3;3
3965,3,3;3;3;3;3
3970,3,3;3;3;3;3
3975,3,3;3;3;3;3
3980,3,3;3;3;3;3
3985,3,3;3;3;3;3
3990,3,3;3;3;3;3
3995,3,3;3;3;3;3
4000,3,3;3;3;3;3
4005,3,3;3;3;3;3
4010,3,3;3;3;3;3
4015,3,3;3;3;3;3
4020,3,3;3;3;3;3
4025,3,3;3;3;3;3
4030,3,3;3;3;3;3
4035,3,3;3;3;3;3
4040,3,3;3;3;3;3
4045,3,3;3;3;3;3
4050,3,3;3;3;3;3
4055,3,3;3;3;3;3
4060,3,3;3;3;3;3
4065,3,3;3;3;3;3
4070,3,3;3;3;3;3
4075,3,3;3;3;3;3
4080,3,3;3;3;3;3
4085,3,3;3;3;3;3
4090,3,3;3;3;3;3
4095,3,3;3;3;3;3
4100,3,3;3;3;3;3
4105,3,3;3;3;3;3
4110,3,3;3;3;3;3
4115,3,3;3;3;3;3
4120,3,3;3;3;3;3
4125,3,3;3;3;3;3
4130,3,3;3;3;3;3
4135,3,3;3;3;3;3
4140,3,3;3;3;3;3
4145,3,3;3;3;3;3
4150,3,3;3;3;3;3
4155,3,3;3;3;3;3
4160,3,3;3;3;3;3
4165,3,3;3;3;3;3
4170,3,3;3;3;3;3
4175,3,3;3;3;3;3
4180,3,3;3;3;3;3
4185,3,3;3;3;3;3
4190,3,3;3;3;3;3
4195,3,3;3;3;3;3
4200,3,3;3;3;3;3
4205,3,3;3;3;3;3
4210,3,3;3;3;3;3
4215,3,3;3;3;3;3
4220,3,3;3;3;3;3
4225,3,3;3;3;3;3
4230,3,3;3;3;3;3
4235,3,3;3;3;3;3
4240,3,3;3;3;3;3
4245,3,3;3;3;3;3
4250,3,3;3;3;3;3
4255,3,3;3;3;3;3
4260,3,3;3;3;3;3
4265,3,3;3;3;3;3
4270,3,3;3;3;3;3
4275,3,3;3;3;3;3
4280,3,3;3;3;3;3
4285,3,3;3;3;3;3
4290,3,3;3;3;3;3
4295,3,3;3;3;3;3
4300,3,3;3;3;3;3
4305,3,3;3;3;3;3
4310,3,3;3;3;3;3
4315,3,3;3;3;3;3
4320,3,3;3;3;3;3
4325,3,3;3;3;3;3
4330,3,3;3;3;3;3
4335,3,3;3;3;3;3
4340,3,3;3;3;3;3
4345,3,3;3;3;3;3
4350,3,3;3;3;3;3
4355,3,3;3;3;3;3
4360,3,3;3;3;3;3
4365,3,3;3;3;3;3
4370,3,3;3;3;3;3
4375,3,3;3;3;3;3
4380,3,3;3;3;3;3
4385,3,3;3;3;3;3
4390,3,3;3;3;3;3
4395,3,3;3;3;3;3
4400,3,3;3;3;3;3
4405,3,3;3;3;3;3
4410,3,3;3;3;3;3
4415,3,3;3;3;3;3
4420,3,3;3;3;3;3
4425,3,3;3;3;3;3
4430,3,3;3;3;3;3
4435,3,3;3;3;3;3
4440,3,3;3;3;3;3
4445,3,3;3;3;3;3
4450,3,3;3;3;3;3
4455,3,3;3;3;3;3
4460,3,3;3;3;3;3
4465,3,3;3;3;3;3
4470,3,3;3;3;3;3
4475,3,3;3;3;3;3
4480,3,3;3;3;3;3
4485,3,3;3;3;3;3
4490,3,3;3;3;3;3
4495,3,3;3;3;3;3
4500,3,3;3;3;3;3
4505,3,3;3;3;3;3
4510,3,3;3;3;3;3
4515,3,3;3;3;3;3
4520,3,3;3;3;3;3
4525,3,3;3;3;3;3
4530,3,3;3;3;3;3
4535,3,3;3;3;3;3
4540,3,3;3;3;3;3
4545,3,3;3;3;3;3
4550,3,3;3;3;3;3
4555,3,3;3;3;3;3
4560,3,3;3;3;3;3
4565,3,3;3;3;3;3
4570,3,3;3;3;3;3
4575,3,3;3;3;3;3
4580,3,3;3;3;3;3
4585,3,3;3;3;3;3
4590,3,3;3;3;3;3
4595,3,3;3;3;3;3
4600,3,3;3;3;3;3
4605,3,3;3;3;3;3
4610,3,3;3;3;3;3
4615,3,3;3;3;3;3
4620,3,3;3;3;3;3
4625,3,3;3;3;3;3
4630,3,3;3;3;3;3
4635,3,3;3;3;3;3
4640,3,3;3;3;3;3
4645,3,3;3;3;3;3
4650,3,3;3;3;3;3
4655,3,3;3;3;3;3
4660,3,3;3;3;3;3
4665,3,3;3;3;3;3
4670,3,3;3;3;3;3
4675,3,3;3;3;3;3
4680,3,3;3;3;3;3
4685,3,3;3;3;3;3
4690,3,3;3;3;3;3
4695,3,3;3;3;3;3
4700,3,3;3;3;3;3
4705,3,3;3;3;3;3
4710,3,3;3;3;3;3
4715,3,3;3;3;3;3
4720,3,3;3;3;3;3
4725,3,3;3;3;3;3
4730,3,3;3;3;3;3
4735,3,3;3;3;3;3
4740,3,3;3;3;3;3
4745,3,3;3;3;3;3
4750,3,3;3;3;3;3
4755,3,3;3;3;3;3
4760,3,3;3;3;3;3
4765,3,3;3;3;3;3
4770,3,3;3;3;3;3
4775,3,3;3;3;3;3
4780,3,3;3;3;3;3
4785,3,3;3;3;3;3
4790,3,3;3;3;3;3
4795,3,3;3;3;3;3
4800,3,3;3;3;3;3
4805,3,3;3;3;3;3
4810,3,3;3;3;3;3
4815,3,3;3;3;3;3
4820,3,3;3;3;3;3
4825,3,3;3;3;3;3
4830,3,3;3;3;3;3
4835,3,3;3;3;3;3
4840,3,3;3;3;3;3
4845,3,3;3;3;3;3
4850,3,3;3;3;3;3
4855,3,3;3;3;3;3
4860,3,3;3;3;3;3
4865,3,3;3;3;3;3
4870,3,3;3;3;3;3
4875,3,3;3;3;3;3
4880,3,3;3;3;3;3
4885,3,3;3;3;3;3
4890,3,3;3;3;3;3
4895,3,3;3;3;3;3
4900,3,3;3;3;3;3
4905,3,3;3;3;3;3
4910,3,3;3;3;3;3
4915,3,3;3;3;3;3
4920,3,3;3;3;3;3
4925,3,3;3;3;3;3
4930,3,3;3;3;3;3
4935,3,3;3;3;3;3
4940,3,3;3;3;3;3
4945,3,3;3;3;3;3
4950,3,3;3;3;3;3
4955,3,3;3;3;3;3
4960,3,3;3;3;3;3
4965,3,3;3;3;3;3
4970,3,3;3;3;3;3
4975,3,3;3;3;3;3
4980,3,3;3;3;3;3
4985,3,3;3;3;3;3
4990,3,3;3;3;3;3
4995,3,3;3;3;3;3
5000,3,3;3;3;3;3
5005,3,3;3;3;3;3
5010,3,3;3;3;3;3
5015,3,3;3;3;3;3
5020,3,3;3;3;3;3
5025,3,3;3;3;3;3
5030,3,3;3;3;3;3
5035,3,3;3;3;3;3
5040,3,3;3;3;3;3
5045,3,3;3;3;3;3
5050,3,3;3;3;3;3
5055,3,3;3;3;3;3
5060,3,3;3;3;3;3
5065,3,3;3;3;3;3
5070,3,3;3;3;3;3
5075,3,3;3;3;3;3
5080,3,3;3;3;3;3
5085,3,3;3;3;3;3
5090,3,3;3;3;3;3
5095,3,3;3;3;3;3
5100,3,3;3;3;3;3
5105,3,3;3;3;3;3
5110,3,3;3;3;3;3
5115,3,3;3;3;3;3
5120,3,3;3;3;3;3
5125,3,3;3;3;3;3
5130,3,3;3;3;3;3
5135,3,3;3;3;3;3
5140,3,3;3;3;3;3
5145,3,3;3;3;3;3
5150,3,3;3;3;3;3
5155,3,3;3;3;3;3
5160,3,3;3;3;3;3
5165,3,3;3;3;3;3
5170,3,3;3;3;3;3
5175,3,3;3;3;3;3
5180,3,3;3;3;3;3
5185,3,3;3;3;3;3
5190,3,3;3;3;3;3
5195,3,3;3;3;3;3
5200,3,3;3;3;3;3
5205,3,3;3;3;3;3
5210,3,3;3;3;3;3
5215,3,3;3;3;3;3
5220,3,3;3;3;3;3
5225,3,3;3;3;3;3
5230,3,3;3;3;3;3
5235,3,3;3;3;3;3
5240,3,3;3;3;3;3
5245,3,3;3;3;3;3
5250,3,3;3;3;3;3
5255,3,3;3;3;3;3
5260,3,3;3;3;3;3
5265,3,3;3;3;3;3
5270,3,3;3;3;3;3
5275,3,3;3;3;3;3
5280,3,3;3;3;3;3
5285,3,3;3;3;3;3
5290,3,3;3;3;3;3
5295,3,3;3;3;3;3
5300,3,3;3;3;3;3
5305,3,3;3;3;3;3
5310,3,3;3;3;3;3
5315,3,3;3;3;3;3
5320,3,3;3;3;3;3
5325,3,3;3;3;3;3
5330,3,3;3;3;3;3
5335,3,3;3;3;3;3
5340,3,3;3;3;3;3
5345,3,3;3;3;3;3
5350,3,3;3;3;3;3
5355,3,3;3;3;3;3
5360,3,3;3;3;3;3
5365,3,3;3;3;3;3
5370,3,3;3;3;3;3
5375,3,3;3;3;3;3
5380,3,3;3;3;3;3
5385,3,3;3;3;3;3
5390,3,3;3;3;3;3
5395,3,3;3;3;3;3
5400,3,3;3;3;3;3
5405,3,3;3;3;3;3
5410,3,3;3;3;3;3
5415,3,3;3;3;3;3
5420,3,3;3;3;3;3
5425,3,3;3;3;3;3
5430,3,3;3;3;3;3
5435,3,3;3;3;3;3
5440,3,3;3;3;3;3
5445,3,3;3;3;3;3
5450,3,3;3;3;3;3
5455,3,3;3;3;3;3
5460,3,3;3;3;3;3
5465,3,3;3;3;3;3
5470,3,3;3;3;3;3
5475,3,3;3;3;3;3
5480,3,3;3;3;3;3
5485,3,3;3;3;3;3
5490,3,3;3;3;3;3
5495,3,3;3;3;3;3
5500,3,3;3;3;3;3
5505,3,3;3;3;3;3
5510,3,3;3;3;3;3
5515,3,3;3;3;3;3
5520,3,3;3;3;3;3
5525,3,3;3;3;3;3
5530,3,3;3;3;3;3
5535,3,3;3;3;3;3
5540,3,3;3;3;3;3
5545,3,3;3;3;3;3
5550,3,3;3;3;3;3
5555,3,3;3;3;3;3
5560,3,3;3;3;3;3
5565,3,3;3;3;3;3
5570,3,3;3;3;3;3
5575,3,3;3;3;3;3
5580,3,3;3;3;3;3
5585,3,3;3;3;3;3
5590,3,3;3;3;3;3
5595,3,3;3;3;3;3
5600,3,3;3;3;3;3
5605,3,3;3;3;3;3
5610,3,3;3;3;3;3
5615,3,3;3;3;3;3
5620,3,3;3;3;3;3
5625,3,3;3;3;3;3
5630,3,3;3;3;3;3
5635,3,3;3;3;3;3
5640,3,3;3;3;3;3
5645,3,3;3;3;3;3
5650,3,3;3;3;3;3
5655,3,3;3;3;3;3
5660,3,3;3;3;3;3
5665,3,3;3;3;3;3
5670,3,3;3;3;3;3
5675,3,3;3;3;3;3
5680,3,3;3;3;3;3
5685,3,3;3;3;3;3
5690,3,3;3;3;3;3
5695,3,3;3;3;3;3
5700,3,3;3;3;3;3
5705,3,3;3;3;3;3
5710,3,3;3;3;3;3
5715,3,3;3;3;3;3
5720,3,3;3;3;3;3
5725,3,3;3;3;3;3
5730,3,3;3;3;3;3
5735,3,3;3;3;3;3
5740,3,3;3;3;3;3
5745,3,3;3;3;3;3
5750,3,3;3;3;3;3
5755,3,3;3;3;3;3
5760,3,3;3;3;3;3
5765,3,3;3;3;3;3
5770,3,3;3;3;3;3
5775,3,3;3;3;3;3
5780,3,3;3;3;3;3
5785,3,3;3;3;3;3
5790,3,3;3;3;3;3
5795,3,3;3;3;3;3
5800,3,3;3;3;3;3
5805,3,3;3;3;3;3
5810,3,3;3;3;3;3
5815,3,3;3;3;3;3
5820,3,3;3;3;3;3
5825,3,3;3;3;3;3
5830,3,3;3;3;3;3
5835,3,3;3;3;3;3
5840,3,3;3;3;3;3
5845,3,3;3;3;3;3
5850,3,3;3;3;3;3
5855,3,3;3;3;3;3
5860,3,3;3;3;3;3
5865,3,3;3;3;3;3
5870,3,3;3;3;3;3
5875,3,3;3;3;3;3
5880,3,3;3;3;3;3
5885,3,3;3;3;3;3
5890,3,3;3;3;3;3
5895,3,3;3;3;3;3
5900,3,3;3;3;3;3
5905,3,3;3;3;3;3
5910,3,3;3;3;3;3
5915,3,3;3;3;3;3
5920,3,3;3;3;3;3
5925,3,3;3;3;3;3
5930,3,3;3;3;3;3
5935,3,3;3;3;3;3
5940,3,3;3;3;3;3
5945,3,3;3;3;3;3
5950,3,3;3;3;3;3
5955,3,3;3;3;3;3
5960,3,3;3;3;3;3
5965,3,3;3;3;3;3
5970,3,3;3;3;3;3
5975,3,3;3;3;3;3
5980,3,3;3;3;3;3
5985,3,3;3;3;3;3
5990,3,3;3;3;3;3
5995,3,3;3;3;3;3
6000,3,3;3;3;3;3
6005,3,3;3;3;3;3
6010,3,3;3;3;3;3
6015,3,3;3;3;3;3
6020,3,3;3;3;3;3
6025,3,3;3;3;3;3
6030,3,3;3;3;3;3
6035,3,3;3;3;3;3
6040,3,3;3;3;3;3
6045,3,3;3;3;3;3
6050,3,3;3;3;3;3
6055,3,3;3;3;3;3
6060,3,3;3;3;3;3
6065,3,3;3;3;3;3
6070,3,3;3;3;3;3
6075,3,3;3;3;3;3
6080,3,3;3;3;3;3
6085,3,3;3;3;3;3
6090,3,3;3;3;3;3
6095,3,3;3;3;3;3
6100,3,3;3;3;3;3
6105,3,3;3;3;3;3
6110,3,3;3;3;3;3
6115,3,3;3;3;3;3
6120,3,3;3;3;3;3
6125,3,3;3;3;3;3
6130,3,3;3;3;3;3
6135,3,3;3;3;3;3
6140,3,3;3;3;3;3
6145,3,3;3;3;3;3
6150,3,3;3;3;3;3
6155,3,3;3;3;3;3
6160,3,3;3;3;3;3
6165,3,3;3;3;3;3
6170,3,3;3;3;3;3
6175,3,3;3;3;3;3
6180,3,3;3;3;3;3
6185,3,3;3;3;3;3
6190,3,3;3;3;3;3
6195,3,3;3;3;3;3
6200,3,3;3;3;3;3
6205,3,3;3;3;3;3
6210,3,3;3;3;3;3
6215,3,3;3;3;3;3
6220,3,3;3;3;3;3
6225,3,3;3;3;3;3
6230,3,3;3;3;3;3
6235,3,3;3;3;3;3
6240,3,3;3;3;3;3
6245,3,3;3;3;3;3
6250,3,3;3;3;3;3
6255,3,3;3;3;3;3
6260,3,3;3;3;3;3
6265,3,3;3;3;3;3
6270,3,3;3;3;3;3
6275,3,3;3;3;3;3
6280,3,3;3;3;3;3
6285,3,3;3;3;3;3
6290,3,3;3;3;3;3
6295,3,3;3;3;3;3
6300,3,3;3;3;3;3
6305,3,3;3;3;3;3
6310,3,3;3;3;3;3
6315,3,3;3;3;3;3
6320,3,3;3;3;3;3
6325,3,3;3;3;3;3
6330,3,3;3;3;3;3
6335,3,3;3;3;3;3
6340,3,3;3;3;3;3
6345,3,3;3;3;3;3
6350,3,3;3;3;3;3
6355,3,3;3;3;3;3
6360,3,3;3;3;3;3
6365,3,3;3;3;3;3
6370,3,3;3;3;3;3
6375,3,3;3;3;3;3
6380,3,3;3;3;3;3
6385,3,3;3;3;3;3
6390,3,3;3;3;3;3
6395,3,3;3;3;3;3
6400,3,3;3;3;3;3
6405,3,3;3;3;3;3
6410,3,3;3;3;3;3
6415,3,3;3;3;3;3
6420,3,3;3;3;3;3
6425,3,3;3;3;3;3
6430,3,3;3;3;3;3
6435,3,3;3;3;3;3
6440,3,3;3;3;3;3
6445,3,3;3;3;3;3
6450,3,3;3;3;3;3
6455,3,3;3;3;3;3
6460,3,3;3;3;3;3
6465,3,3;3;3;3;3
6470,3,3;3;3;3;3
6475,3,3;3;3;3;3
6480,3,3;3;3;3;3
6485,3,3;3;3;3;3
6490,3,3;3;3;3;3
6495,3,3;3;3;3;3
6500,3,3;3;3;3;3
6505,3,3;3;3;3;3
6510,3,3;3;3;3;3
6515,3,3;3;3;3;3
6520,3,3;3;3;3;3
6525,3,3;3;3;3;3
6530,3,3;3;3;3;3
6535,3,3;3;3;3;3
6540,3,3;3;3;3;3
6545,3,3;3;3;3;3
6550,3,3;3;3;3;3
6555,3,3;3;3;3;3
6560,3,3;3;3;3;3
6565,3,3;3;3;3;3
6570,3,3;3;3;3;3
6575,3,3;3;3;3;3
6580,3,3;3;3;3;3
6585,3,3;3;3;3;3
6590,3,3;3;3;3;3
6595,3,3;3;3;3;3
6600,3,3;3;3;3;3
6605,3,3;3;3;3;3
6610,3,3;3;3;3;3
6615,3,3;3;3;3;3
6620,3,3;3;3;3;3
6625,3,3;3;3;3;3
6630,3,3;3;3;3;3
6635,3,3;3;3;3;3
6640,3,3;3;3;3;3
6645,3,3;3;3;3;3
6650,3,3;3;3;3;3
6655,3,3;3;3;3;3
6660,3,3;3;3;3;3
6665,3,3;3;3;3;3
6670,3,3;3;3;3;3
6675,3,3;3;3;3;3
6680,3,3;3;3;3;3
6685,3,3;3;3;3;3
6690,3,3;3;3;3;3
6695,3,3;3;3;3;3
6700,3,3;3;3;3;3
6705,3,3;3;3;3;3
6710,3,3;3;3;3;3
6715,3,3;3;3;3;3
6720,3,3;3;3;3;3
6725,3,3;3;3;3;3
